geneId	readCount	Coverage	FPKM	TPM
AT3G58020	14	0.742798	6.029419	7.791798
AT4G05020	12	0.322504	2.513526	3.248221
AT2G22170	97	6.463986	45.127899	58.318634
AT3G27325	54	0.927640	6.778199	8.759443
AT3G07910	89	8.960958	62.560349	80.846527
AT2G24710	0	0.0	0.0	0.0
AT5G05020	2	0.171098	1.194510	1.543661
AT2G35730	0	0.0	0.0	0.0
AT3G04005	0	0.0	0.0	0.0
AT3G04550	179	9.420083	65.765709	84.988792
AT5G09465	0	0.0	0.0	0.0
AT5G09515	1	0.691916	4.830567	6.242525
AT1G78590	34	1.525287	10.648693	13.761270
AT4G12820	0	0.000000	0.000000	0.000000
AT3G50010	0	0.000000	0.000000	0.000000
AT4G09465	0	0.0	0.0	0.0
AT4G09515	0	0.0	0.0	0.0
AT3G56820	18	0.816686	5.938919	7.674845
AT2G17860	0	0.0	0.0	0.0
AT2G05815	0	0.0	0.0	0.0
AT1G08623	0	0.0	0.0	0.0
AT4G36515	2	0.168432	1.175897	1.519608
AT1G14020	25	0.993028	6.932761	8.959184
AT2G41930	0	0.0	0.0	0.0
AT5G63080	20	0.877504	6.306743	8.150182
AT2G35170	0	0.000000	0.000000	0.000000
AT4G28485	0	0.000000	0.000000	0.000000
AT2G47890	47	1.314016	9.893294	12.785071
AT4G11040	0	0.000000	0.000000	0.000000
AT3G47675	112	1.928042	20.863071	26.961275
AT1G09837	0	0.000000	0.000000	0.000000
AT1G50180	0	0.000000	0.000000	0.000000
AT1G01430	65	2.432052	16.979214	21.942181
AT2G22730	4	0.151398	1.283474	1.658629
AT3G05985	0	0.0	0.0	0.0
AT5G11040	39	0.745169	5.241600	6.773701
AT4G19485	0	0.0	0.0	0.0
AT5G45850	0	0.0	0.0	0.0
AT1G69680	17	0.969941	7.301535	9.435749
AT2G30460	35	1.317108	10.767713	13.915078
AT5G52620	0	0.0	0.0	0.0
AT3G16620	0	0.000000	0.000000	0.000000
AT5G17100	0	0.0	0.0	0.0
AT2G24650	23	0.491407	3.561761	4.602851
AT5G24970	0	0.000000	0.000000	0.000000
AT5G41110	10	0.248123	1.817498	2.348747
AT1G74660	1	0.048429	0.552539	0.714044
AT1G79330	3	0.136995	0.956422	1.235981
AT5G19485	42	1.051681	7.342244	9.488356
AT4G33550	1	0.070221	0.611015	0.789613
AT4G17100	121	5.582069	39.587631	51.158958
AT4G08267	0	0.0	0.0	0.0
AT1G03700	0	0.0	0.0	0.0
AT3G27640	15	0.613154	4.294036	5.549169
AT4G24970	23	0.629363	4.530295	5.854486
AT2G20190	103	1.673523	11.695503	15.114059
AT5G65330	0	0.0	0.0	0.0
AT5G54470	11	0.699653	4.884583	6.312329
AT4G17620	35	1.423077	9.955542	12.865512
AT1G03410	0	0.000000	0.000000	0.000000
AT5G26640	0	0.0	0.0	0.0
AT5G39910	0	0.0	0.0	0.0
AT1G03560	14	0.468349	3.269749	4.225485
AT5G52100	96	5.846743	42.377369	54.764130
AT3G43540	47	2.293432	16.011448	20.691540
AT2G43910	419	20.387434	175.042953	226.207413
AT5G17620	11	0.624730	4.396280	5.681297
AT3G16100	71	5.733064	40.025021	51.724194
AT1G75370	105	3.350402	23.724760	30.659428
AT5G40950	864	72.686317	507.454834	655.782166
AT2G40670	20	0.736513	5.149354	6.654492
AT4G24413	0	0.0	0.0	0.0
AT1G53325	0	0.0	0.0	0.0
AT4G26640	38	0.709388	8.159058	10.543921
AT4G39910	51	1.905078	16.523279	21.352976
AT1G30070	42	2.281077	18.157227	23.464523
AT2G42300	33	0.614138	5.106704	6.599376
AT1G61880	0	0.0	0.0	0.0
AT2G39130	59	1.945550	15.419982	19.927189
AT3G50665	0	0.0	0.0	0.0
AT1G08103	0	0.000000	0.000000	0.000000
AT2G15327	0	0.0	0.0	0.0
AT5G00775	0	0.000000	0.000000	0.000000
AT5G24206	0	0.000000	0.000000	0.000000
AT5G43130	52	1.317542	9.477439	12.247662
AT1G13840	0	0.0	0.0	0.0
AT3G22580	0	0.000000	0.000000	0.000000
AT4G34890	46	0.819321	5.720037	7.391984
AT5G57820	0	0.000000	0.000000	0.000000
AT1G32583	5	0.187564	1.309466	1.692218
AT5G59040	0	0.0	0.0	0.0
AT1G21202	0	0.000000	0.000000	0.000000
AT1G61540	0	0.0	0.0	0.0
AT2G02680	0	0.0	0.0	0.0
AT2G20320	44	0.892459	6.268003	8.100119
AT5G02795	0	0.000000	0.000000	0.000000
AT5G03955	0	0.0	0.0	0.0
AT2G19310	51	3.629964	25.342361	32.749847
AT2G14255	42	1.538891	11.614631	15.009547
AT3G03890	60	2.506835	17.687292	22.857227
AT5G64520	9	0.283913	3.141883	4.060245
AT4G03955	1	0.068421	0.477677	0.617300
AT1G13580	19	0.748980	5.853082	7.563918
AT1G32090	62	1.701833	12.249879	15.830476
AT3G22840	0	0.000000	0.000000	0.000000
AT5G17345	0	0.0	0.0	0.0
AT2G28310	57	2.668230	19.653370	25.397984
AT2G08925	0	0.0	0.0	0.0
AT2G24400	0	0.0	0.0	0.0
AT5G43770	0	0.000000	0.000000	0.000000
AT4G06910	0	0.0	0.0	0.0
AT2G42690	170	6.751624	47.906067	61.908848
AT1G53640	0	0.0	0.0	0.0
AT5G42785	0	0.0	0.0	0.0
AT5G35927	0	0.000000	0.000000	0.000000
AT3G43880	0	0.0	0.0	0.0
AT2G39770	207	7.563071	69.595665	89.938240
AT1G08930	196	7.489923	55.196735	71.330551
AT5G06910	15	0.974316	6.802125	8.790362
AT5G06480	10	0.692743	5.831084	7.535490
AT3G55190	0	0.000000	0.000000	0.000000
AT1G15720	6	0.312999	2.185183	2.823904
AT4G08190	0	0.0	0.0	0.0
AT2G45290	15	0.321684	2.452313	3.169116
AT2G44340	0	0.0	0.0	0.0
AT1G19390	0	0.0	0.0	0.0
AT3G61990	0	0.000000	0.000000	0.000000
AT5G51915	0	0.000000	0.000000	0.000000
AT1G76870	4	0.152514	1.487849	1.922742
AT3G09625	0	0.000000	0.000000	0.000000
AT3G53611	0	0.000000	0.000000	0.000000
AT5G08190	22	1.516408	11.436010	14.778717
AT3G47350	0	0.000000	0.000000	0.000000
AT1G59800	0	0.0	0.0	0.0
AT3G54530	0	0.0	0.0	0.0
AT2G32010	24	0.518086	4.373653	5.652057
AT5G46490	21	0.503606	3.657497	4.726572
AT1G13960	14	0.423821	3.384188	4.373375
AT1G78070	30	0.627733	5.072313	6.554933
AT1G51120	0	0.0	0.0	0.0
AT1G28390	2	0.061472	0.472078	0.610064
AT5G47250	11	0.254078	1.773829	2.292313
AT1G65920	9	0.177109	1.253126	1.619410
AT5G36240	0	0.0	0.0	0.0
AT3G25719	0	0.0	0.0	0.0
AT1G06377	0	0.0	0.0	0.0
AT5G48180	46	2.120301	14.802746	19.129538
AT5G54140	11	0.405951	3.024791	3.908927
AT4G36240	21	1.299677	9.073612	11.725797
AT1G70200	160	6.303810	44.009644	56.873512
AT4G04720	48	1.288514	12.164090	15.719613
AT4G16510	23	0.964817	6.735807	8.704661
AT4G16460	0	0.0	0.0	0.0
AT2G22440	0	0.0	0.0	0.0
AT1G21950	0	0.0	0.0	0.0
AT3G46030	195	20.765076	144.970047	187.344284
AT3G22960	273	9.650266	67.372711	87.065521
AT1G19600	47	2.354717	16.439304	21.244457
AT1G01740	0	0.000000	0.000000	0.000000
AT2G03490	0	0.0	0.0	0.0
AT4G09240	0	0.0	0.0	0.0
AT5G67180	15	0.628649	5.046245	6.521245
AT5G04720	42	1.125599	8.093740	10.459511
AT5G16510	33	1.610738	12.623965	16.313906
AT5G16460	0	0.0	0.0	0.0
AT3G52460	1	0.053441	0.373095	0.482149
AT1G51450	0	0.000000	0.000000	0.000000
AT3G52510	0	0.0	0.0	0.0
AT2G34030	0	0.0	0.0	0.0
AT2G25010	9	0.332995	2.417922	3.124673
AT5G09240	39	2.489133	23.985491	30.996367
AT3G05705	0	0.0	0.0	0.0
AT1G18530	0	0.000000	0.000000	0.000000
AT2G29525	0	0.000000	0.000000	0.000000
AT5G13000	304	3.783868	26.733202	34.547226
AT1G28600	170	6.239521	59.180553	76.478828
AT3G09340	0	0.0	0.0	0.0
AT4G39480	0	0.0	0.0	0.0
AT4G14104	0	0.000000	0.000000	0.000000
AT2G43480	0	0.000000	0.000000	0.000000
AT2G42475	0	0.0	0.0	0.0
AT3G24800	24	1.190387	8.310611	10.739774
AT3G48830	0	0.000000	0.000000	0.000000
AT1G29530	45	2.767547	20.069380	25.935591
AT4G13000	3	0.152355	1.063657	1.374560
AT1G03980	0	0.0	0.0	0.0
AT4G13555	0	0.0	0.0	0.0
AT5G39480	0	0.0	0.0	0.0
AT2G15260	0	0.0	0.0	0.0
AT2G07215	0	0.0	0.0	0.0
AT1G49360	9	0.338772	2.652799	3.428203
AT1G11800	9	0.408923	2.854870	3.689338
AT4G31248	0	0.000000	0.000000	0.000000
AT5G55220	245	7.397878	66.747589	86.257675
AT1G47810	0	0.0	0.0	0.0
AT2G03350	40	3.694021	25.789570	33.327774
AT1G51390	9	0.410543	3.352122	4.331936
AT1G28120	58	2.838353	22.624752	29.237890
AT1G25570	60	1.719336	12.077507	15.607720
AT4G00310	11	0.513016	3.801210	4.912291
AT3G08220	0	0.000000	0.000000	0.000000
AT1G30590	92	2.207558	15.854171	20.488291
AT5G08320	26	1.801826	14.571054	18.830122
AT2G17940	0	0.0	0.0	0.0
AT3G17510	42	1.113055	10.147007	13.112943
AT2G05752	0	0.0	0.0	0.0
AT3G17460	2	0.134811	0.941174	1.216276
AT5G14895	1	0.071845	0.501581	0.648192
AT3G62630	108	5.226691	36.489803	47.155655
AT5G47030	323	21.031759	146.831879	189.750336
AT4G08320	29	1.329873	9.300767	12.019348
AT1G61215	14	0.440678	3.463756	4.476200
AT4G28915	0	0.0	0.0	0.0
AT3G14950	0	0.000000	0.000000	0.000000
AT3G02045	0	0.000000	0.000000	0.000000
AT3G55320	29	0.476081	3.323729	4.295243
AT2G21380	295	4.522911	39.969273	51.652153
AT1G45545	0	0.000000	0.000000	0.000000
AT2G26920	33	1.140189	7.960156	10.286882
AT1G19120	32	3.330035	23.248425	30.043861
AT2G06315	0	0.0	0.0	0.0
AT1G20110	74	2.294141	16.479897	21.296913
AT3G59790	0	0.000000	0.000000	0.000000
AT3G20080	0	0.000000	0.000000	0.000000
AT1G62422	11	0.660641	4.612223	5.960360
AT1G19450	121	4.551936	31.779049	41.067955
AT2G34250	467	15.822731	125.956169	162.772736
AT5G08645	0	0.0	0.0	0.0
AT1G51600	24	1.078107	7.526735	9.726773
AT3G47490	63	2.037813	30.101562	38.900146
AT1G60820	0	0.000000	0.000000	0.000000
AT1G32570	0	0.0	0.0	0.0
AT1G80360	50	1.610886	13.559443	17.522821
AT3G09105	0	0.000000	0.000000	0.000000
AT5G46350	16	0.906909	6.331527	8.182211
AT1G28450	0	0.0	0.0	0.0
AT5G37340	4	0.128428	0.960150	1.240798
AT5G42905	0	0.0	0.0	0.0
AT4G21705	14	0.603857	4.215788	5.448050
AT1G63055	0	0.000000	0.000000	0.000000
AT1G68810	25	1.016888	7.099338	9.174451
AT3G07480	153	10.906334	76.141869	98.397881
AT4G37340	0	0.0	0.0	0.0
AT3G15585	0	0.0	0.0	0.0
AT1G63500	100	3.074403	21.463747	27.737526
AT1G07277	0	0.0	0.0	0.0
AT5G66830	3	0.153793	1.073696	1.387534
AT1G77780	0	0.0	0.0	0.0
AT4G05205	0	0.0	0.0	0.0
AT4G36570	39	3.764706	26.283052	33.965500
AT5G21140	0	0.000000	0.000000	0.000000
AT1G49760	319	9.637121	67.306435	86.979881
AT4G16095	0	0.0	0.0	0.0
AT3G59450	0	0.0	0.0	0.0
AT1G24120	37	1.506447	11.047005	14.276007
AT5G05205	0	0.0	0.0	0.0
AT5G65440	31	0.578681	4.405760	5.693550
AT3G26237	0	0.000000	0.000000	0.000000
AT3G09740	100	5.450512	40.691067	52.584927
AT4G00400	89	3.438647	24.871798	32.141739
AT1G06953	0	0.0	0.0	0.0
AT3G11600	7	0.469518	3.277910	4.236032
AT5G41260	70	2.315308	16.164175	20.888906
AT4G21140	17	1.163139	8.120379	10.493939
AT1G79440	82	2.920982	21.445791	27.714321
AT1G06137	0	0.0	0.0	0.0
AT3G47610	15	0.569141	4.115187	5.318041
AT3G04220	0	0.0	0.0	0.0
AT5G04320	42	1.574953	11.412295	14.748070
AT5G29624	0	0.0	0.0	0.0
AT4G27000	195	8.370490	60.456509	78.127739
AT2G30575	23	0.629834	4.939540	6.383351
AT3G21530	6	0.195364	1.629292	2.105529
AT5G10336	0	0.0	0.0	0.0
AT3G05305	0	0.0	0.0	0.0
AT5G27000	0	0.000000	0.000000	0.000000
AT4G04320	48	1.956074	13.656205	17.647867
AT3G18950	4	0.148649	1.037784	1.341124
AT2G06405	0	0.0	0.0	0.0
AT1G01340	12	0.327997	2.412016	3.117040
AT1G62830	25	0.724781	5.060012	6.539036
AT1G06777	0	0.0	0.0	0.0
AT3G07975	0	0.0	0.0	0.0
AT4G04645	0	0.0	0.0	0.0
AT1G14205	0	0.000000	0.000000	0.000000
AT1G76280	21	0.460313	3.636072	4.698883
AT3G51800	444	20.142534	158.187683	204.425385
AT2G38250	0	0.0	0.0	0.0
AT3G60620	47	1.781879	13.431675	17.357708
AT5G64030	99	2.472603	17.262320	22.308035
AT2G03567	0	0.0	0.0	0.0
AT3G51644	0	0.000000	0.000000	0.000000
AT1G69990	0	0.0	0.0	0.0
AT3G11390	0	0.0	0.0	0.0
AT1G28790	0	0.000000	0.000000	0.000000
AT2G37180	23	1.445082	10.088747	13.037653
AT2G01630	0	0.000000	0.000000	0.000000
AT2G40060	219	15.570792	108.706490	140.481018
AT1G57510	0	0.0	0.0	0.0
AT1G57460	0	0.0	0.0	0.0
AT1G24450	7	0.411348	3.109476	4.018365
AT3G47750	0	0.000000	0.000000	0.000000
AT1G30660	0	0.0	0.0	0.0
AT1G80500	177	11.984707	83.670456	108.127052
AT5G11290	0	0.0	0.0	0.0
AT3G05695	0	0.0	0.0	0.0
AT5G09570	0	0.0	0.0	0.0
AT4G33220	187	4.171709	30.410797	39.299770
AT1G54950	0	0.0	0.0	0.0
AT1G15320	0	0.0	0.0	0.0
AT1G64810	26	1.062371	7.927679	10.244912
AT1G27960	10	0.274877	2.295782	2.966832
AT2G44740	28	1.858854	12.977469	16.770741
AT4G11290	55	3.283582	22.924116	29.624758
AT5G54067	0	0.0	0.0	0.0
AT3G59120	0	0.000000	0.000000	0.000000
AT1G19790	0	0.0	0.0	0.0
AT1G63360	39	0.793252	5.538038	7.156787
AT4G09570	51	2.212598	15.447111	19.962248
AT2G03610	0	0.0	0.0	0.0
AT4G04190	11	0.824248	5.887228	7.608045
AT4G37740	21	0.797053	5.564574	7.191080
AT3G59600	87	6.762512	47.212044	61.011963
AT5G05530	0	0.0	0.0	0.0
AT1G77380	0	0.000000	0.000000	0.000000
AT1G80760	18	1.074348	7.500492	9.692860
AT5G46750	73	3.640202	25.413836	32.842213
AT1G12460	21	0.465777	3.251792	4.202280
AT5G37740	6	0.359121	2.736723	3.536658
AT5G04190	8	0.335821	2.344513	3.029806
AT4G00650	10	0.339963	2.419312	3.126468
AT3G11450	168	5.313562	37.096291	47.939411
AT1G12510	0	0.0	0.0	0.0
AT3G58530	0	0.000000	0.000000	0.000000
AT1G67630	18	0.661939	4.621284	5.972070
AT4G05530	51	2.986706	20.851496	26.946318
AT1G25240	0	0.0	0.0	0.0
AT4G06975	0	0.0	0.0	0.0
AT1G74070	57	2.574812	18.815792	24.315584
AT1G24390	0	0.000000	0.000000	0.000000
AT3G05140	0	0.000000	0.000000	0.000000
AT1G07887	0	0.000000	0.000000	0.000000
AT1G18486	0	0.000000	0.000000	0.000000
AT5G06975	0	0.000000	0.000000	0.000000
AT1G45160	64	1.176511	8.404979	10.861725
AT2G06655	0	0.000000	0.000000	0.000000
AT5G44180	55	0.709154	4.950913	6.398048
AT3G28857	7	0.564215	3.939031	5.090396
AT3G60100	0	0.0	0.0	0.0
AT5G58140	281	3.137340	24.176064	31.242643
AT1G03475	470	20.603733	150.363220	194.313873
AT3G26000	0	0.000000	0.000000	0.000000
AT1G15190	0	0.0	0.0	0.0
AT1G02480	0	0.0	0.0	0.0
AT3G55720	0	0.0	0.0	0.0
AT2G21780	0	0.0	0.0	0.0
AT1G09003	0	0.000000	0.000000	0.000000
AT1G07547	0	0.000000	0.000000	0.000000
AT3G59390	0	0.000000	0.000000	0.000000
AT5G08720	21	0.649215	4.532453	5.857273
AT5G38396	0	0.0	0.0	0.0
AT5G64250	32	1.342234	11.148850	14.407621
AT2G38030	0	0.0	0.0	0.0
AT2G42980	5	0.205634	1.435621	1.855247
AT3G19800	60	4.796810	34.074928	44.034912
AT1G14530	0	0.000000	0.000000	0.000000
AT3G53960	22	0.802098	5.599795	7.236597
AT1G51790	14	0.270344	2.207321	2.852513
AT4G06536	0	0.0	0.0	0.0
AT3G11120	728	158.600815	1107.261475	1430.910156
AT1G24600	0	0.000000	0.000000	0.000000
AT2G36830	612	39.564270	276.215424	356.952240
AT1G48630	300	16.740740	116.874397	151.036392
AT5G46610	0	0.0	0.0	0.0
AT1G32240	12	0.361872	2.612886	3.376624
AT4G00710	79	2.030884	15.238651	19.692858
AT5G59290	108	4.158099	34.660583	44.791759
AT1G49500	126	7.017507	56.374676	72.852791
AT3G44830	0	0.0	0.0	0.0
AT2G23940	38	2.746036	19.171274	24.774971
AT3G23510	0	0.000000	0.000000	0.000000
AT3G23460	0	0.000000	0.000000	0.000000
AT2G03750	90	4.806452	33.555935	43.364220
AT2G02990	12	0.730208	5.921751	7.652659
AT2G15110	0	0.0	0.0	0.0
AT1G79730	56	0.940283	6.876498	8.886475
AT2G07165	0	0.0	0.0	0.0
AT3G49925	0	0.000000	0.000000	0.000000
AT1G03300	0	0.000000	0.000000	0.000000
AT5G02125	0	0.000000	0.000000	0.000000
AT3G09430	0	0.000000	0.000000	0.000000
AT4G36090	31	0.940467	7.923079	10.238966
AT5G65730	67	3.630612	25.346884	32.755692
AT1G36622	0	0.0	0.0	0.0
AT3G53580	159	8.637168	60.299831	77.925270
AT2G42560	0	0.0	0.0	0.0
AT2G42410	0	0.0	0.0	0.0
AT4G23100	283	8.093749	65.814400	85.051712
AT5G15930	27	1.314975	9.203195	11.893256
AT3G13640	0	0.000000	0.000000	0.000000
AT5G66053	0	0.000000	0.000000	0.000000
AT2G22330	44	1.567158	10.941013	14.139033
AT5G47520	22	1.168056	8.154708	10.538301
AT5G38890	24	2.037393	14.223929	18.381535
AT2G45040	0	0.0	0.0	0.0
AT5G23100	4	0.183417	1.280514	1.654804
AT4G15930	55	3.756202	38.463589	49.706367
AT3G61680	0	0.000000	0.000000	0.000000
AT1G02910	94	3.391818	30.825724	39.835979
AT4G38890	52	1.760510	12.290887	15.883471
ATMG00620	0	0.0	0.0	0.0
AT2G19400	21	0.677365	4.892981	6.323183
AT1G34200	16	0.689122	4.811061	6.217318
AT4G07805	0	0.0	0.0	0.0
AT1G22640	17	0.941470	6.976144	9.015246
AT3G22436	3	0.825826	5.765451	7.450673
AT5G65170	4	0.132254	0.923323	1.193207
AT2G33080	0	0.0	0.0	0.0
AT1G56100	0	0.000000	0.000000	0.000000
AT4G21470	48	2.367738	17.607557	22.754187
AT5G07805	0	0.0	0.0	0.0
AT5G51970	83	2.834375	25.132059	32.478073
AT1G79170	0	0.000000	0.000000	0.000000
AT2G24310	1	0.007610	0.053129	0.068658
AT5G13225	1	0.509167	3.554717	4.593748
AT1G43680	0	0.0	0.0	0.0
AT2G04925	0	0.0	0.0	0.0
AT2G35330	22	0.615196	4.294951	5.550351
AT1G73850	7	0.202561	1.423557	1.839657
AT2G28400	3	0.184034	1.284822	1.660370
AT2G44430	14	0.431055	3.220341	4.161635
AT5G09090	0	0.0	0.0	0.0
AT1G71691	0	0.000000	0.000000	0.000000
AT1G04930	7	0.337064	2.536900	3.278427
AT3G53840	0	0.0	0.0	0.0
AT5G38344	0	0.0	0.0	0.0
AT5G02455	0	0.000000	0.000000	0.000000
AT5G60510	0	0.0	0.0	0.0
AT4G09090	0	0.0	0.0	0.0
AT5G60460	22	1.198013	8.363851	10.808576
AT3G02295	0	0.000000	0.000000	0.000000
AT5G50630	27	1.148450	8.017830	10.361414
AT3G54020	17	0.791922	5.528752	7.144788
AT2G39370	0	0.000000	0.000000	0.000000
AT3G63052	1	0.183417	1.280514	1.654804
AT5G55550	15	0.383438	3.440200	4.445759
AT5G37430	0	0.0	0.0	0.0
AT1G27580	0	0.000000	0.000000	0.000000
AT3G23245	0	0.0	0.0	0.0
AT2G28710	0	0.000000	0.000000	0.000000
AT3G10180	17	0.311017	2.171345	2.806022
AT5G43370	0	0.0	0.0	0.0
AT4G37430	0	0.000000	0.000000	0.000000
AT3G08005	0	0.000000	0.000000	0.000000
AT3G11964	106	1.380726	9.648924	12.469271
AT3G08550	60	1.928485	13.463594	17.398956
AT1G56620	0	0.0	0.0	0.0
AT1G74590	0	0.000000	0.000000	0.000000
AT3G43270	27	0.953405	6.656136	8.601702
AT1G20735	0	0.0	0.0	0.0
AT3G06805	0	0.0	0.0	0.0
AT4G30064	0	0.0	0.0	0.0
AT2G20720	0	0.000000	0.000000	0.000000
AT1G75130	17	0.766453	5.350943	6.915005
AT5G02395	0	0.0	0.0	0.0
AT2G19710	27	0.622305	4.483366	5.793839
AT1G68875	0	0.0	0.0	0.0
AT3G01311	0	0.0	0.0	0.0
AT5G48945	0	0.0	0.0	0.0
AT1G04623	0	0.0	0.0	0.0
AT2G19650	12	0.391089	2.730363	3.528438
AT1G61165	0	0.0	0.0	0.0
AT5G19970	0	0.0	0.0	0.0
AT5G55507	0	0.0	0.0	0.0
AT1G18020	11	0.205903	4.050531	5.234488
AT1G20260	304	10.845260	80.122963	103.542633
AT2G34520	51	4.064843	28.378443	36.673363
ATMG00100	0	0.000000	0.000000	0.000000
AT2G21900	0	0.000000	0.000000	0.000000
AT1G56345	9	0.455487	3.179953	4.109443
AT4G23620	30	1.759190	12.651827	16.349913
AT1G05562	10	0.338999	2.366700	3.058478
AT5G10830	0	0.000000	0.000000	0.000000
AT4G19970	0	0.000000	0.000000	0.000000
AT2G42700	11	0.279898	2.044479	2.642073
AT4G18692	0	0.0	0.0	0.0
AT3G26819	0	0.0	0.0	0.0
AT3G26932	29	0.899650	9.112903	11.776573
AT3G46520	0	0.000000	0.000000	0.000000
AT2G16835	0	0.0	0.0	0.0
AT4G28703	0	0.000000	0.000000	0.000000
AT1G75770	7	0.470696	3.635722	4.698431
AT5G04267	0	0.0	0.0	0.0
AT1G05287	0	0.000000	0.000000	0.000000
AT1G10010	0	0.0	0.0	0.0
AT2G28650	4	0.148892	1.039480	1.343316
AT3G05470	7	0.144497	1.050573	1.357652
AT1G29020	0	0.0	0.0	0.0
AT1G27840	8	0.297105	2.077382	2.684594
AT1G78660	58	2.850433	22.627111	29.240940
AT1G16820	0	0.000000	0.000000	0.000000
AT5G02605	0	0.000000	0.000000	0.000000
AT1G61270	0	0.0	0.0	0.0
AT5G58470	90	1.671059	17.493774	22.607145
AT3G09925	0	0.0	0.0	0.0
AT5G26860	56	1.285714	8.976130	11.599822
AT1G04778	0	0.000000	0.000000	0.000000
AT3G10320	0	0.000000	0.000000	0.000000
AT3G24255	0	0.000000	0.000000	0.000000
AT4G18210	5	0.141090	0.985011	1.272926
AT3G29310	18	0.636531	4.443900	5.742837
AT2G16225	0	0.0	0.0	0.0
AT5G38880	45	1.022165	7.136179	9.222059
AT1G06313	0	0.0	0.0	0.0
AT4G19060	25	1.421661	9.925236	12.826347
AT3G49430	93	2.961169	21.634554	27.958261
AT5G66005	25	1.236546	13.767782	17.792057
AT4G26860	95	5.983386	45.675255	59.025974
AT5G18210	0	0.000000	0.000000	0.000000
AT5G66550	41	2.740989	20.791706	26.869051
AT5G19060	0	0.0	0.0	0.0
AT3G61690	41	0.582866	4.329831	5.595425
AT1G16230	0	0.0	0.0	0.0
AT1G73020	25	0.733581	5.121449	6.618431
AT4G38880	0	0.0	0.0	0.0
AT5G23908	0	0.000000	0.000000	0.000000
AT3G14400	65	1.421988	12.965525	16.755302
AT4G28060	114	14.044961	98.053993	126.714836
AT2G02410	26	1.134626	8.691783	11.232361
AT3G50845	12	1.251692	8.738607	11.292872
AT2G02560	46	0.868646	6.073053	7.848186
AT1G52330	0	0.000000	0.000000	0.000000
AT1G21710	11	0.540377	3.772608	4.875328
AT4G10220	0	0.0	0.0	0.0
AT3G15548	0	0.0	0.0	0.0
AT3G18310	11	0.279094	1.948477	2.518010
AT4G29210	43	1.471729	10.274781	13.278065
AT4G36080	21	0.132284	0.923532	1.193478
AT5G07520	0	0.0	0.0	0.0
AT5G28060	712	66.183723	462.057434	597.115234
AT3G57170	35	0.823093	6.189106	7.998160
AT5G24355	0	0.0	0.0	0.0
AT5G29210	0	0.0	0.0	0.0
AT5G10220	0	0.0	0.0	0.0
AT5G36080	0	0.0	0.0	0.0
AT3G53590	0	0.000000	0.000000	0.000000
AT1G65620	5	0.146625	1.216124	1.571593
AT2G47270	7	0.573971	4.007141	5.178415
AT1G43690	71	2.226877	15.670685	20.251171
AT5G09080	0	0.0	0.0	0.0
AT1G64295	0	0.0	0.0	0.0
AT3G48208	0	0.0	0.0	0.0
AT3G22660	424	28.706779	200.414536	258.995026
AT1G21650	89	1.114473	14.191730	18.339922
AT4G09080	0	0.000000	0.000000	0.000000
AT3G61300	0	0.000000	0.000000	0.000000
AT2G26100	45	1.990960	13.899759	17.962612
AT1G19900	0	0.0	0.0	0.0
AT2G44925	0	0.0	0.0	0.0
AT1G03680	722	60.321838	421.133026	544.228821
AT1G53860	0	0.0	0.0	0.0
AT1G58400	0	0.0	0.0	0.0
AT5G01445	8	1.032258	7.206643	9.313121
ATCG01010	344	12.270326	85.664490	110.703934
AT5G61200	14	0.468477	5.049253	6.525133
AT5G44568	239	26.598886	185.698425	239.977417
AT3G57730	3	0.111679	0.779680	1.007578
AT5G38540	0	0.000000	0.000000	0.000000
AT2G04430	11	0.468458	3.451978	4.460979
AT1G54310	25	1.215322	9.061380	11.709991
AT1G28900	0	0.000000	0.000000	0.000000
AT3G29797	0	0.0	0.0	0.0
AT1G69700	59	5.162816	36.043869	46.579369
AT2G33090	0	0.0	0.0	0.0
AT1G12411	0	0.0	0.0	0.0
AT4G38540	0	0.000000	0.000000	0.000000
AT1G04425	15	1.397406	9.755899	12.607516
AT1G74580	1	0.018383	0.161180	0.208293
AT5G51060	0	0.0	0.0	0.0
AT1G43145	0	0.0	0.0	0.0
AT1G69410	0	0.000000	0.000000	0.000000
AT4G03370	0	0.0	0.0	0.0
AT1G69560	0	0.0	0.0	0.0
AT5G56730	0	0.000000	0.000000	0.000000
AT4G37925	97	7.665005	53.512741	69.154327
AT3G12730	5	0.277523	1.982993	2.562615
AT1G29850	105	5.500329	50.274555	64.969635
AT3G03165	0	0.0	0.0	0.0
AT3G48550	15	1.316854	9.193532	11.880770
AT5G02385	0	0.0	0.0	0.0
AT5G03370	32	1.990469	13.896332	17.958181
AT3G14650	101	3.745684	26.150251	33.793880
AT3G03270	22	0.808337	6.179269	7.985448
AT3G02285	0	0.000000	0.000000	0.000000
AT3G55254	0	0.0	0.0	0.0
AT1G23170	67	1.018494	7.257216	9.378476
AT2G26620	0	0.0	0.0	0.0
AT1G50720	0	0.0	0.0	0.0
AT2G17640	4	0.189610	1.323750	1.710678
AT3G10190	1	0.075648	0.528132	0.682503
AT5G28615	0	0.0	0.0	0.0
AT1G18850	26	1.204345	8.408057	10.865704
AT3G62930	7	1.018519	7.110725	9.189166
AT1G05297	0	0.000000	0.000000	0.000000
AT1G04347	0	0.000000	0.000000	0.000000
AT1G51900	0	0.0	0.0	0.0
AT5G08945	0	0.0	0.0	0.0
AT5G56170	123	7.222140	73.676498	95.211891
AT4G34270	41	1.851235	17.085165	22.079100
AT3G12170	5	0.305254	2.214218	2.861427
AT1G17330	30	1.449131	10.631442	13.738976
AT3G20240	28	1.395541	9.742880	12.590691
AT1G21400	21	0.539356	4.113881	5.316354
AT5G44582	13	1.797753	12.550897	16.219481
AT3G14710	0	0.0	0.0	0.0
AT3G06520	0	0.000000	0.000000	0.000000
AT4G28755	0	0.000000	0.000000	0.000000
AT5G53635	0	0.0	0.0	0.0
AT2G02700	0	0.0	0.0	0.0
AT1G74840	27	1.279350	8.931700	11.542405
AT3G45470	0	0.0	0.0	0.0
AT5G20340	0	0.0	0.0	0.0
AT3G54850	12	0.425067	2.967578	3.834991
AT1G23730	11	0.466112	4.154904	5.369368
AT2G46370	69	1.998531	16.335060	21.109741
AT3G27860	2	0.062420	0.474528	0.613231
AT4G20340	17	0.550420	4.549480	5.879278
AT4G38215	0	0.000000	0.000000	0.000000
AT5G40400	7	0.194697	1.474912	1.906024
AT4G22150	53	3.101859	21.949173	28.364841
AT2G08105	0	0.0	0.0	0.0
AT4G01260	0	0.0	0.0	0.0
AT2G36220	40	2.574241	17.971899	23.225023
AT1G09760	68	4.542932	31.716188	40.986721
AT5G22150	0	0.0	0.0	0.0
AT3G49740	1	0.025360	0.177049	0.228800
AT3G18775	0	0.000000	0.000000	0.000000
AT3G07610	45	0.753216	6.916551	8.938234
AT3G44220	5	0.334249	2.333538	3.015623
AT1G77120	11	0.468323	4.368690	5.645642
AT5G01260	22	0.815764	6.124639	7.914850
AT1G02350	9	0.733195	5.118754	6.614948
AT3G01360	11	0.322293	5.013201	6.478543
AT5G01175	12	0.942403	6.579326	8.502440
AT5G44320	97	3.513674	24.530489	31.700666
ATMG01300	1	0.177616	1.240015	1.602467
AT1G08437	0	0.000000	0.000000	0.000000
AT4G35420	12	0.831867	5.807626	7.505175
AT3G53070	0	0.0	0.0	0.0
AT4G31810	51	2.071392	14.461290	18.688276
AT4G03405	0	0.000000	0.000000	0.000000
AT3G05685	0	0.000000	0.000000	0.000000
AT4G08865	0	0.0	0.0	0.0
AT1G72800	2	0.106232	0.741652	0.958434
AT4G35150	0	0.0	0.0	0.0
AT5G11280	49	3.614884	25.237080	32.613792
AT1G08923	0	0.0	0.0	0.0
AT1G54775	0	0.0	0.0	0.0
AT5G03405	0	0.0	0.0	0.0
AT5G63240	0	0.0	0.0	0.0
AT2G41630	79	3.118670	30.945938	39.991333
AT4G11280	16	0.660609	4.612000	5.960071
AT5G08865	0	0.000000	0.000000	0.000000
AT1G19780	82	2.499000	17.983850	23.240469
AT1G76290	0	0.000000	0.000000	0.000000
AT3G07750	22	1.113245	7.978106	10.310079
AT3G63340	25	0.470029	3.484546	4.503067
AT5G22420	0	0.0	0.0	0.0
AT1G77450	0	0.000000	0.000000	0.000000
AT5G49570	53	1.670874	11.665099	15.074768
AT5G06065	0	0.0	0.0	0.0
AT4G01735	0	0.0	0.0	0.0
AT4G24670	23	0.511926	6.043941	7.810564
AT2G27460	29	0.879700	6.141569	7.936728
AT2G27510	35	2.748485	19.188372	24.797066
AT3G27940	0	0.000000	0.000000	0.000000
AT5G52920	334	11.999549	83.774078	108.260956
AT3G11380	0	0.0	0.0	0.0
AT2G37190	362	30.368034	212.012482	273.983002
AT3G16920	15	0.727668	5.080167	6.565083
AT1G28780	0	0.000000	0.000000	0.000000
AT2G04740	22	0.796103	5.557942	7.182509
AT2G45870	7	0.196759	2.001424	2.586433
AT1G69980	36	1.601914	15.688928	20.274746
AT2G33570	37	1.227197	8.941726	11.555361
AT3G57440	0	0.0	0.0	0.0
AT1G74960	155	4.614522	38.258415	49.441219
AT4G06065	0	0.0	0.0	0.0
AT5G01735	0	0.0	0.0	0.0
AT2G09220	0	0.000000	0.000000	0.000000
AT2G24950	0	0.0	0.0	0.0
AT5G24670	55	1.344648	11.437176	14.780224
AT5G40650	0	0.000000	0.000000	0.000000
AT5G25360	91	5.464097	49.576424	64.067444
AT2G08340	1	0.114780	0.801329	1.035555
AT1G24380	0	0.000000	0.000000	0.000000
AT2G40970	13	0.871404	6.083651	7.861881
AT2G05518	0	0.000000	0.000000	0.000000
AT2G43610	0	0.000000	0.000000	0.000000
AT5G17920	3794	82.008377	672.898254	869.584106
AT1G07897	4	1.820000	12.706213	16.420197
AT5G45530	0	0.000000	0.000000	0.000000
AT1G05813	0	0.0	0.0	0.0
AT4G39610	0	0.0	0.0	0.0
AT4G26940	91	3.237182	22.600178	29.206133
AT5G56440	0	0.0	0.0	0.0
AT5G34829	0	0.0	0.0	0.0
AT3G12440	1	0.007806	0.054497	0.070426
AT4G25360	0	0.000000	0.000000	0.000000
AT5G44190	207	9.519630	71.052879	91.821388
AT4G17920	0	0.0	0.0	0.0
AT5G06750	20	0.677321	6.553572	8.469158
AT5G39610	7	0.393293	2.745750	3.548323
AT4G33830	0	0.0	0.0	0.0
AT5G26940	17	0.589915	5.029677	6.499835
AT1G53366	0	0.0	0.0	0.0
AT3G15010	58	1.406347	9.818321	12.688183
AT3G07065	0	0.0	0.0	0.0
AT5G03715	0	0.0	0.0	0.0
AT4G04180	0	0.000000	0.000000	0.000000
AT1G12013	0	0.0	0.0	0.0
AT1G27070	20	0.701353	5.136626	6.638044
AT1G77390	0	0.000000	0.000000	0.000000
AT3G45140	651	16.013222	114.111191	147.465500
AT1G05160	12	0.308379	2.935079	3.792993
AT1G33010	0	0.0	0.0	0.0
AT4G03715	0	0.000000	0.000000	0.000000
AT5G04180	0	0.000000	0.000000	0.000000
AT1G09557	0	0.000000	0.000000	0.000000
AT2G14800	2	0.130248	0.909318	1.175109
AT3G02810	0	0.0	0.0	0.0
AT3G25260	0	0.0	0.0	0.0
AT1G42480	4	0.201280	2.010967	2.598767
AT1G51780	0	0.0	0.0	0.0
AT2G37320	2	0.085814	0.599105	0.774221
AT4G03655	0	0.000000	0.000000	0.000000
AT1G62220	0	0.0	0.0	0.0
AT5G59280	0	0.0	0.0	0.0
AT5G48720	24	0.838035	8.443732	10.911806
AT5G14275	0	0.000000	0.000000	0.000000
AT2G03975	0	0.000000	0.000000	0.000000
AT2G02980	7	0.246384	1.720114	2.222898
AT2G23148	0	0.0	0.0	0.0
AT4G32360	19	0.583732	4.407429	5.695706
AT1G15180	0	0.000000	0.000000	0.000000
AT5G39750	0	0.0	0.0	0.0
AT5G14160	0	0.0	0.0	0.0
AT1G08630	0	0.000000	0.000000	0.000000
AT1G02490	0	0.0	0.0	0.0
AT5G43603	0	0.0	0.0	0.0
AT1G77600	33	0.533126	3.821994	4.939150
AT3G59380	30	1.695369	11.905024	15.384821
AT5G06610	0	0.000000	0.000000	0.000000
AT1G23440	54	1.612400	21.991747	28.419859
AT2G21790	139	3.704667	25.863895	33.423824
AT4G39750	0	0.0	0.0	0.0
AT2G08625	0	0.0	0.0	0.0
AT4G14160	102	2.755442	19.282852	24.919163
AT1G31250	0	0.0	0.0	0.0
AT3G32260	0	0.0	0.0	0.0
AT1G09500	0	0.0	0.0	0.0
AT5G38386	0	0.000000	0.000000	0.000000
AT3G04830	48	2.906250	20.289797	26.220436
AT1G53940	0	0.0	0.0	0.0
AT5G40710	30	1.444307	12.061192	15.586637
AT2G42990	0	0.000000	0.000000	0.000000
AT2G43750	240	7.321510	54.569473	70.519943
AT3G11780	72	5.241284	38.498981	49.752102
AT1G28380	31	0.988124	7.177761	9.275796
AT2G04340	17	1.247170	8.707037	11.252074
AT1G36922	0	0.0	0.0	0.0
AT5G25500	4	0.181113	1.264429	1.634017
AT4G11870	0	0.0	0.0	0.0
ATCG00800	2429	295.659119	2064.125000	2667.461670
AT5G48190	0	0.000000	0.000000	0.000000
AT3G07350	3	0.136986	0.956359	1.235899
AT2G29800	0	0.0	0.0	0.0
AT5G66220	0	0.000000	0.000000	0.000000
AT4G25500	68	2.135252	26.144171	33.786022
AT5G11870	0	0.000000	0.000000	0.000000
AT4G01335	0	0.0	0.0	0.0
AT4G08180	32	0.718074	5.062812	6.542654
AT4G15630	110	8.518411	59.470737	76.853836
AT2G45280	14	0.648873	4.732150	6.115341
AT3G55180	0	0.000000	0.000000	0.000000
AT5G06490	0	0.0	0.0	0.0
AT3G61198	0	0.000000	0.000000	0.000000
AT3G61980	22	1.749741	12.215704	15.786313
ATMG00920	2	0.225309	1.572980	2.032757
AT2G21120	68	2.811979	19.631651	25.369915
AT4G10550	0	0.000000	0.000000	0.000000
AT1G02610	8	0.293849	3.205142	4.141994
AT5G07250	21	1.228707	8.578138	11.085500
AT1G19380	0	0.000000	0.000000	0.000000
AT1G25141	0	0.000000	0.000000	0.000000
AT5G15630	6	0.210829	1.578538	2.039939
AT1G34855	0	0.0	0.0	0.0
AT5G08180	177	10.749620	95.647705	123.605209
AT1G60230	26	1.254284	8.811403	11.386946
AT3G01235	0	0.0	0.0	0.0
AT4G06490	0	0.0	0.0	0.0
AT5G10550	2	0.077018	0.537696	0.694863
AT2G18800	0	0.0	0.0	0.0
AT2G13510	0	0.0	0.0	0.0
AT3G13940	45	2.073666	14.477166	18.708794
AT4G07250	0	0.000000	0.000000	0.000000
AT2G33240	0	0.000000	0.000000	0.000000
AT4G39490	0	0.0	0.0	0.0
AT3G06030	5	0.161532	1.127725	1.457355
AT5G51670	2	0.075000	0.558061	0.721180
AT3G29375	23	0.826577	9.028142	11.667036
AT1G52440	0	0.000000	0.000000	0.000000
AT2G43490	40	0.882901	6.906392	8.925107
AT5G39490	0	0.0	0.0	0.0
AT3G01760	0	0.0	0.0	0.0
AT1G03990	0	0.0	0.0	0.0
AT1G02750	11	0.524492	5.557299	7.181679
AT5G44720	137	7.778843	57.688828	74.551071
AT4G32500	0	0.0	0.0	0.0
AT1G71460	12	0.373519	2.607699	3.369920
AT1G55010	0	0.000000	0.000000	0.000000
AT4G17788	0	0.0	0.0	0.0
AT5G49240	0	0.0	0.0	0.0
AT4G29160	68	3.467391	28.044683	36.242050
AT2G21450	0	0.0	0.0	0.0
AT1G22940	17	0.660510	4.679258	6.046989
AT5G55830	7	0.230804	1.611343	2.082333
AT3G49340	0	0.0	0.0	0.0
AT1G04630	48	5.116778	35.722458	46.164009
AT5G18160	0	0.0	0.0	0.0
AT4G10507	0	0.0	0.0	0.0
AT5G67190	11	0.701853	4.899941	6.332178
AT5G63570	234	9.471430	68.986755	89.151344
AT2G03480	31	0.813487	5.756948	7.439684
AT4G18160	9	0.291575	2.035612	2.630615
AT1G43980	1	0.034677	0.242095	0.312859
AT3G30725	0	0.0	0.0	0.0
AT4G13266	0	0.0	0.0	0.0
AT2G11205	0	0.0	0.0	0.0
AT1G47578	0	0.0	0.0	0.0
AT1G09360	0	0.0	0.0	0.0
AT4G34215	31	1.706215	13.264120	17.141178
AT4G39350	179	2.927837	20.860809	26.958353
AT5G59870	298	30.528206	213.130707	275.428070
AT1G73530	68	6.153934	42.963295	55.521320
AT5G20430	0	0.0	0.0	0.0
AT1G30580	242	11.441527	85.649353	110.684372
AT5G40310	0	0.0	0.0	0.0
AT1G07810	31	0.598609	4.530819	5.855162
AT2G43350	35	2.372747	20.927286	27.044260
AT4G20430	24	0.510132	3.561454	4.602455
AT5G39350	7	0.246648	1.721957	2.225279
AT5G50930	0	0.000000	0.000000	0.000000
AT3G22070	9	0.836108	5.837234	7.543438
AT3G48220	0	0.0	0.0	0.0
AT3G59780	270	7.848032	54.990940	71.064606
AT4G10767	0	0.0	0.0	0.0
AT2G21390	178	3.323296	23.201378	29.983061
AT1G26420	2	0.080858	0.564505	0.729508
AT4G07030	0	0.000000	0.000000	0.000000
AT5G48320	5	0.118661	0.828424	1.070570
ATMG01410	1	0.086179	0.601653	0.777514
AT1G60505	11	0.267507	1.965435	2.539925
AT3G01500	3845	94.116364	1324.024658	1711.032593
AT1G02065	2	0.067812	0.494083	0.638502
AT3G01055	0	0.000000	0.000000	0.000000
AT4G32760	97	2.673137	19.963226	25.798410
AT1G60050	0	0.0	0.0	0.0
AT1G04437	0	0.000000	0.000000	0.000000
AT1G51380	4	0.156466	1.139035	1.471971
AT1G07163	0	0.0	0.0	0.0
AT2G37720	4	0.193381	1.350077	1.744700
AT5G07030	137	5.768866	40.274971	52.047203
AT5G53150	28	0.430811	4.382143	5.663028
AT1G56920	0	0.0	0.0	0.0
AT1G17440	43	1.229554	8.981044	11.606174
AT4G19670	37	1.014563	8.718598	11.267015
AT5G53420	67	2.352889	17.450323	22.550991
AT2G40004	0	0.0	0.0	0.0
AT4G23920	32	1.575402	10.998568	14.213411
AT4G04865	0	0.0	0.0	0.0
AT3G07490	0	0.0	0.0	0.0
AT2G19950	25	0.644475	4.499361	5.814508
AT5G03315	2	0.734529	5.128067	6.626984
AT1G04923	0	0.0	0.0	0.0
AT5G19670	11	0.342273	2.408009	3.111862
AT1G26150	121	2.740478	19.606182	25.337002
AT5G23920	115	9.199199	64.223618	82.995956
AT3G06250	20	0.386040	3.034467	3.921431
AT1G77790	0	0.0	0.0	0.0
AT1G62914	0	0.000000	0.000000	0.000000
AT2G21600	102	7.266309	50.729267	65.557259
AT5G04865	0	0.0	0.0	0.0
AT5G67320	88	2.785432	23.379997	30.213890
AT4G25760	4	0.315733	2.204270	2.848570
AT1G30840	0	0.0	0.0	0.0
AT3G20090	9	0.255783	2.119285	2.738744
AT5G06350	226	3.811233	28.613743	36.977440
AT5G02905	0	0.000000	0.000000	0.000000
AT4G28670	0	0.0	0.0	0.0
AT3G03215	0	0.000000	0.000000	0.000000
AT5G14545	0	0.000000	0.000000	0.000000
AT5G25760	85	6.804426	49.488155	63.953377
AT3G47480	22	1.562963	10.911726	14.101186
AT2G08740	0	0.000000	0.000000	0.000000
AT1G05047	0	0.000000	0.000000	0.000000
AT1G78960	0	0.000000	0.000000	0.000000
AT2G28950	276	13.866037	96.804848	125.100571
AT1G78580	50	0.741167	5.527300	7.142911
AT1G06653	0	0.0	0.0	0.0
AT3G11900	27	1.010501	8.469746	10.945423
AT1G69300	0	0.0	0.0	0.0
AT2G47540	0	0.0	0.0	0.0
AT3G47910	86	1.225000	8.553795	11.054040
AT3G63430	0	0.000000	0.000000	0.000000
AT1G52170	0	0.0	0.0	0.0
AT3G25727	0	0.0	0.0	0.0
AT4G31875	0	0.000000	0.000000	0.000000
AT2G36550	0	0.0	0.0	0.0
AT5G45020	15	0.505163	5.311861	6.864499
AT3G57330	74	1.284178	9.774010	12.630919
AT3G11773	0	0.000000	0.000000	0.000000
AT3G44550	0	0.0	0.0	0.0
AT1G54710	44	1.000572	7.072341	9.139562
AT3G18650	0	0.0	0.0	0.0
AT4G24615	0	0.000000	0.000000	0.000000
AT2G02497	0	0.000000	0.000000	0.000000
AT5G57230	11	0.872043	6.515473	8.419925
AT3G61700	66	1.930530	15.270082	19.733475
AT4G30000	0	0.000000	0.000000	0.000000
AT3G19035	0	0.0	0.0	0.0
AT1G14850	49	0.762419	5.322779	6.878609
AT1G19373	0	0.0	0.0	0.0
AT1G72416	57	3.127234	31.264696	40.403263
AT4G05523	0	0.0	0.0	0.0
AT1G67623	0	0.0	0.0	0.0
AT1G08347	0	0.000000	0.000000	0.000000
AT3G56050	171	5.180197	40.862198	52.806076
AT5G04945	0	0.0	0.0	0.0
AT1G69690	33	1.278720	8.927301	11.536721
AT5G12050	131	6.480422	45.242649	58.466923
AT2G07890	0	0.0	0.0	0.0
AT2G01930	37	1.635143	11.415646	14.752400
AT4G38270	11	0.362920	2.533703	3.274295
AT4G04945	0	0.0	0.0	0.0
AT4G12050	1	0.029026	0.202643	0.261875
AT1G76040	0	0.000000	0.000000	0.000000
AT3G07675	5	1.268212	8.853940	11.441917
AT1G52730	61	2.523885	19.992104	25.835726
AT1G21310	180	8.675937	60.570492	78.275047
AT3G18710	12	0.483461	3.375252	4.361826
AT3G60920	0	0.000000	0.000000	0.000000
AT2G20180	35	1.118832	8.361128	10.805058
AT5G38270	0	0.0	0.0	0.0
AT1G78840	0	0.0	0.0	0.0
AT1G27660	6	0.215876	1.507124	1.947652
AT1G54650	18	0.382515	3.052731	3.945033
AT3G51238	0	0.000000	0.000000	0.000000
AT5G05850	0	0.000000	0.000000	0.000000
AT2G47880	94	11.068149	77.271568	99.857788
AT4G22635	0	0.0	0.0	0.0
AT5G01110	4	0.106740	0.745198	0.963017
AT5G63090	0	0.000000	0.000000	0.000000
AT3G58850	15	1.129683	7.886810	10.192097
AT3G53015	0	0.0	0.0	0.0
AT1G43700	38	2.034926	14.206705	18.359276
AT4G11543	1	0.027711	0.193463	0.250011
AT3G10720	76	2.005282	18.713697	24.183645
AT4G05850	0	0.0	0.0	0.0
AT1G50190	0	0.0	0.0	0.0
AT1G06713	0	0.0	0.0	0.0
AT2G09550	0	0.0	0.0	0.0
AT3G05995	0	0.0	0.0	0.0
AT4G01110	0	0.000000	0.000000	0.000000
AT1G30960	0	0.000000	0.000000	0.000000
AT2G09005	0	0.0	0.0	0.0
AT2G31200	34	2.423729	16.921108	21.867090
AT1G23330	10	0.299752	2.192268	2.833061
AT1G10585	0	0.000000	0.000000	0.000000
AT1G06403	0	0.0	0.0	0.0
AT4G00950	29	1.780960	12.433658	16.067974
AT2G46770	0	0.0	0.0	0.0
AT4G14210	184	6.094863	44.854961	57.965916
AT1G67930	37	1.058462	7.389585	9.549535
AT1G43560	199	16.949787	118.333855	152.922440
AT1G35860	0	0.0	0.0	0.0
AT4G20740	9	0.236226	1.649197	2.131251
AT3G29400	22	0.673291	4.700538	6.074489
AT1G61890	19	0.548098	4.517037	5.837352
AT5G00950	0	0.0	0.0	0.0
AT3G03540	0	0.0	0.0	0.0
AT5G14210	12	0.215758	1.641175	2.120885
AT3G27185	0	0.000000	0.000000	0.000000
AT3G59900	2	0.152893	1.067413	1.379414
AT4G34880	0	0.0	0.0	0.0
AT3G22590	25	1.100056	7.679971	9.924799
AT5G20740	30	1.973928	14.385807	18.590729
AT3G18400	0	0.000000	0.000000	0.000000
AT5G06675	0	0.0	0.0	0.0
AT1G17730	35	2.241961	16.431408	21.234255
AT2G06955	0	0.000000	0.000000	0.000000
AT4G03130	0	0.000000	0.000000	0.000000
AT3G13860	64	2.403226	16.777967	21.682110
AT4G24060	30	1.398456	9.763230	12.616989
AT3G14310	342	11.757211	82.082207	106.074562
AT2G02300	0	0.0	0.0	0.0
AT5G57050	18	0.609553	4.293185	5.548069
AT5G03130	6	0.463862	3.238423	4.185003
AT1G04747	0	0.000000	0.000000	0.000000
AT4G06675	0	0.0	0.0	0.0
AT3G52561	0	0.0	0.0	0.0
AT5G24060	13	0.516975	3.874292	5.006734
AT1G09227	0	0.0	0.0	0.0
AT1G32172	0	0.0	0.0	0.0
AT1G50320	315	29.869514	208.532104	269.485321
AT1G22860	0	0.000000	0.000000	0.000000
AT1G05210	28	2.844156	19.856291	25.660219
AT3G21850	0	0.0	0.0	0.0
AT4G39675	0	0.0	0.0	0.0
AT3G25110	23	1.066305	7.444340	9.620295
AT2G42680	0	0.000000	0.000000	0.000000
AT4G12230	52	2.606329	18.195919	23.514523
AT3G61560	24	1.463190	10.794633	13.949867
AT3G61410	0	0.000000	0.000000	0.000000
AT3G43890	0	0.0	0.0	0.0
AT2G46130	0	0.0	0.0	0.0
AT5G12230	25	1.024223	7.245941	9.363905
AT3G56230	0	0.000000	0.000000	0.000000
AT5G56330	0	0.0	0.0	0.0
AT2G23640	0	0.0	0.0	0.0
AT1G54400	0	0.000000	0.000000	0.000000
AT3G20570	22	1.849732	12.913786	16.688440
AT5G02785	0	0.0	0.0	0.0
AT5G03770	0	0.000000	0.000000	0.000000
AT2G08430	0	0.0	0.0	0.0
AT2G02690	0	0.0	0.0	0.0
AT1G58310	0	0.0	0.0	0.0
AT1G31520	0	0.0	0.0	0.0
AT3G02875	6	0.173999	1.686764	2.179799
AT1G48930	0	0.000000	0.000000	0.000000
AT3G03880	16	1.054329	7.360730	9.512246
AT1G13590	0	0.0	0.0	0.0
AT4G34540	31	0.821489	6.013243	7.770894
AT1G32080	513	20.409159	142.485229	184.133163
AT5G46910	14	0.315127	2.254850	2.913935
AT1G17170	0	0.000000	0.000000	0.000000
AT1G35660	12	0.185762	1.296885	1.675961
AT3G16230	26	0.785629	6.749115	8.721858
ATCG01180	30614	871.552124	6084.685059	7863.217773
AT1G61690	27	0.519882	3.629523	4.690420
AT5G52230	12	0.306044	2.233033	2.885741
AT2G23580	0	0.0	0.0	0.0
AT4G08075	0	0.0	0.0	0.0
AT4G34680	13	0.628150	4.385389	5.667223
AT1G49430	59	1.579019	12.988592	16.785112
AT2G23093	0	0.000000	0.000000	0.000000
AT3G04155	3	1.931034	13.481390	17.421953
AT2G04622	0	0.0	0.0	0.0
AT1G29310	64	2.389598	18.590187	24.024036
AT1G10320	12	0.305761	2.189622	2.829642
AT3G43300	71	0.953574	6.757346	8.732494
ATMG09980	0	0.0	0.0	0.0
AT5G08075	0	0.0	0.0	0.0
AT5G43200	0	0.0	0.0	0.0
AT1G53590	39	0.913393	6.568372	8.488285
AT2G42540	197	9.938763	71.184418	91.991379
AT1G57170	0	0.0	0.0	0.0
AT4G16330	0	0.000000	0.000000	0.000000
AT5G09110	0	0.0	0.0	0.0
AT5G06875	0	0.0	0.0	0.0
AT3G13660	0	0.0	0.0	0.0
AT3G06785	0	0.0	0.0	0.0
AT1G07987	0	0.000000	0.000000	0.000000
AT1G18310	0	0.000000	0.000000	0.000000
AT2G45060	27	0.644954	10.615608	13.718514
AT3G21710	0	0.000000	0.000000	0.000000
AT4G06875	0	0.000000	0.000000	0.000000
AT3G52330	0	0.0	0.0	0.0
AT5G16330	0	0.0	0.0	0.0
AT4G09110	0	0.0	0.0	0.0
AT1G14400	0	0.000000	0.000000	0.000000
AT2G39200	14	0.492288	3.509351	4.535122
AT3G19900	84	3.443129	30.093946	38.890305
AT2G15090	81	3.286483	22.944370	29.650930
AT1G61300	52	0.719237	9.912062	12.809322
AT2G42880	64	1.766923	12.912340	16.686573
AT2G06200	0	0.000000	0.000000	0.000000
AT3G21650	42	1.331177	9.365478	12.102974
AT1G22660	12	0.354959	2.694094	3.481569
AT5G54210	0	0.0	0.0	0.0
AT4G36110	15	1.248936	8.719367	11.268007
AT4G26590	0	0.000000	0.000000	0.000000
AT4G30935	14	0.626142	4.371370	5.649107
AT5G36110	0	0.0	0.0	0.0
AT2G32698	0	0.0	0.0	0.0
AT3G04425	0	0.0	0.0	0.0
AT2G02890	0	0.0	0.0	0.0
AT5G17050	34	1.629630	11.377157	14.702662
AT2G23840	265	15.698519	109.598198	141.633377
AT1G36925	0	0.0	0.0	0.0
AT5G05400	3	0.059706	0.502608	0.649518
AT3G44930	0	0.0	0.0	0.0
AT5G64395	0	0.000000	0.000000	0.000000
AT3G28900	237	14.935280	104.269691	134.747375
AT2G30115	0	0.0	0.0	0.0
AT3G54310	0	0.0	0.0	0.0
AT2G20595	0	0.0	0.0	0.0
AT2G36930	91	7.535900	57.454044	74.247665
AT4G17050	78	4.674663	34.253536	44.265724
AT5G60440	0	0.000000	0.000000	0.000000
AT1G57730	0	0.0	0.0	0.0
AT3G58400	0	0.0	0.0	0.0
AT4G05400	39	2.363212	19.616159	25.349895
AT4G17505	0	0.0	0.0	0.0
AT3G03680	9	0.188152	1.313571	1.697523
AT3G53860	5	0.284660	1.987335	2.568227
AT3G58710	0	0.000000	0.000000	0.000000
AT4G05710	0	0.0	0.0	0.0
AT4G17765	0	0.0	0.0	0.0
AT1G48550	0	0.000000	0.000000	0.000000
AT1G03165	0	0.0	0.0	0.0
AT1G06853	0	0.0	0.0	0.0
AT1G80430	0	0.000000	0.000000	0.000000
AT1G12730	10	0.385115	2.761765	3.569020
AT2G24020	222	18.070696	134.436798	173.732224
AT5G05710	11	1.042857	7.280639	9.408746
AT2G31955	42	1.606238	11.241235	14.527010
AT5G52050	1	0.033579	0.234430	0.302953
AT3G16050	12	0.691304	4.826294	6.237004
AT3G13784	0	0.000000	0.000000	0.000000
AT1G62930	6	0.188342	1.314898	1.699238
AT4G23365	0	0.0	0.0	0.0
AT3G18850	30	1.222222	9.112812	11.776456
AT1G10190	0	0.0	0.0	0.0
AT3G50720	0	0.0	0.0	0.0
AT3G23170	33	2.463532	17.198990	22.226196
AT3G27590	0	0.0	0.0	0.0
AT1G03270	10	0.394510	2.825729	3.651680
AT1G08053	0	0.0	0.0	0.0
AT5G43535	0	0.0	0.0	0.0
AT1G14650	71	1.512580	10.559980	13.646626
AT2G07690	45	1.309922	9.145136	11.818229
AT3G42473	0	0.0	0.0	0.0
AT1G14710	91	2.419258	17.504395	22.620867
AT1G06520	0	0.000000	0.000000	0.000000
AT4G11355	0	0.0	0.0	0.0
AT5G07785	0	0.000000	0.000000	0.000000
AT1G22015	0	0.0	0.0	0.0
AT3G21400	8	0.557157	3.889756	5.026718
AT1G35467	0	0.0	0.0	0.0
AT1G69890	15	0.736085	5.138930	6.641022
AT1G20240	0	0.0	0.0	0.0
AT1G55945	0	0.000000	0.000000	0.000000
AT3G17330	32	0.985433	6.995412	9.040148
AT1G12170	0	0.0	0.0	0.0
AT4G07785	0	0.0	0.0	0.0
AT2G06535	0	0.0	0.0	0.0
AT3G07875	8	0.402663	2.811166	3.632860
AT2G47680	6	0.125284	0.874662	1.130323
AT4G17230	38	1.155624	8.538240	11.033938
AT1G27860	0	0.000000	0.000000	0.000000
AT1G78640	0	0.0	0.0	0.0
AT1G64910	0	0.0	0.0	0.0
AT5G05650	0	0.0	0.0	0.0
AT2G05970	0	0.0	0.0	0.0
AT3G23730	87	5.662006	39.528931	51.083103
AT1G54850	18	1.211073	9.000007	11.630677
AT5G17230	262	8.335592	69.462296	89.765892
AT4G00530	13	2.719577	18.986553	24.536257
AT3G58650	15	0.352481	2.474221	3.197427
AT1G67550	43	1.044472	7.291914	9.423316
AT1G34370	35	1.450858	10.150184	13.117047
AT4G05650	0	0.0	0.0	0.0
AT5G02250	35	0.906027	6.325369	8.174253
AT5G60265	0	0.000000	0.000000	0.000000
AT4G31490	0	0.000000	0.000000	0.000000
ATCG00450	0	0.000000	0.000000	0.000000
AT1G07610	25	3.421144	23.884497	30.865854
AT5G59670	40	0.977619	6.857160	8.861484
AT1G05353	0	0.000000	0.000000	0.000000
AT4G13420	0	0.000000	0.000000	0.000000
AT1G49740	16	0.636086	4.440794	5.738822
AT2G30330	15	0.969269	7.995419	10.332453
AT4G08595	0	0.0	0.0	0.0
AT5G21160	105	2.536383	18.038479	23.311066
AT3G09760	21	0.689404	4.920690	6.358992
AT4G02250	0	0.0	0.0	0.0
AT1G64480	0	0.0	0.0	0.0
AT5G65510	0	0.000000	0.000000	0.000000
AT5G65460	30	0.445671	3.804219	4.916180
AT5G13420	97	4.508197	31.473686	40.673340
AT1G79460	19	0.527988	3.837165	4.958755
AT1G79510	0	0.000000	0.000000	0.000000
AT5G08595	0	0.0	0.0	0.0
AT5G41240	9	0.255130	1.925815	2.488724
AT4G21160	48	2.037279	15.411834	19.916660
AT2G29450	149	9.332283	65.152740	84.196655
AT1G53070	21	1.227376	8.568847	11.073491
AT1G29775	0	0.000000	0.000000	0.000000
AT3G06905	0	0.0	0.0	0.0
AT1G07707	0	0.000000	0.000000	0.000000
AT2G18450	0	0.0	0.0	0.0
AT5G60170	73	1.544294	10.807262	13.966188
AT2G07728	0	0.000000	0.000000	0.000000
AT1G01360	21	1.421544	9.924417	12.825292
AT3G02350	94	3.014557	21.045935	27.197592
AT3G19780	5	0.084359	0.622207	0.804075
AT5G26070	0	0.0	0.0	0.0
AT4G08097	0	0.0	0.0	0.0
AT5G62190	306	9.939308	69.390640	89.673286
AT1G60989	12	1.900792	13.270258	17.149109
AT1G66720	0	0.0	0.0	0.0
AT2G18120	0	0.0	0.0	0.0
AT4G04665	0	0.0	0.0	0.0
AT2G07475	0	0.000000	0.000000	0.000000
AT2G15570	56	4.252612	29.774160	38.477047
AT5G09335	0	0.0	0.0	0.0
AT4G19870	15	0.655443	4.575933	5.913463
AT5G10930	18	0.614667	4.291258	5.545578
AT4G26070	61	2.575386	20.729885	26.789162
AT2G21800	0	0.000000	0.000000	0.000000
AT5G04665	0	0.0	0.0	0.0
AT1G55865	2	0.083022	0.579613	0.749032
AT3G52115	0	0.000000	0.000000	0.000000
AT5G19870	8	0.511344	3.569915	4.613389
AT4G09335	0	0.0	0.0	0.0
AT4G10930	16	0.285551	2.143259	2.769726
AT5G60730	5	0.240765	1.680885	2.172202
AT4G28870	0	0.000000	0.000000	0.000000
AT1G57440	0	0.0	0.0	0.0
AT2G29120	14	0.350286	2.445499	3.160310
AT5G37500	0	0.000000	0.000000	0.000000
AT3G28780	0	0.0	0.0	0.0
AT1G16920	64	3.078361	23.184383	29.961102
AT5G13150	0	0.0	0.0	0.0
AT5G37055	0	0.000000	0.000000	0.000000
AT1G11380	71	3.538847	26.304966	33.993820
AT1G30640	16	0.459210	3.294728	4.257766
AT2G44760	46	2.088914	14.583618	18.846359
ATCG00120	339	17.753281	123.943390	160.171616
AT1G27940	0	0.000000	0.000000	0.000000
AT4G37500	0	0.0	0.0	0.0
AT1G63340	0	0.000000	0.000000	0.000000
AT2G07806	0	0.000000	0.000000	0.000000
AT1G07750	76	3.883706	27.113844	35.039127
AT4G13150	35	1.724351	13.387085	17.300083
AT4G11670	24	0.490045	3.533507	4.566339
AT1G15010	2	0.185567	1.295524	1.674201
AT4G37760	68	2.445355	17.072088	22.062202
AT1G61475	0	0.0	0.0	0.0
ATCG00600	5	2.903509	20.270662	26.195707
AT4G02030	50	1.423436	10.212961	13.198174
AT1G70770	352	8.539340	63.747017	82.380051
AT2G44500	14	0.435510	3.223364	4.165542
AT5G37760	0	0.000000	0.000000	0.000000
AT1G12440	460	20.342178	166.500229	215.167679
AT5G11670	516	16.953575	118.360298	152.956619
AT3G05275	0	0.0	0.0	0.0
AT1G80740	0	0.0	0.0	0.0
AT2G32720	93	2.889484	27.609350	35.679470
AT5G02030	0	0.000000	0.000000	0.000000
AT1G25175	352	10.785280	96.460075	124.655014
AT2G29600	0	0.000000	0.000000	0.000000
AT4G38990	0	0.0	0.0	0.0
AT1G25260	136	7.485813	52.261723	67.537643
AT1G02810	0	0.000000	0.000000	0.000000
AT5G57569	0	0.000000	0.000000	0.000000
AT5G24280	0	0.000000	0.000000	0.000000
AT2G19530	7	0.464865	3.245425	4.194052
AT4G15830	40	2.780146	19.409410	25.082714
AT5G05375	0	0.0	0.0	0.0
AT4G19191	5	0.186260	1.300362	1.680454
AT3G05160	43	1.419676	11.618743	15.014861
AT4G39672	0	0.0	0.0	0.0
AT4G24280	524	14.942582	104.320671	134.813248
AT2G18600	0	0.0	0.0	0.0
AT5G38990	97	2.600000	18.151733	23.457422
AT3G27070	0	0.000000	0.000000	0.000000
AT1G20515	0	0.000000	0.000000	0.000000
AT4G05375	0	0.0	0.0	0.0
AT5G58160	9	0.144647	1.037909	1.341286
AT5G15830	7	0.438567	3.061827	3.956789
AT4G31350	38	1.339810	10.412455	13.455980
AT5G51870	0	0.0	0.0	0.0
AT1G24996	69	12.111032	84.552383	109.266769
AT5G07905	0	0.0	0.0	0.0
ATCG00390	14	14.712329	102.713181	132.735886
AT1G07567	0	0.000000	0.000000	0.000000
AT1G05493	0	0.000000	0.000000	0.000000
AT1G07417	0	0.000000	0.000000	0.000000
AT3G62220	25	1.144599	9.173607	11.855021
AT5G04010	0	0.0	0.0	0.0
AT2G25720	24	2.874433	20.067669	25.933380
AT1G70130	0	0.0	0.0	0.0
AT4G07905	0	0.000000	0.000000	0.000000
AT3G51780	24	0.685016	6.492938	8.390801
AT2G29390	64	2.370544	30.131660	38.939041
AT2G41451	0	0.0	0.0	0.0
AT5G50550	19	0.657777	4.871758	6.295755
AT4G37235	0	0.000000	0.000000	0.000000
AT3G53940	13	0.594345	4.210120	5.440723
AT1G04830	21	0.708545	5.978476	7.725964
AT5G55630	41	1.938333	13.913073	17.979816
AT3G09500	995	93.710251	654.232117	845.461853
AT1G32260	18	1.479233	10.586482	13.680874
AT3G09055	0	0.000000	0.000000	0.000000
AT2G18390	9	0.804125	5.613947	7.254885
AT2G23960	0	0.0	0.0	0.0
AT3G23440	1	0.059446	0.415018	0.536327
AT5G62320	0	0.0	0.0	0.0
AT1G73950	35	1.288889	9.352038	12.085607
AT1G72790	6	0.198910	1.388677	1.794583
AT2G04825	0	0.0	0.0	0.0
AT3G02490	11	0.357843	2.498258	3.228490
AT1G63105	0	0.0	0.0	0.0
AT3G08630	27	1.411141	9.851790	12.731435
AT5G29613	0	0.0	0.0	0.0
AT3G15180	50	1.283841	9.567268	12.363749
AT2G44360	30	2.658345	18.559065	23.983816
AT4G39810	0	0.0	0.0	0.0
AT1G05613	0	0.0	0.0	0.0
AT1G07697	0	0.000000	0.000000	0.000000
AT5G42146	8	0.864706	6.036889	7.801452
AT2G24530	13	0.460811	3.217122	4.157476
AT5G40850	106	3.092912	22.825174	29.496897
AT1G63740	11	0.222751	1.555122	2.009679
AT1G07350	23	0.897630	7.154261	9.245427
AT2G35460	0	0.0	0.0	0.0
AT2G35510	61	1.614305	12.365359	15.979711
AT5G19280	25	0.909844	6.381367	8.246619
AT2G43810	76	5.551598	43.262123	55.907501
AT4G33630	55	1.563840	11.105817	14.352009
AT2G25190	31	1.351427	12.415436	16.044426
AT5G39810	0	0.0	0.0	0.0
AT3G28380	0	0.000000	0.000000	0.000000
AT1G11780	43	1.791146	12.818559	16.565378
AT4G34990	4	0.216396	1.510755	1.952343
AT1G13940	15	0.316401	2.208933	2.854597
AT2G30170	68	3.434952	29.689110	38.367130
AT1G65342	0	0.0	0.0	0.0
AT5G41570	0	0.0	0.0	0.0
AT4G09735	0	0.000000	0.000000	0.000000
AT5G36260	0	0.000000	0.000000	0.000000
AT4G27150	0	0.0	0.0	0.0
AT1G05977	0	0.000000	0.000000	0.000000
AT1G72120	0	0.000000	0.000000	0.000000
AT4G28280	1	0.036210	0.583117	0.753561
AT3G19380	22	0.843597	5.889518	7.611004
AT3G00985	1	0.561827	3.922359	5.068851
AT3G02610	0	0.0	0.0	0.0
AT1G66320	0	0.0	0.0	0.0
AT1G61980	16	0.514839	5.218323	6.743621
AT5G54160	417	22.249832	155.335770	200.739883
AT4G36260	0	0.000000	0.000000	0.000000
AT5G09735	0	0.0	0.0	0.0
AT2G01220	44	1.718413	13.292381	17.177698
AT1G55180	4	0.121455	0.876247	1.132371
AT5G27150	105	3.271054	22.836655	29.511728
AT2G22460	0	0.0	0.0	0.0
AT2G22510	9	0.870079	6.074400	7.849927
AT3G22940	0	0.0	0.0	0.0
AT4G03855	0	0.0	0.0	0.0
AT1G72450	103	3.845865	35.620995	46.032890
AT4G16440	28	1.256729	8.773772	11.338317
AT3G55010	111	5.170975	36.271317	46.873299
AT5G27420	4	0.166382	1.161585	1.501113
AT4G09260	0	0.0	0.0	0.0
AT3G02750	120	3.088300	23.555161	30.440254
AT3G03990	83	3.991561	27.866827	36.012203
AT2G06025	57	2.606014	18.193720	23.511681
AT1G01760	0	0.000000	0.000000	0.000000
AT5G24352	8	0.952224	8.143000	10.523171
AT5G08010	38	1.209462	8.443781	10.911870
AT3G29033	0	0.0	0.0	0.0
AT3G52440	0	0.0	0.0	0.0
AT5G16440	43	2.756410	19.243698	24.868567
AT4G27420	0	0.0	0.0	0.0
AT5G57920	0	0.000000	0.000000	0.000000
AT2G37585	27	1.267062	10.091651	13.041407
AT1G06030	0	0.0	0.0	0.0
AT3G57587	0	0.0	0.0	0.0
AT5G09260	13	0.681217	6.263835	8.094732
AT2G32190	0	0.0	0.0	0.0
AT3G09360	28	0.878663	6.575172	8.497072
AT1G77800	37	0.531275	3.828892	4.948063
AT5G09175	17	0.582037	4.435809	5.732380
AT5G06810	6	0.227504	1.588305	2.052561
AT1G08830	540	49.424641	345.054962	445.913330
AT3G09922	0	0.0	0.0	0.0
AT3G43980	133	18.432291	128.683853	166.297714
AT4G00020	40	0.674831	5.378428	6.950524
AT2G15240	50	2.652174	18.515984	23.928141
AT2G14390	0	0.0	0.0	0.0
AT4G06810	0	0.000000	0.000000	0.000000
AT4G09175	0	0.0	0.0	0.0
AT1G05753	0	0.000000	0.000000	0.000000
AT2G08825	0	0.0	0.0	0.0
AT3G04630	37	1.680436	15.386477	19.883892
AT1G49340	61	0.671410	4.766464	6.159685
AT2G30730	0	0.000000	0.000000	0.000000
AT2G18790	34	0.583701	4.103164	5.302505
AT5G62720	252	9.932479	92.260246	119.227600
AT1G66190	11	0.690779	4.822629	6.232267
AT1G59780	0	0.0	0.0	0.0
AT1G48220	0	0.0	0.0	0.0
AT5G05135	0	0.0	0.0	0.0
AT1G22070	68	2.716725	18.966640	24.510525
AT1G72390	25	0.417550	2.921912	3.775977
AT1G06207	0	0.000000	0.000000	0.000000
AT3G07810	111	3.232482	22.567366	29.163729
AT4G05135	0	0.0	0.0	0.0
AT5G51280	38	1.293406	9.029831	11.669220
AT2G24205	0	0.0	0.0	0.0
AT1G80625	0	0.000000	0.000000	0.000000
AT1G68480	0	0.000000	0.000000	0.000000
AT2G32645	0	0.000000	0.000000	0.000000
AT3G30580	0	0.0	0.0	0.0
AT5G04595	0	0.0	0.0	0.0
AT2G17960	0	0.0	0.0	0.0
AT2G05915	0	0.0	0.0	0.0
AT3G05545	43	1.476850	11.144829	14.402424
AT3G17440	49	2.697432	18.897524	24.421207
AT2G25320	26	0.355935	2.538241	3.280160
AT3G56920	0	0.0	0.0	0.0
AT3G12587	39	5.199770	36.301861	46.912769
AT3G51380	3	0.312411	2.181077	2.818599
AT5G12920	8	0.217100	1.915957	2.475985
AT2G29790	0	0.0	0.0	0.0
AT4G31750	20	0.621849	4.947171	6.393212
AT3G60050	12	0.429877	3.106990	4.015153
AT3G02065	15	0.597771	4.248629	5.490489
AT1G09423	0	0.000000	0.000000	0.000000
AT1G34315	4	0.104398	0.930430	1.202391
AT1G01500	60	2.685279	18.747103	24.226816
ATCG00790	1210	237.166672	1655.763916	2139.738037
AT4G12920	0	0.0	0.0	0.0
AT5G44585	8	0.402196	2.807905	3.628647
AT3G26420	0	0.000000	0.000000	0.000000
AT3G05885	0	0.0	0.0	0.0
AT3G55665	0	0.0	0.0	0.0
AT1G72600	9	0.307232	2.813589	3.635991
AT2G14120	66	1.583591	12.926952	16.705456
AT1G06250	0	0.000000	0.000000	0.000000
AT1G09153	0	0.0	0.0	0.0
AT4G08665	0	0.0	0.0	0.0
AT4G05775	1	0.167048	1.166235	1.507121
AT3G26150	0	0.0	0.0	0.0
AT4G31610	0	0.0	0.0	0.0
AT1G09937	0	0.0	0.0	0.0
AT1G07490	14	1.623155	11.331952	14.644243
AT2G47990	35	1.518890	10.604033	13.703555
AT5G08665	0	0.0	0.0	0.0
AT3G63003	0	0.0	0.0	0.0
AT2G41830	7	0.126313	0.888681	1.148439
AT5G29054	0	0.0	0.0	0.0
AT5G37360	171	10.363982	72.355476	93.504730
AT3G13070	83	2.518900	17.585539	22.725731
AT1G80340	0	0.0	0.0	0.0
AT2G32320	36	0.695092	7.551560	9.758856
AT3G24780	1	0.027413	0.191382	0.247322
AT1G47480	0	0.000000	0.000000	0.000000
AT4G37360	0	0.0	0.0	0.0
AT5G24870	16	0.431058	3.194021	4.127622
AT1G70370	167	5.400813	38.194012	49.357990
AT1G20090	131	7.568000	52.835506	68.279144
AT3G30840	0	0.0	0.0	0.0
AT5G45950	167	9.542264	66.618698	86.091118
AT2G45670	140	5.049388	35.251980	45.556011
AT1G67220	0	0.0	0.0	0.0
AT4G01593	33	1.899185	13.259037	17.134609
AT3G54710	11	0.477458	3.360723	4.343051
AT5G02520	9	0.286674	2.052214	2.652069
AT5G01080	0	0.0	0.0	0.0
AT2G07560	0	0.0	0.0	0.0
AT1G57330	0	0.0	0.0	0.0
AT4G02520	841	45.698643	319.042145	412.297058
AT2G28020	0	0.0	0.0	0.0
AT5G01732	0	0.000000	0.000000	0.000000
AT2G42270	16	0.171968	1.200584	1.551510
AT3G52170	63	2.507014	17.502558	22.618494
AT1G63430	34	0.932988	6.623414	8.559415
AT5G16170	0	0.000000	0.000000	0.000000
AT4G01080	14	0.656921	4.586252	5.926797
AT1G11900	5	0.272577	1.902979	2.459213
AT2G10260	0	0.0	0.0	0.0
AT1G58807	54	1.052009	7.344533	9.491315
AT5G09445	1	0.046737	0.326291	0.421665
AT2G26820	0	0.000000	0.000000	0.000000
AT1G33945	0	0.0	0.0	0.0
AT4G23050	15	0.374278	2.615518	3.380025
AT5G41090	0	0.0	0.0	0.0
AT1G75200	31	1.030149	7.191919	9.294092
AT4G28815	0	0.000000	0.000000	0.000000
AT3G14850	5	0.178028	1.695155	2.190644
AT1G43171	0	0.0	0.0	0.0
AT1G61700	0	0.0	0.0	0.0
AT5G14995	0	0.0	0.0	0.0
AT4G09445	0	0.0	0.0	0.0
AT5G23050	265	4.887480	44.161591	57.069870
AT2G17840	155	6.481365	46.569302	60.181351
AT1G04053	0	0.000000	0.000000	0.000000
AT2G19020	0	0.0	0.0	0.0
AT4G16265	20	1.644231	13.498026	17.443453
AT1G18650	55	2.154881	17.885538	23.113419
AT2G20010	26	0.564917	3.943932	5.096729
AT3G01925	0	0.000000	0.000000	0.000000
AT3G06385	0	0.0	0.0	0.0
AT1G60920	0	0.0	0.0	0.0
AT1G18710	0	0.000000	0.000000	0.000000
AT3G21310	0	0.000000	0.000000	0.000000
AT3G52730	200	13.127760	162.614441	210.146072
AT5G16730	338	8.596240	60.014099	77.556015
AT4G11060	18	1.220369	8.519928	11.010273
AT4G36197	0	0.0	0.0	0.0
AT2G29628	0	0.000000	0.000000	0.000000
AT5G47455	52	2.337644	35.907913	46.403671
AT4G16730	0	0.0	0.0	0.0
AT5G11060	97	3.049155	21.388405	27.640160
AT1G56050	115	6.000000	41.888615	54.132511
AT5G65575	13	0.754565	6.586140	8.511246
AT2G05485	0	0.0	0.0	0.0
AT2G17580	0	0.000000	0.000000	0.000000
AT5G46295	0	0.0	0.0	0.0
ATMG00230	0	0.0	0.0	0.0
AT2G30440	178	6.197558	47.244373	61.053741
AT5G66930	17	0.877276	8.992919	11.621520
AT1G29710	7	0.290468	2.027884	2.620627
AT3G50190	0	0.0	0.0	0.0
AT1G10720	40	1.647644	12.091680	15.626036
AT4G21210	264	10.965158	90.295975	116.689171
AT1G74640	69	3.402120	23.751684	30.694218
AT3G43700	14	0.534759	4.018619	5.193248
AT1G68910	34	1.096656	8.098828	10.466088
AT4G06285	0	0.000000	0.000000	0.000000
AT2G40290	7	0.268040	2.081927	2.690467
AT5G38212	29	0.466433	3.270516	4.226477
AT3G54650	57	1.708349	12.691203	16.400799
AT5G06285	0	0.000000	0.000000	0.000000
AT4G15053	0	0.0	0.0	0.0
AT3G27660	3	0.157401	1.098885	1.420085
AT5G38680	0	0.000000	0.000000	0.000000
AT1G22590	34	1.010333	13.935993	18.009436
AT4G06634	21	0.922547	6.485356	8.381003
AT1G59900	144	6.908597	49.237984	63.630081
AT5G26660	0	0.000000	0.000000	0.000000
AT1G03540	0	0.0	0.0	0.0
AT1G76970	0	0.000000	0.000000	0.000000
AT4G04075	0	0.000000	0.000000	0.000000
AT1G34770	15	0.795766	7.286748	9.416640
AT4G38680	370	17.053633	119.058838	153.859329
AT3G61890	10	0.695446	4.855212	6.274373
AT1G29400	63	1.514320	11.419004	14.756740
AT1G78478	0	0.000000	0.000000	0.000000
AT3G08155	0	0.0	0.0	0.0
AT3G43410	0	0.0	0.0	0.0
AT4G26660	0	0.000000	0.000000	0.000000
AT3G10585	0	0.0	0.0	0.0
AT3G23330	1	0.030570	0.216592	0.279901
AT5G04075	0	0.000000	0.000000	0.000000
AT5G23230	1	0.016972	0.118489	0.153123
AT4G14272	0	0.0	0.0	0.0
AT4G07385	0	0.000000	0.000000	0.000000
AT1G04233	0	0.000000	0.000000	0.000000
AT3G25080	0	0.0	0.0	0.0
AT3G47295	58	9.950006	69.465324	89.769806
AT4G23230	0	0.000000	0.000000	0.000000
AT1G14310	59	4.686373	33.183105	42.882416
AT1G65820	190	14.148321	119.856491	154.890121
AT1G51035	0	0.0	0.0	0.0
AT5G07385	0	0.0	0.0	0.0
AT1G13860	23	0.625213	4.611567	5.959511
AT2G07757	0	0.000000	0.000000	0.000000
AT3G17730	0	0.000000	0.000000	0.000000
AT1G18400	24	1.242700	11.841848	15.303181
AT1G56230	23	0.630961	4.647500	6.005948
AT5G59060	0	0.0	0.0	0.0
AT2G07617	0	0.0	0.0	0.0
ATMG00050	1	0.046086	0.321746	0.415792
AT1G43890	72	5.080000	38.736797	50.059429
AT1G61410	0	0.0	0.0	0.0
AT3G62550	336	23.267361	162.439590	209.920105
AT5G58210	14	0.550371	4.039640	5.220413
AT1G61560	10	0.236457	2.011680	2.599687
AT1G34130	112	3.417145	23.856579	30.829775
AT3G17265	0	0.0	0.0	0.0
AT1G21850	0	0.0	0.0	0.0
AT3G22860	0	0.0	0.0	0.0
AT3G05210	16	0.695556	4.855979	6.275366
AT3G50320	0	0.0	0.0	0.0
AT5G50220	0	0.0	0.0	0.0
AT3G08425	0	0.000000	0.000000	0.000000
AT3G17170	291	20.684629	144.408417	186.618500
AT4G15233	28	0.396250	3.182948	4.113313
AT3G13590	6	0.267834	1.869866	2.416421
AT5G05310	10	0.341121	2.460865	3.180168
AT1G03880	0	0.0	0.0	0.0
AT1G53660	0	0.000000	0.000000	0.000000
AT3G48930	798	77.685753	542.358093	700.887512
AT3G24900	4	0.100614	0.757186	0.978508
AT3G58310	0	0.0	0.0	0.0
AT4G05310	0	0.0	0.0	0.0
AT1G20570	4	0.091795	0.654021	0.845189
AT3G54400	233	10.890515	76.031433	98.255157
AT3G10845	0	0.000000	0.000000	0.000000
AT1G12330	15	0.505333	3.974908	5.136760
AT2G20463	0	0.0	0.0	0.0
AT1G04550	48	2.529490	19.157541	24.757225
AT2G27330	19	1.615470	11.278300	14.574908
AT4G34700	177	13.848188	96.680237	124.939537
AT5G42520	33	1.642125	12.496428	16.149092
AT5G50830	0	0.0	0.0	0.0
AT5G41080	0	0.000000	0.000000	0.000000
AT2G47560	0	0.0	0.0	0.0
AT2G47410	43	0.572107	4.127900	5.334470
AT3G16432	0	0.0	0.0	0.0
AT1G07910	15	0.251043	2.024295	2.615990
AT4G29470	0	0.000000	0.000000	0.000000
AT5G59970	95	8.439377	58.918968	76.140778
AT1G71170	15	0.773176	5.397879	6.975660
AT3G06605	0	0.0	0.0	0.0
AT5G07125	0	0.0	0.0	0.0
AT5G18470	37	1.933055	13.495500	17.440187
AT1G56820	0	0.0	0.0	0.0
AT5G63110	16	0.666846	4.655542	6.016342
AT5G01090	50	2.483406	17.337740	22.405500
AT1G50010	441	19.838129	138.498611	178.981308
AT1G52245	0	0.000000	0.000000	0.000000
AT4G07125	0	0.0	0.0	0.0
AT4G18470	14	0.695265	4.853948	6.272740
AT4G01090	26	0.687061	4.796672	6.198723
AT5G04965	0	0.0	0.0	0.0
AT1G71730	48	4.018355	28.053886	36.253941
AT4G07455	61	2.944271	82.460243	106.563080
AT4G15550	58	2.648470	18.490124	23.894722
AT1G40104	0	0.0	0.0	0.0
AT1G08367	0	0.0	0.0	0.0
AT5G23820	271	20.512310	143.205368	185.063812
AT4G10630	2	0.132616	0.925850	1.196473
AT4G06295	0	0.0	0.0	0.0
AT3G01430	1	0.063423	0.442784	0.572208
AT2G40280	36	1.193630	8.350746	10.791641
AT3G50180	0	0.0	0.0	0.0
AT2G19850	1	0.018406	0.135147	0.174650
AT1G04507	0	0.000000	0.000000	0.000000
AT1G04823	0	0.000000	0.000000	0.000000
AT5G15550	62	2.582371	20.201071	26.105774
AT5G07455	0	0.0	0.0	0.0
AT4G04965	0	0.0	0.0	0.0
AT1G76060	4	0.361180	2.521555	3.258597
AT2G26050	0	0.0	0.0	0.0
AT3G14020	13	0.473153	3.867736	4.998262
AT5G10630	27	0.641755	5.067636	6.548888
AT5G06295	0	0.000000	0.000000	0.000000
AT4G23820	127	5.993510	41.843304	54.073959
AT1G65230	164	9.451194	71.125763	91.915573
AT2G28850	0	0.0	0.0	0.0
AT1G73400	3	0.098266	0.686038	0.886564
AT5G20500	162	15.679243	109.463631	141.459473
AT1G56553	0	0.0	0.0	0.0
AT1G78860	7	0.296625	2.070868	2.676176
AT3G06395	0	0.0	0.0	0.0
AT1G27640	0	0.000000	0.000000	0.000000
AT3G03700	0	0.000000	0.000000	0.000000
AT5G02805	0	0.0	0.0	0.0
AT2G05495	0	0.0	0.0	0.0
AT2G17590	0	0.0	0.0	0.0
AT4G07395	0	0.0	0.0	0.0
AT5G11970	64	5.168033	36.080292	46.626434
AT4G20760	54	3.482614	24.313646	31.420441
AT2G29900	17	0.939459	6.558773	8.475880
AT3G25090	0	0.0	0.0	0.0
AT1G16100	0	0.0	0.0	0.0
ATCG00900	5	0.709096	4.950508	6.397525
AT3G03560	58	2.221528	16.243168	20.990992
AT3G03410	0	0.0	0.0	0.0
AT5G07395	0	0.0	0.0	0.0
AT4G11970	21	0.763640	6.027046	7.788730
AT1G73710	33	0.679947	4.747006	6.134540
AT4G24040	8	0.252477	1.762652	2.277869
AT3G13840	0	0.0	0.0	0.0
AT3G06455	0	0.000000	0.000000	0.000000
AT2G18900	40	1.124464	7.850373	10.145010
AT5G38690	56	1.576605	11.143788	14.401080
AT3G07295	0	0.0	0.0	0.0
AT5G61770	79	4.376479	32.282150	41.718113
AT1G73607	0	0.0	0.0	0.0
AT5G24040	0	0.000000	0.000000	0.000000
ATMG00820	0	0.0	0.0	0.0
AT1G04767	0	0.0	0.0	0.0
AT4G32430	6	0.159594	1.139824	1.472991
AT4G38690	31	1.467643	10.246255	13.241200
AT3G61880	10	0.380729	2.658035	3.434970
AT3G10595	0	0.0	0.0	0.0
AT2G05355	1	0.318841	2.225968	2.876611
AT1G69270	20	0.748814	5.227797	6.755864
AT1G66173	2	0.101146	0.706144	0.912548
AT1G22840	204	22.218792	155.969040	201.558258
AT3G32090	0	0.0	0.0	0.0
AT3G13580	142	6.696397	49.873055	64.450775
AT2G31370	94	3.436004	24.109493	31.156618
AT1G65050	0	0.0	0.0	0.0
AT5G41471	11	7.663636	53.503181	69.141975
AT2G26230	42	2.230168	15.569775	20.120766
AT1G03890	0	0.0	0.0	0.0
AT5G07605	0	0.0	0.0	0.0
AT3G06125	93	8.718008	110.352669	142.608383
AT3G61540	26	1.160181	8.099729	10.467252
AT3G45210	33	1.722746	12.027241	15.542762
AT1G26225	0	0.000000	0.000000	0.000000
AT5G45310	0	0.000000	0.000000	0.000000
AT1G73650	199	10.050159	85.737915	110.798813
AT5G38300	5	0.312392	2.180945	2.818427
AT1G10865	23	1.187305	9.390533	12.135355
AT2G23660	0	0.0	0.0	0.0
AT3G48425	255	6.787667	65.765678	84.988762
AT3G08930	193	5.195615	36.309597	46.922768
AT5G25430	0	0.0	0.0	0.0
AT4G20235	0	0.0	0.0	0.0
AT1G35580	84	2.214048	19.617039	25.351032
AT1G07473	0	0.000000	0.000000	0.000000
AT3G53640	0	0.0	0.0	0.0
AT5G61130	113	8.283733	57.832352	74.736549
AT2G47700	39	1.871967	13.589798	17.562048
AT4G38300	11	0.339078	2.367251	3.059191
AT4G25430	0	0.0	0.0	0.0
AT4G34560	23	1.495873	10.443341	13.495894
AT4G34410	15	0.836101	5.837185	7.543375
AT5G55930	67	1.861827	13.260958	17.137091
AT1G54530	3	0.273292	1.907971	2.465664
AT2G04360	66	3.089307	24.261990	31.353687
AT4G34980	66	1.818499	12.695733	16.406654
AT5G28290	24	0.632245	4.960973	6.411049
AT3G59800	38	1.873204	15.695147	20.282785
AT2G08055	0	0.0	0.0	0.0
AT1G47350	0	0.0	0.0	0.0
AT1G09625	0	0.0	0.0	0.0
AT2G03810	0	0.000000	0.000000	0.000000
AT5G62865	2	0.147410	1.029133	1.329946
AT1G36340	0	0.0	0.0	0.0
AT2G08500	0	0.000000	0.000000	0.000000
AT4G22000	55	5.601282	39.104992	50.535244
AT5G00850	0	0.0	0.0	0.0
AT5G26751	115	4.442719	31.305288	40.455715
AT3G00995	0	0.000000	0.000000	0.000000
AT1G61990	28	1.118635	7.809679	10.092421
AT4G28290	0	0.000000	0.000000	0.000000
AT3G19390	0	0.0	0.0	0.0
AT1G67830	30	1.677188	11.709181	15.131734
AT1G77525	0	0.0	0.0	0.0
AT2G09630	0	0.0	0.0	0.0
AT5G22555	0	0.0	0.0	0.0
AT3G15720	33	1.411958	10.050454	12.988167
AT5G22000	118	4.106532	33.398930	43.161324
AT4G00850	14	0.743851	5.465501	7.063048
AT1G55190	18	1.710495	11.941710	15.432232
AT2G33735	17	1.804945	12.776613	16.511175
AT5G03025	0	0.0	0.0	0.0
AT5G19290	54	2.709821	18.918440	24.448236
AT5G67010	0	0.0	0.0	0.0
AT5G01570	0	0.000000	0.000000	0.000000
AT1G33720	0	0.000000	0.000000	0.000000
AT2G25180	39	0.946494	8.654397	11.184048
AT3G28390	0	0.0	0.0	0.0
AT3G51120	25	0.457948	3.197134	4.131646
AT1G11790	79	3.402347	24.914593	32.197044
AT2G13440	55	1.363665	9.982244	12.900022
AT3G13960	13	0.486623	3.397327	4.390354
AT5G64905	1	0.138728	0.968521	1.251616
AT4G01570	0	0.000000	0.000000	0.000000
AT2G06855	0	0.0	0.0	0.0
AT2G41220	25	0.346939	2.422132	3.130113
AT3G18530	41	1.045455	11.474101	14.827942
AT4G35000	231	13.896006	97.014069	125.370956
AT2G33260	0	0.0	0.0	0.0
AT2G39855	0	0.000000	0.000000	0.000000
AT3G43990	0	0.0	0.0	0.0
AT1G52510	170	8.393040	64.375298	83.191971
AT3G51450	33	1.923865	13.560392	17.524048
AT1G52460	0	0.0	0.0	0.0
AT2G40815	0	0.000000	0.000000	0.000000
AT4G21895	0	0.0	0.0	0.0
AT3G01740	64	2.984090	20.833233	26.922714
AT5G48010	0	0.0	0.0	0.0
AT3G19600	0	0.000000	0.000000	0.000000
AT1G22960	20	0.517699	3.628916	4.689635
AT3G21950	34	1.586722	11.077598	14.315541
AT5G49260	0	0.000000	0.000000	0.000000
AT4G29140	12	0.408797	2.853990	3.688201
AT1G71440	27	1.025774	7.929354	10.247077
AT5G46810	0	0.0	0.0	0.0
AT1G06533	0	0.0	0.0	0.0
AT3G49360	17	1.131556	8.024078	10.369489
AT5G18140	49	2.026054	14.144765	18.279232
AT2G15029	0	0.0	0.0	0.0
AT3G03980	18	1.313242	9.168315	11.848182
AT4G40020	2	0.066728	0.465857	0.602026
AT3G02975	0	0.0	0.0	0.0
AT2G36630	38	1.543388	10.775064	13.924579
AT1G48830	321	23.693443	165.555328	213.946594
AT1G24800	32	1.244396	8.687671	11.227047
AT1G68350	0	0.0	0.0	0.0
AT4G18140	11	0.319810	2.306059	2.980112
AT1G09340	959	32.783333	285.483429	368.929230
AT3G44630	79	1.183539	9.176377	11.858603
AT5G40020	0	0.000000	0.000000	0.000000
AT2G32180	15	1.898305	19.816233	25.608450
AT3G55513	0	0.0	0.0	0.0
AT3G28600	0	0.0	0.0	0.0
AT1G44446	516	16.967093	138.045685	178.395950
AT2G33175	2	0.157838	1.101936	1.424028
AT2G17070	0	0.0	0.0	0.0
AT1G64065	2	0.114510	0.799444	1.033119
AT1G08220	32	1.673854	14.076208	18.190634
AT1G64750	123	7.140590	127.626534	164.931335
AT2G29780	0	0.0	0.0	0.0
AT3G25570	29	1.227297	9.251205	11.955301
AT3G51390	15	0.772864	5.935268	7.670126
AT3G28120	0	0.0	0.0	0.0
ATCG00780	290	62.758808	438.146606	566.215332
AT2G08235	0	0.000000	0.000000	0.000000
AT3G47810	66	3.754961	38.514439	49.772076
AT3G11800	91	2.887033	36.797291	47.553013
AT2G38905	0	0.0	0.0	0.0
AT1G59790	0	0.0	0.0	0.0
AT3G20110	0	0.000000	0.000000	0.000000
AT4G16024	0	0.0	0.0	0.0
AT3G19120	21	0.898267	6.271193	8.104241
AT2G18780	4	0.207413	1.448041	1.871298
AT1G66180	42	1.913322	13.357735	17.262156
AT1G55320	8	0.208011	1.535294	1.984056
AT1G14950	0	0.0	0.0	0.0
AT4G04585	0	0.000000	0.000000	0.000000
AT5G51290	83	2.328754	17.406982	22.494982
AT1G62630	44	1.007071	7.030802	9.085880
AT1G68490	124	3.980305	29.520561	38.149319
AT1G07143	0	0.0	0.0	0.0
AT3G26935	88	3.364464	23.488791	30.354483
AT5G04585	0	0.0	0.0	0.0
AT1G17460	0	0.000000	0.000000	0.000000
AT1G17510	24	2.790105	19.478939	25.172565
AT3G60820	252	18.174656	131.150238	169.485001
AT3G24790	0	0.0	0.0	0.0
AT1G47490	117	2.510384	33.972393	43.902405
AT3G51600	1173	95.778343	668.670349	864.120422
AT2G01830	29	0.496393	3.562082	4.603267
AT2G07990	0	0.0	0.0	0.0
AT1G68872	6	0.139679	2.347012	3.033036
AT3G19450	81	3.562603	24.872084	32.142109
AT5G04845	0	0.0	0.0	0.0
AT4G29305	0	0.0	0.0	0.0
AT5G45775	588	47.445457	356.126617	460.221161
AT1G20080	0	0.000000	0.000000	0.000000
AT2G07629	2	0.256162	1.788378	2.311115
AT1G30860	0	0.000000	0.000000	0.000000
AT4G25740	295	24.488565	170.965347	220.937943
AT3G05895	0	0.0	0.0	0.0
AT5G14565	0	0.0	0.0	0.0
AT3G63500	74	1.518930	12.952672	16.738693
AT1G07480	26	0.900220	6.920613	8.943485
AT4G05950	0	0.0	0.0	0.0
AT3G58950	0	0.0	0.0	0.0
AT1G05067	0	0.0	0.0	0.0
AT1G46768	7	0.415658	3.198789	4.133784
AT3G22337	0	0.0	0.0	0.0
AT2G08760	0	0.0	0.0	0.0
AT2G47980	64	1.341455	9.600933	12.407253
AT5G05950	27	1.690812	11.804296	15.254650
AT1G64610	14	0.394477	3.204158	4.140722
AT4G14415	0	0.0	0.0	0.0
AT3G28450	17	0.573670	4.005040	5.175700
AT1G78940	0	0.000000	0.000000	0.000000
AT1G04220	6	0.196169	1.369541	1.769853
AT1G47610	0	0.0	0.0	0.0
AT1G68750	0	0.0	0.0	0.0
AT5G42250	78	3.568975	26.365385	34.071896
AT1G29950	58	1.752701	14.742007	19.051044
AT1G11600	30	1.205550	8.416470	10.876575
AT1G09740	17	1.229264	9.108323	11.770655
AT4G01240	0	0.0	0.0	0.0
AT3G24120	30	1.083874	11.722599	15.149074
AT2G04235	19	0.335016	2.438490	3.151252
AT3G49760	0	0.0	0.0	0.0
AT3G15909	0	0.0	0.0	0.0
AT5G48595	0	0.0	0.0	0.0
AT5G01240	44	1.421652	10.267856	13.269114
AT3G62830	39	1.675420	11.696837	15.115783
AT4G31480	326	3.741330	47.739826	61.694012
AT3G01340	97	5.946759	41.904930	54.153599
AT1G18950	36	0.891284	6.239986	8.063913
AT4G08585	0	0.0	0.0	0.0
AT2G23070	214	3.269026	113.716553	146.955521
AT2G01422	0	0.0	0.0	0.0
AT1G64490	41	4.557284	31.816383	41.116207
AT4G14695	0	0.000000	0.000000	0.000000
AT1G21530	0	0.0	0.0	0.0
AT2G37010	0	0.0	0.0	0.0
AT5G08585	0	0.0	0.0	0.0
AT1G33320	0	0.0	0.0	0.0
AT3G28790	0	0.0	0.0	0.0
AT4G08845	0	0.0	0.0	0.0
AT1G11390	31	0.865213	6.273700	8.107481
AT5G15220	22	1.370110	10.020078	12.948912
AT3G01625	0	0.000000	0.000000	0.000000
AT2G05812	7	0.174415	2.226052	2.876719
AT4G29415	0	0.0	0.0	0.0
AT1G60620	0	0.000000	0.000000	0.000000
AT4G09462	0	0.0	0.0	0.0
AT5G08845	0	0.0	0.0	0.0
AT1G51800	5	0.114858	0.830135	1.072780
AT5G63260	22	0.606134	6.382715	8.248361
AT3G14205	120	2.471547	17.254946	22.298508
AT4G32105	0	0.0	0.0	0.0
AT5G62180	1	0.053756	0.375294	0.484991
AT3G63360	0	0.0	0.0	0.0
AT3G19790	29	2.169027	17.096329	22.093527
AT3G27960	8	0.205354	1.451043	1.875177
AT5G06045	0	0.0	0.0	0.0
AT5G62998	2	0.877193	6.124066	7.914110
AT3G54950	12	0.365804	2.553837	3.300315
AT4G14305	68	1.355533	9.492085	12.266590
AT5G66630	0	0.000000	0.000000	0.000000
AT1G47750	16	1.211192	8.455859	10.927478
AT1G68610	0	0.0	0.0	0.0
AT3G24450	6	0.506358	3.535106	4.568406
AT1G74940	62	3.513262	24.527613	31.696951
AT3G57460	7	0.324822	2.301898	2.974735
AT3G57510	0	0.0	0.0	0.0
AT4G06045	0	0.0	0.0	0.0
AT2G08360	0	0.0	0.0	0.0
AT4G38980	22	1.261619	8.807912	11.382435
AT5G24290	4	0.127012	0.898448	1.161061
AT5G25340	0	0.000000	0.000000	0.000000
AT3G12510	3	0.287582	2.007735	2.594589
AT2G12940	0	0.0	0.0	0.0
AT1G11450	6	0.254051	2.087770	2.698019
AT3G12460	1	0.069431	0.484728	0.626412
AT5G56460	0	0.000000	0.000000	0.000000
AT5G56510	0	0.000000	0.000000	0.000000
AT4G26960	16	1.711724	11.950292	15.443320
AT2G04500	0	0.0	0.0	0.0
AT3G45275	0	0.0	0.0	0.0
AT5G18705	0	0.000000	0.000000	0.000000
AT1G59600	35	1.985096	13.858820	17.909706
AT4G24290	38	0.954923	8.142735	10.522828
AT4G25340	136	5.729573	40.340893	52.132397
ATMG01270	2	0.247204	1.725839	2.230296
AT5G38980	260	28.558460	199.379059	257.656860
AT3G07045	0	0.0	0.0	0.0
AT1G76670	174	6.379991	54.251495	70.109024
AT3G09825	0	0.0	0.0	0.0
AT5G42030	137	6.081202	83.627983	108.072159
AT5G26960	10	0.428571	2.992041	3.866604
AT3G01105	0	0.0	0.0	0.0
AT3G45160	121	12.780132	89.223671	115.303444
AT3G61829	0	0.0	0.0	0.0
AT1G05140	76	4.005945	27.967249	36.141979
AT3G25240	0	0.0	0.0	0.0
AT5G53000	46	2.111690	14.742628	19.051847
AT1G45234	0	0.000000	0.000000	0.000000
AT3G14530	0	0.0	0.0	0.0
AT5G36659	0	0.0	0.0	0.0
AT1G19800	65	3.021164	21.757185	28.116734
AT1G72780	0	0.0	0.0	0.0
AT2G18380	6	0.419847	2.931135	3.787895
AT5G44010	13	0.404112	3.175359	4.103506
AT1G55720	0	0.000000	0.000000	0.000000
AT3G02480	0	0.000000	0.000000	0.000000
AT4G32340	160	8.802213	61.452084	79.414322
AT3G15190	508	40.329117	281.555145	363.852722
AT2G04038	0	0.0	0.0	0.0
ATCG00380	834	110.094063	768.614624	993.278076
AT5G14140	9	0.522530	3.648010	4.714311
AT3G49055	0	0.000000	0.000000	0.000000
AT1G23460	0	0.000000	0.000000	0.000000
AT1G23510	0	0.0	0.0	0.0
AT1G44830	1	0.085057	0.593820	0.767392
AT3G49500	26	0.479196	3.356109	4.337088
AT1G05483	0	0.000000	0.000000	0.000000
AT1G28800	0	0.000000	0.000000	0.000000
AT1G64350	50	2.820641	20.771343	26.842733
AT5G25625	0	0.0	0.0	0.0
AT4G14140	0	0.000000	0.000000	0.000000
AT2G29380	0	0.000000	0.000000	0.000000
AT3G48630	10	0.704277	5.530840	7.147486
AT3G24600	0	0.000000	0.000000	0.000000
AT1G11120	13	0.977099	7.370092	9.524345
AT3G51790	23	1.331724	9.297346	12.014928
AT2G07673	0	0.0	0.0	0.0
AT1G53580	79	4.383761	32.332649	41.783371
AT5G26840	0	0.0	0.0	0.0
AT4G33930	2	0.126736	0.884799	1.143423
AT2G09425	0	0.000000	0.000000	0.000000
AT4G19040	37	0.879187	7.204430	9.310261
AT1G28306	0	0.0	0.0	0.0
AT1G09430	144	5.137483	40.511402	52.352745
AT4G26840	131	12.409952	86.639282	111.963646
AT1G07997	0	0.000000	0.000000	0.000000
AT3G06795	0	0.0	0.0	0.0
AT1G05913	0	0.000000	0.000000	0.000000
AT3G03300	11	0.137867	1.226429	1.584910
AT5G17820	0	0.000000	0.000000	0.000000
AT5G19040	0	0.000000	0.000000	0.000000
AT4G11485	0	0.0	0.0	0.0
ATCG01190	1	0.486486	3.396371	4.389118
AT4G28040	0	0.000000	0.000000	0.000000
AT3G02910	0	0.000000	0.000000	0.000000
AT2G02540	0	0.000000	0.000000	0.000000
AT1G61680	0	0.000000	0.000000	0.000000
AT5G43066	0	0.0	0.0	0.0
AT5G03200	4	0.198918	1.451447	1.875701
AT2G14900	20	2.146853	14.988116	19.369091
AT4G30150	19	0.227118	1.585610	2.049078
AT5G01017	0	0.000000	0.000000	0.000000
AT2G27170	82	1.408934	11.174744	14.441084
AT5G49110	0	0.000000	0.000000	0.000000
AT2G23590	0	0.000000	0.000000	0.000000
AT1G71330	0	0.000000	0.000000	0.000000
AT2G33110	16	0.821658	5.736352	7.413069
AT2G05060	0	0.0	0.0	0.0
AT5G28040	34	0.894180	8.390136	10.842544
AT4G03200	54	1.446980	10.177132	13.151873
AT1G08767	0	0.0	0.0	0.0
AT4G34690	0	0.0	0.0	0.0
AT1G13640	27	0.755484	5.725210	7.398669
AT5G57345	247	19.723000	137.694855	177.942596
AT2G41550	0	0.000000	0.000000	0.000000
AT1G25211	33	1.599047	11.163643	14.426739
AT2G02880	0	0.000000	0.000000	0.000000
AT1G34046	0	0.0	0.0	0.0
AT5G57620	0	0.0	0.0	0.0
AT3G56100	10	0.256195	1.788609	2.311413
AT5G12100	10	0.257939	1.800785	2.327148
AT2G46200	7	0.122822	0.983754	1.271302
AT4G30420	0	0.0	0.0	0.0
AT3G22640	0	0.0	0.0	0.0
AT2G20585	39	1.993338	21.228626	27.433681
AT4G12100	0	0.0	0.0	0.0
AT3G03690	5	0.225137	1.775428	2.294379
AT2G42890	0	0.000000	0.000000	0.000000
AT2G15080	73	1.524319	11.222037	14.502199
AT5G01465	0	0.000000	0.000000	0.000000
AT5G01515	1	0.266234	1.858696	2.401986
AT5G26580	0	0.0	0.0	0.0
AT1G53840	78	2.798383	19.536732	25.247252
AT3G04930	40	1.371255	9.573329	12.371580
AT2G07764	0	0.0	0.0	0.0
AT5G45400	92	2.172619	15.168000	19.601555
AT5G38560	40	1.016171	7.373332	9.528531
AT5G38410	10734	309.237000	6411.060547	8284.991211
AT2G09155	0	0.0	0.0	0.0
AT4G26580	0	0.000000	0.000000	0.000000
AT4G34300	0	0.0	0.0	0.0
AT2G27730	99	3.754479	63.939461	82.628746
AT4G38560	0	0.000000	0.000000	0.000000
AT4G38410	0	0.0	0.0	0.0
AT1G08550	219	6.763932	47.221958	61.024773
AT2G47300	0	0.000000	0.000000	0.000000
AT5G51040	40	2.455113	17.140213	22.150240
AT1G08005	1	0.026527	0.185197	0.239329
AT4G38700	10	0.682881	4.767490	6.161011
AT1G10180	41	0.469097	3.274971	4.232233
AT1G69540	3	0.114436	0.817812	1.056856
AT3G27580	12	0.372664	2.601730	3.362206
AT5G45710	8	0.267273	2.152642	2.781852
AT5G38700	0	0.0	0.0	0.0
AT1G54020	0	0.000000	0.000000	0.000000
AT3G03145	0	0.000000	0.000000	0.000000
AT5G14470	0	0.000000	0.000000	0.000000
AT4G03535	0	0.0	0.0	0.0
AT4G12620	28	0.776682	5.422356	7.007291
AT2G31770	0	0.0	0.0	0.0
AT2G05615	0	0.0	0.0	0.0
AT2G17660	3	0.375000	2.618038	3.383282
AT5G03535	0	0.0	0.0	0.0
AT5G57100	19	0.675390	5.459699	7.055551
AT3G56620	6	0.299592	2.091582	2.702945
AT5G08965	0	0.0	0.0	0.0
AT1G04367	2	0.217586	1.519063	1.963079
AT2G47690	136	10.048823	103.169426	133.325500
AT2G05755	27	1.286836	9.027569	11.666296
AT1G08507	0	0.000000	0.000000	0.000000
AT1G08823	0	0.0	0.0	0.0
AT1G72900	32	1.822464	12.723415	16.442427
AT4G08965	0	0.000000	0.000000	0.000000
AT2G46535	8	0.675637	4.716916	6.095655
AT3G20260	43	1.327372	9.266962	11.975664
AT1G09637	0	0.000000	0.000000	0.000000
AT3G18020	1	0.035164	0.245495	0.317253
AT5G58412	0	0.0	0.0	0.0
AT5G41663	0	0.0	0.0	0.0
AT4G31910	0	0.0	0.0	0.0
AT5G61370	3	0.116525	0.813512	1.051298
AT5G40530	24	1.373034	10.577636	13.669443
AT3G61270	0	0.0	0.0	0.0
AT5G07795	0	0.0	0.0	0.0
AT2G24850	22	0.672242	4.914372	6.350826
AT1G24706	60	0.696912	5.315896	6.869714
AT1G74860	0	0.000000	0.000000	0.000000
AT2G07680	25	0.398384	2.867010	3.705028
AT1G69880	0	0.0	0.0	0.0
AT1G73310	13	0.317555	2.713810	3.507047
AT2G31130	11	0.335769	2.398584	3.099682
AT5G45650	113	3.089938	21.676779	28.012827
AT5G20360	19	0.387458	2.976549	3.846584
AT2G45970	33	0.992439	6.928649	8.953870
AT3G16820	0	0.0	0.0	0.0
AT5G52820	68	3.011667	21.025759	27.171516
AT1G13195	0	0.000000	0.000000	0.000000
AT3G27840	0	0.000000	0.000000	0.000000
AT3G29020	0	0.000000	0.000000	0.000000
AT1G05470	11	0.245516	1.738412	2.246544
AT3G10010	33	0.585022	4.084293	5.278119
AT1G06023	0	0.0	0.0	0.0
AT4G20360	1823	74.096596	565.311829	730.550537
AT2G26480	0	0.0	0.0	0.0
AT1G14010	53	3.828494	32.015640	41.373707
AT1G08613	0	0.0	0.0	0.0
AT2G38460	28	0.869992	6.541403	8.453432
AT2G38510	0	0.0	0.0	0.0
AT2G33800	828	50.556149	352.954498	456.121887
AT2G45500	10	0.303483	2.171869	2.806699
AT3G04275	0	0.000000	0.000000	0.000000
AT5G49800	8	0.321946	3.664521	4.735648
AT4G07085	0	0.000000	0.000000	0.000000
AT2G28190	1220	92.631523	646.701050	835.729492
AT1G57250	0	0.0	0.0	0.0
AT3G16610	4	0.141443	0.987475	1.276111
AT1G24260	0	0.0	0.0	0.0
AT5G25280	642	17.933241	141.467819	182.818375
AT5G52610	0	0.0	0.0	0.0
AT2G30520	299	9.329302	76.539711	98.912010
AT1G08977	0	0.0	0.0	0.0
AT3G04160	18	0.488274	3.542778	4.578321
AT4G14830	10	0.586731	4.096225	5.293537
AT5G04375	0	0.000000	0.000000	0.000000
AT5G41120	8	0.244744	1.708665	2.208101
AT3G23030	99	5.830633	52.150005	67.393272
AT1G72570	0	0.0	0.0	0.0
AT4G25280	58	1.138887	8.582007	11.090498
AT3G62695	0	0.000000	0.000000	0.000000
AT2G19190	0	0.000000	0.000000	0.000000
AT1G58180	39	1.414001	15.812778	20.434797
AT3G58010	42	1.919298	15.124143	19.544878
AT1G24735	5	0.309158	2.316692	2.993853
ATCG00240	0	0.000000	0.000000	0.000000
AT4G05010	12	0.772329	5.803605	7.499979
AT4G33160	2	0.085020	0.615637	0.795586
AT1G01670	0	0.000000	0.000000	0.000000
AT5G02440	0	0.000000	0.000000	0.000000
AT3G18291	0	0.0	0.0	0.0
AT1G70590	0	0.000000	0.000000	0.000000
AT5G23490	30	0.579394	5.779798	7.469213
AT3G59260	0	0.0	0.0	0.0
AT1G12030	0	0.0	0.0	0.0
AT1G04493	0	0.000000	0.000000	0.000000
AT3G07920	0	0.0	0.0	0.0
AT4G18422	0	0.0	0.0	0.0
AT2G24720	0	0.0	0.0	0.0
AT2G44993	0	0.000000	0.000000	0.000000
AT3G32380	0	0.0	0.0	0.0
AT4G02440	5	0.244828	1.709251	2.208859
AT5G05010	207	7.701910	54.739223	70.739311
AT4G23490	9	0.314539	2.195934	2.837798
AT5G41450	0	0.0	0.0	0.0
AT5G52750	37	3.109226	23.260874	30.059946
AT5G53990	0	0.0	0.0	0.0
AT3G16750	15	0.760554	6.206322	8.020409
AT5G64667	5	0.422145	2.947178	3.808628
AT4G12810	0	0.000000	0.000000	0.000000
AT1G05830	63	0.894915	8.015554	10.358473
AT3G50020	0	0.0	0.0	0.0
AT5G54630	57	2.318692	16.187799	20.919437
AT5G59360	2	0.135578	0.946529	1.223196
AT4G09525	0	0.0	0.0	0.0
AT2G18240	0	0.000000	0.000000	0.000000
AT3G56810	0	0.000000	0.000000	0.000000
ATMG00350	0	0.0	0.0	0.0
AT4G32280	11	0.628215	4.494439	5.808148
AT3G14180	37	1.225679	8.556999	11.058181
AT2G05825	0	0.0	0.0	0.0
AT5G57810	0	0.0	0.0	0.0
AT5G15685	0	0.0	0.0	0.0
AT5G08135	0	0.000000	0.000000	0.000000
AT2G15790	0	0.000000	0.000000	0.000000
AT2G40430	203	7.345913	57.708759	74.576836
AT3G01280	387	20.739649	144.792526	187.114883
AT5G23350	1	0.120244	0.839476	1.084852
AT2G19320	0	0.0	0.0	0.0
AT1G04353	0	0.000000	0.000000	0.000000
AT1G09870	31	1.085135	8.528535	11.021398
AT2G20310	0	0.000000	0.000000	0.000000
AT1G65480	0	0.0	0.0	0.0
AT5G64510	0	0.000000	0.000000	0.000000
AT5G64460	139	6.276896	57.581261	74.412064
AT3G13405	0	0.000000	0.000000	0.000000
AT5G41390	0	0.0	0.0	0.0
AT4G23350	0	0.0	0.0	0.0
AT2G28320	24	0.633713	4.439104	5.736639
AT3G08545	0	0.0	0.0	0.0
AT1G30200	50	2.153675	15.082058	19.490492
AT4G06920	0	0.0	0.0	0.0
AT2G31960	76	0.867796	6.058462	7.829329
AT5G17750	0	0.0	0.0	0.0
AT4G01380	0	0.000000	0.000000	0.000000
AT5G35917	0	0.0	0.0	0.0
AT1G28335	0	0.0	0.0	0.0
ATMG00490	1	0.143402	1.001152	1.293785
AT3G23250	0	0.000000	0.000000	0.000000
AT4G17750	0	0.000000	0.000000	0.000000
AT5G01380	0	0.0	0.0	0.0
AT1G03150	51	1.773776	12.383503	16.003159
AT1G57030	0	0.0	0.0	0.0
AT5G06920	0	0.0	0.0	0.0
AT4G17610	0	0.000000	0.000000	0.000000
AT4G05665	0	0.0	0.0	0.0
AT2G10931	3	0.190053	1.326843	1.714674
AT4G08775	1	0.178558	1.246591	1.610965
AT5G39920	0	0.0	0.0	0.0
AT5G17610	33	2.498542	17.443411	22.542059
AT5G05665	0	0.0	0.0	0.0
AT2G43920	31	1.829932	13.554178	17.516018
AT1G12250	49	2.803172	23.810368	30.770058
AT3G11260	0	0.000000	0.000000	0.000000
AT5G41600	128	7.219702	50.403885	65.136772
AT5G62530	75	2.315566	16.165976	20.891235
AT4G39920	11	0.545342	3.807270	4.920122
AT5G08775	0	0.0	0.0	0.0
AT1G52905	19	2.106993	14.709835	19.009472
AT5G11360	0	0.000000	0.000000	0.000000
AT1G56350	0	0.000000	0.000000	0.000000
AT3G06085	0	0.000000	0.000000	0.000000
AT2G45760	5	0.409193	2.856755	3.691774
AT5G48950	0	0.0	0.0	0.0
AT4G11360	35	2.768087	19.325220	24.973917
AT1G63290	36	1.875984	15.753686	20.358435
AT3G62140	11	0.874291	6.103806	7.887928
AT4G04710	0	0.0	0.0	0.0
AT5G03185	1	0.008832	0.061660	0.079683
AT4G16520	88	3.538964	39.032822	50.441982
AT3G60350	40	0.880259	6.247659	8.073829
AT1G34015	0	0.0	0.0	0.0
AT3G02365	0	0.000000	0.000000	0.000000
AT1G01355	0	0.0	0.0	0.0
AT5G02170	0	0.0	0.0	0.0
AT1G20600	0	0.000000	0.000000	0.000000
AT3G49970	0	0.0	0.0	0.0
AT5G27540	79	2.496803	17.431271	22.526371
AT2G18465	16	0.977831	6.826664	8.822075
AT3G52520	14	0.869085	6.067461	7.840959
AT5G16520	31	0.923401	7.025140	9.078565
AT5G04710	59	2.099362	14.732199	19.038368
AT4G02170	0	0.0	0.0	0.0
AT3G51080	0	0.000000	0.000000	0.000000
AT4G27540	19	1.266667	9.143991	11.816749
AT4G22212	0	0.000000	0.000000	0.000000
AT1G07230	42	1.520277	10.613716	13.716069
AT3G09755	0	0.000000	0.000000	0.000000
AT1G78200	35	1.381520	11.119912	14.370224
AT2G31840	79	4.540014	31.695812	40.960396
AT1G10530	0	0.000000	0.000000	0.000000
AT2G07225	0	0.0	0.0	0.0
AT1G72090	39	1.513487	10.566312	13.654809
AT1G22370	7	0.211483	1.476455	1.908018
AT1G15650	0	0.0	0.0	0.0
AT5G02265	0	0.0	0.0	0.0
AT5G60250	0	0.000000	0.000000	0.000000
AT1G15710	22	0.946659	6.609039	8.540838
AT4G37060	0	0.0	0.0	0.0
AT3G24332	0	0.0	0.0	0.0
AT3G03835	0	0.0	0.0	0.0
AT4G02730	6	0.337182	2.354014	3.042085
AT1G70070	29	0.641414	4.477991	5.786892
AT5G37060	0	0.0	0.0	0.0
AT3G12385	0	0.0	0.0	0.0
AT2G31580	12	0.302615	2.188038	2.827594
AT3G13370	0	0.0	0.0	0.0
AT1G80040	83	3.508528	29.608124	38.262474
AT3G09615	0	0.0	0.0	0.0
AT2G32020	2	0.154737	1.080286	1.396050
AT5G02730	0	0.0	0.0	0.0
AT5G40180	0	0.0	0.0	0.0
AT2G08485	2	0.361110	2.521066	3.257965
AT5G42092	47	1.954973	13.648518	17.637934
AT1G51110	181	8.634569	65.704681	84.909943
AT1G65910	0	0.000000	0.000000	0.000000
AT4G00190	0	0.0	0.0	0.0
AT1G55850	48	1.480769	10.337893	13.359625
AT5G13270	4	0.125319	0.874907	1.130639
AT5G27880	0	0.0	0.0	0.0
AT5G47077	0	0.000000	0.000000	0.000000
AT3G27770	98	4.868856	38.116116	49.257320
AT4G13270	44	2.434511	23.535725	30.415138
AT4G04650	0	0.0	0.0	0.0
AT2G19582	0	0.0	0.0	0.0
AT4G27880	39	1.954315	13.643925	17.631996
AT3G19080	16	0.589015	4.571004	5.907093
AT5G26770	12	0.353130	3.346223	4.324313
AT2G35795	36	3.933884	27.464157	35.491837
AT1G66020	0	0.0	0.0	0.0
AT5G35680	159	13.920171	100.378128	129.718307
AT1G20450	513	21.653950	204.085312	263.738739
AT4G26770	0	0.000000	0.000000	0.000000
AT3G05155	0	0.0	0.0	0.0
AT4G35680	0	0.0	0.0	0.0
AT1G09883	0	0.000000	0.000000	0.000000
AT3G26880	0	0.0	0.0	0.0
AT2G40740	0	0.000000	0.000000	0.000000
AT3G01815	0	0.0	0.0	0.0
AT1G50950	11	0.415480	2.921452	3.775382
AT1G60810	27	1.111635	9.208723	11.900401
AT5G60030	85	5.755824	42.691425	55.169979
AT3G28080	73	2.195159	22.928173	29.629999
AT1G68820	0	0.000000	0.000000	0.000000
AT2G44060	182	10.258815	71.621254	92.555908
AT2G11626	0	0.0	0.0	0.0
AT1G15400	16	0.942337	8.484287	10.964215
AT1G53130	0	0.000000	0.000000	0.000000
AT1G07050	43	2.115288	22.644754	29.263739
AT3G62470	16	0.539414	3.765884	4.866639
AT3G60490	1	0.063423	0.442784	0.572208
AT1G18075	1	0.183673	1.282301	1.657114
AT5G55210	48	4.441875	31.010664	40.074978
AT3G44769	0	0.0	0.0	0.0
AT5G22680	1	0.071850	0.501616	0.648237
AT1G73965	2	0.173397	1.210560	1.564403
AT1G47820	29	3.194640	24.068422	31.103540
AT1G49040	39	0.653603	4.756515	6.146828
AT3G29034	13	1.182339	8.254423	10.667164
AT2G22795	253	7.075337	55.909103	72.251144
AT4G26130	131	6.671584	46.577236	60.191601
AT3G09060	0	0.000000	0.000000	0.000000
AT1G28110	50	1.539358	10.759488	13.904450
AT4G22680	0	0.0	0.0	0.0
AT4G19925	0	0.0	0.0	0.0
AT5G26130	0	0.0	0.0	0.0
AT3G08210	0	0.000000	0.000000	0.000000
AT5G50565	41	1.781117	16.491625	21.312069
AT4G00320	0	0.0	0.0	0.0
AT1G53770	0	0.000000	0.000000	0.000000
AT5G08310	5	0.111111	0.775714	1.002453
AT5G43640	0	0.0	0.0	0.0
AT3G17520	0	0.0	0.0	0.0
AT3G05425	0	0.0	0.0	0.0
AT5G04400	0	0.0	0.0	0.0
AT3G45930	121	13.932997	97.272324	125.704689
AT1G06330	0	0.0	0.0	0.0
AT4G08310	71	2.798618	20.362522	26.314419
AT1G07007	0	0.0	0.0	0.0
AT3G55310	0	0.000000	0.000000	0.000000
AT2G26910	215	3.469734	24.223724	31.304237
AT3G26540	2	0.062939	0.439405	0.567841
AT2G39640	0	0.0	0.0	0.0
AT1G53903	25	2.144871	15.323503	19.802513
AT1G20120	0	0.000000	0.000000	0.000000
AT1G19110	78	2.309064	16.120581	20.832573
AT3G60961	2	0.053569	0.430217	0.555968
AT2G46860	0	0.0	0.0	0.0
AT4G05075	0	0.0	0.0	0.0
AT2G22125	164	1.817765	12.690610	16.400032
AT1G26680	0	0.000000	0.000000	0.000000
AT3G02230	225	11.458200	79.994690	103.376862
AT1G22130	0	0.0	0.0	0.0
AT5G05075	0	0.0	0.0	0.0
AT5G33210	0	0.0	0.0	0.0
AT1G57520	0	0.0	0.0	0.0
AT1G05233	0	0.0	0.0	0.0
AT3G13770	0	0.000000	0.000000	0.000000
AT2G30250	40	1.770270	12.359026	15.971527
AT5G61840	32	1.074853	7.885351	10.190211
AT4G27270	9	0.320764	3.382275	4.370903
AT5G02330	2	0.051198	0.357436	0.461913
AT3G24080	106	3.702548	25.997597	33.596603
AT4G13880	0	0.000000	0.000000	0.000000
AT1G64820	0	0.0	0.0	0.0
AT1G15310	0	0.000000	0.000000	0.000000
AT2G48060	51	0.475785	3.421071	4.421039
AT4G33210	41	0.839979	5.864259	7.578362
AT4G02330	21	0.812942	5.675502	7.334432
AT1G20790	0	0.0	0.0	0.0
AT3G59110	50	1.343121	9.444627	12.205257
AT5G27270	21	0.429409	3.172846	4.100258
AT5G13880	1	0.067606	0.566062	0.731520
AT2G18090	23	0.552058	3.876449	5.009522
AT5G62020	7	0.291904	2.037909	2.633583
AT5G66562	0	0.0	0.0	0.0
AT4G03113	0	0.000000	0.000000	0.000000
AT1G22770	108	1.989310	13.888241	17.947725
AT2G01470	75	3.923934	27.484692	35.518372
AT5G61580	87	2.401739	22.239614	28.740179
AT2G21187	5	0.281277	1.963717	2.537705
AT5G21378	0	0.0	0.0	0.0
AT4G13540	7	0.369892	2.582377	3.337197
AT1G24110	0	0.0	0.0	0.0
AT3G19663	0	0.0	0.0	0.0
AT4G10895	0	0.000000	0.000000	0.000000
AT3G10950	0	0.0	0.0	0.0
AT2G12200	0	0.0	0.0	0.0
AT3G09355	0	0.0	0.0	0.0
AT3G04210	237	7.775989	58.655090	75.799774
AT3G47620	86	2.788407	19.467085	25.157246
AT5G46100	2	0.094744	0.661449	0.854788
AT1G28327	0	0.0	0.0	0.0
AT5G09255	0	0.0	0.0	0.0
AT5G04310	0	0.000000	0.000000	0.000000
AT5G08400	76	3.369179	23.613338	30.515436
AT3G25900	7	0.294219	2.223329	2.873200
AT2G29090	19	0.610856	5.106920	6.599656
AT5G53680	0	0.0	0.0	0.0
AT5G03860	0	0.0	0.0	0.0
AT3G60750	2539	63.542866	443.620422	573.289124
AT4G31050	30	0.792363	6.094989	7.876533
AT2G03933	0	0.0	0.0	0.0
AT3G02765	0	0.000000	0.000000	0.000000
AT2G16890	0	0.0	0.0	0.0
ATCG00090	529	480.761353	3356.404541	4337.469727
AT3G13130	1	0.086085	0.600997	0.776666
AT4G08400	0	0.0	0.0	0.0
AT3G55400	123	4.281418	32.342560	41.796181
AT1G33850	0	0.0	0.0	0.0
AT3G55710	7	0.272246	1.900668	2.456227
AT3G02505	0	0.000000	0.000000	0.000000
AT1G67470	7	0.292697	2.043445	2.640737
AT2G06725	0	0.0	0.0	0.0
AT3G02050	34	0.923995	6.450812	8.336362
AT1G01060	134	2.410099	21.872244	28.265427
AT1G53370	0	0.0	0.0	0.0
AT5G08710	0	0.000000	0.000000	0.000000
AT3G20800	36	2.126462	14.845757	19.185122
AT1G06730	25	0.993991	6.939485	8.967872
AT3G09495	0	0.000000	0.000000	0.000000
AT5G53487	0	0.0	0.0	0.0
AT3G11110	7	0.536050	3.742399	4.836289
AT2G01913	8	0.606029	4.293437	5.548393
AT5G46620	23	1.688697	11.789529	15.235569
AT3G47100	0	0.0	0.0	0.0
AT1G74200	3	0.087755	0.612656	0.791733
AT4G00720	76	2.403322	17.505434	22.622211
AT3G15850	529	22.503460	165.010086	213.241974
AT2G35605	52	5.885551	41.089596	53.099945
AT1G05053	0	0.0	0.0	0.0
AT1G06170	0	0.0	0.0	0.0
AT1G09273	0	0.0	0.0	0.0
AT2G03620	18	0.576826	5.806592	7.503840
AT1G09815	0	0.000000	0.000000	0.000000
AT3G30739	0	0.0	0.0	0.0
AT1G11593	0	0.0	0.0	0.0
AT5G01900	5	0.335484	2.342160	3.026765
AT3G29173	0	0.0	0.0	0.0
AT3G26270	0	0.0	0.0	0.0
AT5G50140	0	0.0	0.0	0.0
AT3G57785	52	6.366460	44.447029	57.438747
AT1G12520	264	9.292770	114.450813	147.904404
AT4G01900	53	3.650960	27.954039	36.124908
AT1G11080	13	0.440568	3.075797	3.974842
AT2G04485	0	0.000000	0.000000	0.000000
AT4G26370	215	10.271420	83.635742	108.082184
AT5G43725	0	0.000000	0.000000	0.000000
AT5G08650	229	6.234151	50.553226	65.329758
AT2G08970	0	0.000000	0.000000	0.000000
AT4G31230	0	0.000000	0.000000	0.000000
AT2G40340	0	0.0	0.0	0.0
AT4G09035	0	0.000000	0.000000	0.000000
AT1G75640	7	0.133001	0.928538	1.199946
AT3G50530	56	1.461841	10.526400	13.603230
AT1G48470	0	0.0	0.0	0.0
AT5G09035	0	0.0	0.0	0.0
AT2G39725	0	0.000000	0.000000	0.000000
AT1G06265	8	0.225153	1.860664	2.404530
AT3G55650	0	0.0	0.0	0.0
AT1G72240	3	0.308762	2.155602	2.785677
AT5G04135	0	0.0	0.0	0.0
AT4G16250	22	0.394123	2.806523	3.626860
AT5G59760	0	0.000000	0.000000	0.000000
AT2G20400	7	0.256269	1.894587	2.448369
AT2G09895	0	0.000000	0.000000	0.000000
ATMG00750	0	0.0	0.0	0.0
AT5G23065	0	0.0	0.0	0.0
AT2G01140	0	0.000000	0.000000	0.000000
AT4G17490	7	0.381913	2.666301	3.445652
AT1G08353	0	0.0	0.0	0.0
AT4G04135	0	0.000000	0.000000	0.000000
AT5G16250	112	9.918889	69.248085	89.489067
AT3G52250	17	0.226398	1.580583	2.042582
AT1G51260	0	0.0	0.0	0.0
AT2G42150	0	0.000000	0.000000	0.000000
AT5G63800	100	3.030349	21.156187	27.340067
AT5G17490	4	0.129318	0.902825	1.166718
AT3G09670	16	0.450597	3.153808	4.075655
AT3G25221	2	1.133333	7.912292	10.225027
AT1G66530	29	1.100534	7.683308	9.929111
AT2G24320	0	0.000000	0.000000	0.000000
AT2G31751	0	0.000000	0.000000	0.000000
AT3G04545	0	0.0	0.0	0.0
AT2G04915	0	0.0	0.0	0.0
AT4G33885	0	0.0	0.0	0.0
AT5G52350	0	0.0	0.0	0.0
AT4G32870	3	0.315186	2.200451	2.843635
AT3G16350	16	0.544698	4.416247	5.707100
AT2G07000	0	0.000000	0.000000	0.000000
AT2G15450	0	0.0	0.0	0.0
AT2G07555	0	0.0	0.0	0.0
AT1G01448	17	0.503606	3.756082	4.853972
AT5G60520	0	0.0	0.0	0.0
AT4G05097	0	0.0	0.0	0.0
AT2G18570	11	0.440542	3.075616	3.974608
AT4G21630	0	0.0	0.0	0.0
AT5G02115	0	0.000000	0.000000	0.000000
AT1G06647	0	0.000000	0.000000	0.000000
AT4G04775	0	0.0	0.0	0.0
AT1G34070	0	0.0	0.0	0.0
AT4G30890	55	1.655304	11.556398	14.934294
AT2G24645	26	1.057792	7.778227	10.051776
AT3G15356	88	6.264706	43.736641	56.520714
AT5G42242	0	0.000000	0.000000	0.000000
AT5G04775	0	0.0	0.0	0.0
AT2G42420	0	0.0	0.0	0.0
AT5G11500	198	9.648565	69.228569	89.463844
AT1G80290	6	0.230567	1.609689	2.080195
AT4G25870	43	1.420986	11.562576	14.942279
AT3G25780	0	0.000000	0.000000	0.000000
AT5G47460	1	0.017258	0.120486	0.155703
AT5G47510	0	0.000000	0.000000	0.000000
AT1G07833	0	0.0	0.0	0.0
AT2G29570	34	2.280680	15.922421	20.576490
AT5G25870	0	0.0	0.0	0.0
AT2G36895	13	0.622195	4.550793	5.880974
ATCG00570	38	25.250000	176.281265	227.807663
AT5G44950	0	0.0	0.0	0.0
AT2G44670	298	26.475502	184.837006	238.864243
AT3G18524	14	0.311522	2.316566	2.993690
AT1G02920	105	6.889530	48.098812	62.157928
ATMG00610	2	0.201646	1.407779	1.819268
AT3G17030	4	0.118893	0.847288	1.094947
AT1G06440	5	0.191200	1.334851	1.725023
AT5G23610	70	2.234223	16.269398	21.024887
AT1G70660	0	0.000000	0.000000	0.000000
AT4G29830	20	1.209163	8.441694	10.909172
AT2G20650	8	0.228466	1.814615	2.345021
AT2G45360	0	0.000000	0.000000	0.000000
AT1G18010	30	1.132609	7.907237	10.218495
AT5G20970	0	0.000000	0.000000	0.000000
AT2G34460	199	12.716728	93.179070	120.414993
AT1G19260	0	0.0	0.0	0.0
AT4G37670	0	0.000000	0.000000	0.000000
AT3G52030	0	0.000000	0.000000	0.000000
AT2G34510	70	1.863393	13.491318	17.434784
AT4G11760	0	0.0	0.0	0.0
AT5G16030	513	26.333027	196.137939	253.468384
AT2G25530	0	0.000000	0.000000	0.000000
AT4G20703	0	0.000000	0.000000	0.000000
AT3G08275	1	1.000000	6.981436	9.022085
AT5G50470	0	0.0	0.0	0.0
AT4G23610	0	0.000000	0.000000	0.000000
AT4G20970	0	0.0	0.0	0.0
AT2G24190	1	0.016293	0.142254	0.183834
AT4G16030	0	0.0	0.0	0.0
AT5G11760	0	0.000000	0.000000	0.000000
AT2G37950	0	0.000000	0.000000	0.000000
AT1G56750	0	0.0	0.0	0.0
AT5G37670	3	0.262590	1.833255	2.369109
AT3G46460	75	4.404063	35.404579	45.753216
AT2G46940	0	0.0	0.0	0.0
AT3G46510	65	1.889175	13.189154	17.044298
AT1G28260	21	0.457998	3.197484	4.132097
AT1G29010	0	0.0	0.0	0.0
AT1G10020	28	1.014787	7.084670	9.155495
AT3G08160	0	0.0	0.0	0.0
AT1G04977	1	0.040527	0.282937	0.365638
AT1G36280	30	1.241816	8.688006	11.227480
AT4G18830	12	0.431741	3.014172	3.895204
AT5G08375	0	0.0	0.0	0.0
AT1G62895	0	0.0	0.0	0.0
AT5G40945	0	0.0	0.0	0.0
AT1G16810	164	10.888982	100.861824	130.343384
AT5G61960	87	1.450094	11.999342	15.506709
AT2G26975	45	3.703818	25.857967	33.416164
AT1G48140	31	3.234186	22.579262	29.179102
AT3G44261	0	0.0	0.0	0.0
AT5G55160	163	16.319096	119.800331	154.817566
AT5G18830	31	0.777849	5.474569	7.074768
AT1G54180	14	0.431711	3.966726	5.126186
AT2G32530	20	0.587314	4.100295	5.298797
AT3G54010	24	0.780992	5.624433	7.268435
AT1G69935	69	3.961039	29.347687	37.925915
AT5G01780	26	0.978189	7.126524	9.209582
AT4G17350	0	0.000000	0.000000	0.000000
AT1G67140	43	0.481212	3.362427	4.345253
AT1G08493	0	0.0	0.0	0.0
AT2G28720	130	10.321678	72.060135	93.123062
AT3G01870	2	0.069656	0.486299	0.628442
AT1G53655	0	0.0	0.0	0.0
AT3G29180	50	1.767038	13.002512	16.803102
AT1G09280	30	1.196486	8.353190	10.794799
AT4G01780	0	0.0	0.0	0.0
AT5G17350	1	0.065707	0.458729	0.592814
AT1G56610	36	1.065184	8.218498	10.620736
AT3G17250	12	0.565836	3.950348	5.105021
AT4G03940	13	0.390655	3.642487	4.707174
AT4G22990	25	0.733629	5.121784	6.618864
AT5G41790	243	3.391670	24.104795	31.150545
AT4G23750	44	1.836735	12.823048	16.571180
AT3G16490	0	0.000000	0.000000	0.000000
AT5G58630	0	0.000000	0.000000	0.000000
AT5G52490	0	0.0	0.0	0.0
AT2G10537	0	0.0	0.0	0.0
AT1G61000	0	0.000000	0.000000	0.000000
AT2G15390	16	0.620040	5.464496	7.061749
AT5G03940	158	6.246785	43.611526	56.359028
AT1G49290	0	0.0	0.0	0.0
AT3G05630	0	0.000000	0.000000	0.000000
AT5G59500	88	3.724746	26.004074	33.604977
AT5G23750	6	0.331325	2.534513	3.275342
AT5G22990	0	0.0	0.0	0.0
AT3G18180	0	0.0	0.0	0.0
AT1G04753	0	0.0	0.0	0.0
AT2G19720	16	1.594435	11.809650	15.261570
AT5G59055	0	0.0	0.0	0.0
AT2G20710	5	0.190203	1.385654	1.790676
AT1G50400	0	0.0	0.0	0.0
AT3G24570	40	3.152538	22.009243	28.442467
AT3G51240	31	1.598143	11.157332	14.418583
AT2G41140	64	2.092509	14.608718	18.878796
AT2G07827	0	0.0	0.0	0.0
AT2G02150	9	0.200679	1.405300	1.816065
AT4G30540	0	0.0	0.0	0.0
AT1G71250	0	0.000000	0.000000	0.000000
AT1G20900	0	0.0	0.0	0.0
AT1G55205	21	1.605752	14.211229	18.365122
AT2G21260	0	0.0	0.0	0.0
AT3G49670	103	2.278748	15.908934	20.559059
AT5G66160	27	0.671746	4.896492	6.327721
AT2G09885	0	0.000000	0.000000	0.000000
ATCG01020	5312	2672.471680	18657.689453	24111.267578
AT3G58585	0	0.0	0.0	0.0
AT1G54320	119	5.338361	37.778805	48.821419
AT1G15950	66	1.849682	25.136032	32.483208
AT4G17480	4	0.153616	1.236503	1.597929
AT5G51340	34	0.896750	6.477697	8.371106
AT2G47000	9	0.140447	1.090710	1.409520
AT3G29645	0	0.0	0.0	0.0
AT5G05585	0	0.0	0.0	0.0
AT5G17480	0	0.0	0.0	0.0
AT2G11010	0	0.0	0.0	0.0
AT2G09545	0	0.000000	0.000000	0.000000
AT4G18220	0	0.000000	0.000000	0.000000
AT3G29320	464	11.670441	81.476433	105.291718
AT1G80280	30	0.828752	5.785879	7.477071
AT3G10310	0	0.000000	0.000000	0.000000
AT5G60805	0	0.0	0.0	0.0
AT4G31196	0	0.0	0.0	0.0
AT4G20060	8	0.150948	1.053834	1.361866
AT1G06323	0	0.0	0.0	0.0
AT3G25790	0	0.0	0.0	0.0
AT4G05845	0	0.0	0.0	0.0
AT2G36885	57	4.335244	30.266230	39.112942
AT5G18220	0	0.000000	0.000000	0.000000
AT5G20060	104	4.848538	38.131149	49.276756
AT1G73010	0	0.000000	0.000000	0.000000
AT5G05845	0	0.0	0.0	0.0
AT4G24740	58	1.702893	18.231951	23.561087
AT1G59570	0	0.0	0.0	0.0
AT3G04895	0	0.0	0.0	0.0
AT1G76500	0	0.0	0.0	0.0
AT4G29220	109	3.932514	28.192139	36.432606
AT3G18320	4	0.215701	1.505903	1.946073
AT1G21720	109	8.319007	58.078609	75.054794
AT4G10210	0	0.0	0.0	0.0
AT5G07510	0	0.0	0.0	0.0
AT5G07460	72	4.694399	32.773643	42.353268
AT5G61070	0	0.000000	0.000000	0.000000
AT4G04950	62	2.591222	18.090450	23.378227
AT5G24740	0	0.000000	0.000000	0.000000
AT1G03743	2	1.555555	10.860007	14.034350
AT1G04067	0	0.000000	0.000000	0.000000
AT4G30880	2	0.328090	2.290539	2.960056
AT1G08695	0	0.000000	0.000000	0.000000
AT5G10210	0	0.0	0.0	0.0
AT3G30770	0	0.0	0.0	0.0
AT1G65610	0	0.0	0.0	0.0
AT5G04950	34	1.892781	13.214330	17.076832
AT4G15415	43	1.207168	9.006331	11.638851
AT2G05360	0	0.0	0.0	0.0
AT1G55530	33	1.315655	9.185161	11.869952
AT4G35980	27	2.619926	18.290846	23.637196
AT1G71030	129	7.397850	54.294209	70.164215
AT5G28340	7	0.222245	2.520948	3.257812
AT2G16018	0	0.0	0.0	0.0
AT1G50650	0	0.0	0.0	0.0
AT1G63870	0	0.0	0.0	0.0
AT3G19240	0	0.000000	0.000000	0.000000
AT4G28340	0	0.0	0.0	0.0
AT5G35980	77	1.260485	11.178682	14.446173
AT3G43503	0	0.0	0.0	0.0
AT1G76760	0	0.000000	0.000000	0.000000
AT3G48275	0	0.0	0.0	0.0
AT2G26750	0	0.000000	0.000000	0.000000
AT3G06510	153	2.843685	22.442293	29.002098
AT3G14720	35	0.968428	7.280108	9.408059
AT3G06460	2	0.135257	0.944288	1.220300
AT4G03811	0	0.0	0.0	0.0
AT5G57887	61	9.158791	63.941505	82.631393
AT3G03000	16	1.321998	9.229444	11.927179
AT5G48375	0	0.0	0.0	0.0
AT3G48160	82	2.726435	33.359165	43.109932
AT5G19340	13	0.640722	4.473159	5.780649
AT3G03555	0	0.0	0.0	0.0
AT1G08140	0	0.0	0.0	0.0
AT2G24180	40	1.741048	12.155014	15.707884
AT5G51105	0	0.000000	0.000000	0.000000
AT1G69150	0	0.0	0.0	0.0
AT4G19340	0	0.0	0.0	0.0
AT4G34555	72	9.147910	63.865547	82.533226
AT4G34000	21	0.639250	4.636406	5.991612
AT3G16480	76	2.998007	20.930393	27.048275
AT5G52480	0	0.0	0.0	0.0
AT1G69420	81	2.223757	15.578808	20.132441
AT5G41780	0	0.0	0.0	0.0
AT4G22980	4	0.148073	1.033762	1.335927
AT3G23122	0	0.0	0.0	0.0
AT1G27921	0	0.000000	0.000000	0.000000
AT1G10850	27	0.704180	4.916188	6.353172
AT1G49280	0	0.0	0.0	0.0
AT3G18190	192	7.371869	51.466232	66.509636
AT5G22980	0	0.0	0.0	0.0
AT1G08483	0	0.0	0.0	0.0
AT2G39940	32	0.902071	7.053819	9.115626
AT5G01790	58	3.737864	26.095657	33.723328
AT2G26610	0	0.0	0.0	0.0
AT5G43940	298	15.685647	115.516083	149.281036
AT3G29190	0	0.0	0.0	0.0
AT1G50710	37	1.667779	12.157583	15.711204
AT2G07763	2	1.647125	11.499297	14.860502
AT1G11570	3	0.072637	1.596808	2.063550
AT1G31095	0	0.0	0.0	0.0
AT3G45630	69	1.280312	10.497190	13.565481
AT1G09290	0	0.000000	0.000000	0.000000
AT4G01790	8	0.649052	4.531315	5.855803
AT4G31820	38	0.837151	5.844516	7.552848
AT4G07245	0	0.0	0.0	0.0
AT5G56795	15	1.568151	10.947946	14.147992
AT1G34840	0	0.0	0.0	0.0
AT3G24090	0	0.000000	0.000000	0.000000
AT4G13890	0	0.0	0.0	0.0
AT5G53300	682	39.860176	422.071045	545.440979
AT1G08913	0	0.0	0.0	0.0
AT5G67400	0	0.000000	0.000000	0.000000
AT5G13890	98	4.425664	42.469044	54.882599
AT1G20780	27	0.619825	4.497734	5.812407
AT4G25040	0	0.0	0.0	0.0
AT5G22560	0	0.0	0.0	0.0
AT1G45233	29	1.266065	9.322415	12.047326
AT5G22410	0	0.0	0.0	0.0
AT1G26690	24	1.915578	13.373485	17.282509
AT3G07345	0	0.0	0.0	0.0
AT5G42330	10	0.820628	5.729161	7.403776
AT5G39100	0	0.0	0.0	0.0
AT2G27520	0	0.0	0.0	0.0
AT5G62850	0	0.000000	0.000000	0.000000
AT3G16910	42	1.108422	8.880875	11.476725
AT2G43100	102	6.800501	47.477261	61.354702
AT5G52910	15	0.302564	2.112331	2.729758
AT5G00865	0	0.000000	0.000000	0.000000
AT4G22560	5	0.362735	2.532411	3.272626
AT2G08060	0	0.000000	0.000000	0.000000
AT3G53200	0	0.0	0.0	0.0
AT4G22410	0	0.000000	0.000000	0.000000
AT5G25040	55	1.865183	14.476950	18.708513
AT2G09210	0	0.0	0.0	0.0
AT2G04355	0	0.0	0.0	0.0
AT5G37485	0	0.000000	0.000000	0.000000
AT4G39100	55	2.800129	19.548922	25.263002
AT1G27535	0	0.0	0.0	0.0
AT1G08677	0	0.0	0.0	0.0
AT4G38225	92	4.888107	40.179764	51.924168
AT1G64050	20	0.537386	3.884750	5.020249
AT2G29080	93	2.444152	17.063690	22.051348
AT2G36210	0	0.0	0.0	0.0
AT2G41470	0	0.0	0.0	0.0
AT2G16880	18	0.551861	3.852782	4.978937
AT1G01970	50	2.320468	16.200197	20.935461
AT3G60975	0	0.000000	0.000000	0.000000
ATCG00080	345	248.189194	1732.716919	2239.184082
AT3G44210	0	0.0	0.0	0.0
AT3G07620	0	0.0	0.0	0.0
AT5G06100	0	0.000000	0.000000	0.000000
AT1G77110	10	0.309022	2.157417	2.788023
AT2G07674	1	0.037436	0.313823	0.405552
AT2G18080	0	0.0	0.0	0.0
AT5G44310	0	0.0	0.0	0.0
AT4G32040	34	1.556955	11.425693	14.765383
AT5G43860	0	0.000000	0.000000	0.000000
AT1G34580	0	0.000000	0.000000	0.000000
AT5G35560	58	1.539110	10.745196	13.885982
AT5G35410	13	0.478886	3.631470	4.692937
AT1G26300	17	0.509509	4.383853	5.665238
AT5G61590	189	12.001509	83.787758	108.278641
AT5G48400	0	0.0	0.0	0.0
AT5G24430	20	0.581839	4.062072	5.249401
AT2G39860	0	0.0	0.0	0.0
AT4G35560	0	0.000000	0.000000	0.000000
AT4G35410	15	0.994183	7.706800	9.959471
AT5G54930	0	0.000000	0.000000	0.000000
AT2G33255	39	3.014669	21.046719	27.198601
AT4G24430	0	0.000000	0.000000	0.000000
AT1G05005	0	0.0	0.0	0.0
AT4G35700	0	0.0	0.0	0.0
AT2G37310	3	0.094560	0.660165	0.853128
AT1G17455	12	0.899716	6.281310	8.117314
AT1G05550	0	0.000000	0.000000	0.000000
AT3G42050	434	16.553434	115.566734	149.346497
AT1G09167	0	0.000000	0.000000	0.000000
AT1G62210	0	0.0	0.0	0.0
AT5G35700	34	1.025350	7.158415	9.250795
AT3G01040	39	1.061422	7.628740	9.858595
AT5G48710	0	0.0	0.0	0.0
AT3G26744	72	2.269338	18.577110	24.007137
AT2G23370	0	0.000000	0.000000	0.000000
AT1G12805	0	0.0	0.0	0.0
AT1G27200	15	0.483752	3.377284	4.364452
AT3G07100	100	1.892678	13.213610	17.075903
AT5G06620	0	0.000000	0.000000	0.000000
AT5G40720	0	0.000000	0.000000	0.000000
AT3G09485	0	0.0	0.0	0.0
AT4G39345	0	0.0	0.0	0.0
AT2G17770	0	0.0	0.0	0.0
AT2G31660	107	2.202486	15.376514	19.871017
AT3G23805	50	4.332968	30.250341	39.092407
AT5G05965	0	0.000000	0.000000	0.000000
AT5G17910	116	1.821372	13.156774	17.002455
AT4G14550	25	0.860137	7.951813	10.276101
AT2G43620	33	2.236441	15.613568	20.177362
AT1G04985	30	1.104147	7.708531	9.961709
AT2G08755	0	0.0	0.0	0.0
AT4G39620	49	2.045120	14.277874	18.451248
AT1G05823	0	0.0	0.0	0.0
AT1G05507	0	0.0	0.0	0.0
AT4G06345	0	0.0	0.0	0.0
AT5G41900	13	0.461885	3.874795	5.007384
AT4G22700	0	0.000000	0.000000	0.000000
AT3G63060	0	0.0	0.0	0.0
AT5G14550	35	1.119583	9.506202	12.284833
AT4G05965	0	0.0	0.0	0.0
AT4G17910	15	0.589205	4.348185	5.619144
AT1G64230	269	19.129349	153.706284	198.634094
AT5G39620	0	0.0	0.0	0.0
AT3G15020	61	1.013651	7.757164	10.024556
AT5G06345	0	0.0	0.0	0.0
AT5G22700	23	0.472483	3.733616	4.824939
AT2G17130	44	2.311512	16.137672	20.854658
AT3G06245	0	0.0	0.0	0.0
AT3G19515	55	1.585145	11.066587	14.301313
AT1G14642	0	0.000000	0.000000	0.000000
AT5G48650	0	0.000000	0.000000	0.000000
AT4G03725	0	0.000000	0.000000	0.000000
AT1G08470	24	1.216423	8.492379	10.974672
AT1G33020	0	0.0	0.0	0.0
AT2G24592	2	0.172567	1.204765	1.556914
AT2G04495	3	0.204251	1.425965	1.842770
AT1G11090	7	0.468857	3.273295	4.230068
AT3G02820	14	0.937069	6.542087	8.454317
AT1G26973	0	0.0	0.0	0.0
AT5G42170	0	0.0	0.0	0.0
AT5G43185	0	0.0	0.0	0.0
AT2G16270	49	1.320014	9.661029	12.484916
AT4G18823	0	0.0	0.0	0.0
AT2G37400	44	2.344898	16.370754	21.155870
AT5G10160	41	3.586883	25.041594	32.361164
AT3G09970	40	2.367270	17.560587	22.693487
AT1G72080	0	0.0	0.0	0.0
AT3G30383	0	0.0	0.0	0.0
AT5G44710	35	3.499371	24.430634	31.571625
AT1G55020	18	0.455559	3.180456	4.110092
AT1G71520	0	0.0	0.0	0.0
AT1G26700	0	0.0	0.0	0.0
AT4G10160	0	0.0	0.0	0.0
AT5G15470	162	3.925319	28.485319	36.811481
AT5G07575	0	0.0	0.0	0.0
AT1G47230	14	0.698831	4.888289	6.317120
AT5G03195	0	0.000000	0.000000	0.000000
AT5G22145	0	0.000000	0.000000	0.000000
AT2G32850	75	2.272348	16.302700	21.067923
AT1G76994	0	0.0	0.0	0.0
AT5G16023	0	0.000000	0.000000	0.000000
AT2G28056	0	0.0	0.0	0.0
AT2G04615	0	0.0	0.0	0.0
AT4G15470	197	12.929393	90.265724	116.650085
AT4G07575	0	0.0	0.0	0.0
AT1G29965	87	8.945737	62.454086	80.709206
AT3G51090	7	0.355127	2.608557	3.371030
AT1G68765	0	0.0	0.0	0.0
AT1G05367	0	0.000000	0.000000	0.000000
AT1G47765	0	0.0	0.0	0.0
AT4G18550	0	0.0	0.0	0.0
AT3G24465	0	0.0	0.0	0.0
AT3G24515	12	0.581639	4.192415	5.417843
AT1G08985	0	0.0	0.0	0.0
AT2G24945	12	0.654286	4.567856	5.903024
AT2G04755	74	3.302404	23.055521	29.794571
AT5G27890	9	0.082782	0.583278	0.753768
AT4G00180	49	1.724612	18.482506	23.884880
AT5G21930	169	4.000594	29.873766	38.605766
AT5G18005	0	0.0	0.0	0.0
AT5G18550	31	1.011259	7.497776	9.689350
AT1G44542	0	0.0	0.0	0.0
AT5G66210	28	0.867246	6.231902	8.053466
AT5G51430	54	1.350111	9.853019	12.733023
AT1G68230	11	0.836798	6.049575	7.817844
AT1G06947	0	0.0	0.0	0.0
AT3G07745	1	0.300412	2.097307	2.710343
AT4G27890	0	0.0	0.0	0.0
AT4G38932	27	2.702983	18.870701	24.386543
AT4G21930	2	0.176542	1.232517	1.592777
AT1G75860	51	2.186059	16.684242	21.560989
AT2G25850	55	1.048031	9.193944	11.881302
ATMG00910	2	0.169753	1.185120	1.531526
AT2G21110	0	0.0	0.0	0.0
AT1G02620	0	0.0	0.0	0.0
AT4G29550	0	0.000000	0.000000	0.000000
AT2G31083	0	0.0	0.0	0.0
AT5G44650	142	3.632522	64.306274	83.102783
AT2G06185	2	0.492000	3.434866	4.438866
AT1G20380	11	0.306854	2.269099	2.932349
AT2G44970	123	4.380654	33.394817	43.156010
AT1G04470	0	0.0	0.0	0.0
AT2G31590	0	0.000000	0.000000	0.000000
AT5G53700	0	0.0	0.0	0.0
AT2G08495	0	0.0	0.0	0.0
AT2G02635	0	0.0	0.0	0.0
AT5G40190	62	4.895210	34.175594	44.165005
AT4G20670	0	0.0	0.0	0.0
AT5G53410	0	0.0	0.0	0.0
AT5G53560	273	23.383821	194.800812	251.740433
AT1G07553	0	0.0	0.0	0.0
AT4G23910	19	0.761016	5.563925	7.190241
AT2G46640	27	1.435429	11.522964	14.891088
AT3G32896	0	0.0	0.0	0.0
AT2G37650	0	0.000000	0.000000	0.000000
AT5G37970	0	0.0	0.0	0.0
ATMG01150	1	0.093718	0.654286	0.845532
AT2G20950	37	0.975190	7.668137	9.909507
AT5G03325	0	0.000000	0.000000	0.000000
AT3G22200	371	12.684854	96.994621	125.345810
AT5G20670	5	0.424277	2.962063	3.827863
AT1G04913	0	0.000000	0.000000	0.000000
AT1G70960	0	0.0	0.0	0.0
AT5G23910	23	0.686914	4.795646	6.197397
AT1G02100	26	1.323953	9.869635	12.754496
AT5G67310	0	0.000000	0.000000	0.000000
AT4G37970	0	0.000000	0.000000	0.000000
AT5G26955	0	0.0	0.0	0.0
AT2G15900	21	0.416010	3.086653	3.988872
AT5G35690	51	1.652174	11.534546	14.906055
AT5G61660	141	8.701469	60.748753	78.505394
AT3G19090	0	0.000000	0.000000	0.000000
AT2G21727	0	0.0	0.0	0.0
AT5G22300	85	2.557649	19.374481	25.037577
AT3G03225	0	0.000000	0.000000	0.000000
AT5G06745	0	0.0	0.0	0.0
AT2G23130	156	9.928914	76.160660	98.422157
AT4G35690	0	0.0	0.0	0.0
AT1G09893	0	0.000000	0.000000	0.000000
AT4G02541	0	0.000000	0.000000	0.000000
AT2G04060	0	0.0	0.0	0.0
AT2G08355	0	0.0	0.0	0.0
AT5G40645	0	0.000000	0.000000	0.000000
AT3G26890	33	0.727901	5.637782	7.285686
AT4G22300	22	1.520721	10.616816	13.720075
AT1G04677	0	0.0	0.0	0.0
AT4G06745	0	0.000000	0.000000	0.000000
AT5G19430	15	0.643246	4.490781	5.803421
AT1G68050	9	0.304596	2.126517	2.748091
AT2G43745	0	0.000000	0.000000	0.000000
AT5G40320	0	0.0	0.0	0.0
AT1G09040	0	0.000000	0.000000	0.000000
AT4G39745	0	0.0	0.0	0.0
AT2G17370	11	0.352838	2.463316	3.183335
AT1G07820	184	14.994887	104.685844	135.285156
AT4G19430	1	0.089901	0.627638	0.811095
AT3G06575	0	0.0	0.0	0.0
AT3G49060	18	0.213683	2.152056	2.781094
AT3G48210	0	0.000000	0.000000	0.000000
AT2G07835	3	0.290895	2.030864	2.624480
AT5G35300	0	0.0	0.0	0.0
AT5G03640	0	0.0	0.0	0.0
AT1G26410	0	0.0	0.0	0.0
AT1G26560	41	1.549880	10.820388	13.983150
AT2G14080	51	0.989645	6.909143	8.928661
AT5G48310	0	0.000000	0.000000	0.000000
AT3G60480	3	0.245283	2.170040	2.804335
AT3G05930	0	0.000000	0.000000	0.000000
AT5G44400	84	2.916155	20.704321	26.756123
AT2G23770	13	0.383327	2.676173	3.458409
AT5G22690	6	0.115546	0.832027	1.075225
AT1G13200	0	0.0	0.0	0.0
AT4G35300	85	1.855608	13.026598	16.834229
AT1G56910	0	0.0	0.0	0.0
AT1G66850	0	0.0	0.0	0.0
AT2G37710	149	4.637608	32.377163	41.840897
AT5G58930	32	1.175092	8.203829	10.601781
AT4G28430	5	0.217133	1.515900	1.958992
AT4G22690	377	12.587584	87.879402	113.566261
AT2G41415	0	0.0	0.0	0.0
AT5G25290	0	0.0	0.0	0.0
AT5G50995	0	0.0	0.0	0.0
AT5G24340	37	1.174466	10.055858	12.995151
AT4G09800	496	49.443222	345.184662	446.080994
AT1G70840	0	0.0	0.0	0.0
AT3G30370	0	0.0	0.0	0.0
AT4G16146	96	3.880529	50.086624	64.726768
AT1G80870	12	0.353200	2.465843	3.186601
AT4G25290	33	1.077210	7.520472	9.718680
AT4G24340	0	0.0	0.0	0.0
AT5G09800	0	0.0	0.0	0.0
AT3G18720	0	0.0	0.0	0.0
AT1G58190	0	0.000000	0.000000	0.000000
AT1G21320	0	0.000000	0.000000	0.000000
AT3G50850	5	0.450062	3.142079	4.060498
AT2G19180	34	2.501390	17.463295	22.567755
AT3G60910	35	1.887509	16.867693	21.798061
AT4G30270	113	7.419008	51.795326	66.934921
AT5G07095	2	1.014286	7.081172	9.150975
AT2G26490	0	0.0	0.0	0.0
AT5G35475	0	0.0	0.0	0.0
AT1G77260	35	1.049242	7.364270	9.516821
AT5G01120	10	0.328237	2.291565	2.961382
AT5G44375	0	0.0	0.0	0.0
AT2G27250	0	0.0	0.0	0.0
AT3G44160	25	1.200243	8.379419	10.828695
AT4G07095	0	0.000000	0.000000	0.000000
AT2G28180	0	0.0	0.0	0.0
AT1G04140	81	2.056248	14.433706	18.652630
AT3G29720	0	0.0	0.0	0.0
AT3G10710	0	0.0	0.0	0.0
AT4G01120	26	1.258918	8.789055	11.358066
AT1G06723	0	0.0	0.0	0.0
AT2G36160	502	46.675583	325.862579	421.111115
AT3G51570	0	0.0	0.0	0.0
AT3G24240	0	0.0	0.0	0.0
AT2G07632	0	0.0	0.0	0.0
AT5G42440	11	0.522673	3.649008	4.715600
AT3G15530	46	1.796269	15.204004	19.648081
AT3G07435	0	0.000000	0.000000	0.000000
AT5G51740	23	0.808608	6.729923	8.697056
AT4G38000	0	0.0	0.0	0.0
AT3G25717	74	10.375439	72.435455	93.608101
AT3G47920	0	0.0	0.0	0.0
AT3G10650	90	1.482017	10.744130	13.884602
AT4G01450	55	2.143070	18.504812	23.913706
AT2G09160	0	0.0	0.0	0.0
AT5G45010	0	0.000000	0.000000	0.000000
AT5G38000	0	0.0	0.0	0.0
AT1G54720	0	0.0	0.0	0.0
AT4G32290	22	0.948876	6.624517	8.560841
AT3G14190	0	0.000000	0.000000	0.000000
AT5G01450	26	1.068858	7.462164	9.643329
AT5G36800	21	1.601385	13.376264	17.286098
AT5G15140	0	0.0	0.0	0.0
AT5G49525	1	0.117742	0.822008	1.062278
AT1G33530	0	0.0	0.0	0.0
AT1G04483	0	0.000000	0.000000	0.000000
AT1G70580	85	2.677419	21.759941	28.120298
AT5G23480	0	0.000000	0.000000	0.000000
AT4G36800	192	10.542384	78.873726	101.928246
AT4G15140	15	1.493162	10.424415	13.471436
AT2G31070	114	4.436098	30.970333	40.022854
AT1G65350	0	0.000000	0.000000	0.000000
AT4G22475	127	4.469469	37.351418	48.269115
AT5G53980	0	0.0	0.0	0.0
AT5G52975	0	0.0	0.0	0.0
AT3G25600	13	0.862416	6.020902	7.780791
AT1G50310	0	0.000000	0.000000	0.000000
AT1G05220	0	0.000000	0.000000	0.000000
AT5G24105	22	2.300136	16.058252	20.752024
AT3G28570	0	0.0	0.0	0.0
AT3G25120	26	1.883806	13.151670	16.995859
AT1G49870	19	0.517065	3.637168	4.700299
AT2G40925	0	0.0	0.0	0.0
AT4G01390	0	0.000000	0.000000	0.000000
ATMG00480	12	1.931342	13.483540	17.424732
AT3G61420	30	0.766407	6.193762	8.004178
AT1G72141	0	0.0	0.0	0.0
AT4G17975	0	0.0	0.0	0.0
AT5G01390	17	0.622159	6.152656	7.951056
AT2G15780	0	0.0	0.0	0.0
AT3G01290	126	6.044765	42.201141	54.536388
AT3G19570	11	0.268346	1.900626	2.456172
AT1G21190	52	5.677778	39.639042	51.225399
AT1G58320	0	0.0	0.0	0.0
AT5G06435	0	0.0	0.0	0.0
AT1G31460	11	0.422477	2.949496	3.811624
AT1G31510	0	0.0	0.0	0.0
AT1G65490	35	3.814560	26.631105	34.415287
AT2G27030	339	25.505671	239.583084	309.612396
AT5G41380	0	0.000000	0.000000	0.000000
AT5G46920	31	0.935050	6.527991	8.436101
AT1G06867	0	0.0	0.0	0.0
AT4G14220	36	1.501841	12.512240	16.169525
AT1G03935	0	0.0	0.0	0.0
AT4G19740	0	0.0	0.0	0.0
AT3G10400	0	0.000000	0.000000	0.000000
AT4G01600	0	0.000000	0.000000	0.000000
AT1G11240	48	1.556347	20.707987	26.760859
AT3G06095	0	0.0	0.0	0.0
AT5G14220	54	1.443278	10.680144	13.801914
AT1G63280	0	0.000000	0.000000	0.000000
AT5G48775	12	0.212587	1.515097	1.957955
AT5G19740	0	0.000000	0.000000	0.000000
AT5G01600	1258	65.023933	503.089417	650.140747
AT4G28740	87	2.881256	27.824680	35.957737
AT1G76360	31	1.223836	9.048583	11.693453
AT3G08895	0	0.000000	0.000000	0.000000
AT2G26350	23	0.761727	5.980828	7.729004
AT1G62160	0	0.0	0.0	0.0
AT3G61150	25	0.624801	4.362008	5.637008
AT2G22905	0	0.0	0.0	0.0
AT3G14320	0	0.0	0.0	0.0
AT3G55950	1	0.023353	0.163037	0.210693
AT4G08950	27	1.547706	10.805210	13.963536
AT2G05760	14	0.480803	3.776901	4.880876
AT5G28740	41	1.009017	7.141094	9.228412
AT5G27606	0	0.0	0.0	0.0
AT1G09217	0	0.0	0.0	0.0
AT1G75940	0	0.0	0.0	0.0
AT2G41705	32	0.832505	9.401801	12.149917
AT5G08950	0	0.000000	0.000000	0.000000
AT2G08670	0	0.0	0.0	0.0
AT1G49670	58	1.561528	11.382721	14.709852
AT4G31398	6	0.436091	3.044541	3.934450
AT2G22250	39	1.352527	9.488462	12.261908
AT3G20900	0	0.000000	0.000000	0.000000
AT1G72260	0	0.000000	0.000000	0.000000
AT5G59740	13	0.669503	4.674092	6.040313
AT4G08205	0	0.0	0.0	0.0
AT5G54220	0	0.0	0.0	0.0
AT4G09450	0	0.0	0.0	0.0
AT4G36120	18	0.344266	2.880897	3.722973
AT2G01160	0	0.0	0.0	0.0
AT5G02095	1	0.078078	0.545097	0.704426
AT1G24570	0	0.0	0.0	0.0
AT1G51240	0	0.0	0.0	0.0
AT5G08205	0	0.000000	0.000000	0.000000
AT3G50400	0	0.0	0.0	0.0
AT1G64633	0	0.000000	0.000000	0.000000
AT1G32790	89	3.328330	23.658201	30.573412
AT1G33950	0	0.0	0.0	0.0
AT5G36120	115	10.858156	75.805519	97.963211
AT5G09450	11	0.536585	3.746133	4.841116
AT3G04415	0	0.0	0.0	0.0
AT3G04565	0	0.0	0.0	0.0
AT1G18871	0	0.000000	0.000000	0.000000
AT3G13228	0	0.0	0.0	0.0
AT2G46192	6	0.532333	3.716449	4.802754
AT2G12405	0	0.0	0.0	0.0
AT3G52748	3	0.433486	3.026355	3.910948
AT5G43070	17	1.331992	9.299217	12.017345
AT1G26796	0	0.0	0.0	0.0
AT3G15950	50	1.525346	10.669589	13.788273
AT3G54320	6	0.198491	1.496527	1.933956
AT2G01275	0	0.000000	0.000000	0.000000
AT4G16748	0	0.0	0.0	0.0
AT1G73180	52	1.824944	14.315784	18.500237
AT1G30130	28	1.009915	8.053966	10.408113
AT1G72175	24	1.274900	9.446336	12.207468
AT4G01800	144	3.059661	24.018156	31.038582
AT5G07572	0	0.000000	0.000000	0.000000
AT1G06667	0	0.0	0.0	0.0
AT2G35250	0	0.0	0.0	0.0
AT4G33565	29	1.487979	10.388229	13.424674
AT1G29962	0	0.0	0.0	0.0
AT5G01800	47	2.516801	17.570885	22.706795
AT1G10310	25	1.727273	12.058846	15.583605
AT1G29320	26	1.250455	8.746161	11.302634
AT1G56045	856	144.930084	1011.820007	1307.571533
AT5G37290	11	0.607843	5.152963	6.659156
AT3G08695	0	0.000000	0.000000	0.000000
AT3G02435	4	3.597403	25.115038	32.456078
AT5G36450	0	0.0	0.0	0.0
AT5G09120	0	0.000000	0.000000	0.000000
AT5G47440	0	0.000000	0.000000	0.000000
AT4G37290	3	0.336406	2.348597	3.035084
AT3G47833	88	8.255869	57.637817	74.485153
AT2G08870	0	0.0	0.0	0.0
AT3G21720	0	0.0	0.0	0.0
AT1G18320	0	0.000000	0.000000	0.000000
AT4G36450	0	0.000000	0.000000	0.000000
AT4G09120	0	0.0	0.0	0.0
AT1G04895	0	0.0	0.0	0.0
AT3G59570	10	0.267290	1.866068	2.411513
AT2G44290	21	1.459530	10.189615	13.168004
AT2G45340	62	2.037344	14.223586	18.381092
AT3G54190	68	2.638873	19.465046	25.154612
AT1G06460	548	33.151382	231.444244	299.094604
AT1G14720	69	2.774720	25.490904	32.941807
AT1G70640	0	0.0	0.0	0.0
AT1G06510	58	3.172508	22.807011	29.473421
AT5G08530	208	8.021287	56.000099	72.368736
AT5G63780	116	3.581494	30.623640	39.574829
AT4G11740	39	1.274680	9.262557	11.969971
AT4G09600	0	0.0	0.0	0.0
AT1G19240	26	2.951149	20.603258	26.625519
AT2G34440	5	0.339286	2.368703	3.061067
AT3G50650	13	0.485986	3.392880	4.384607
AT4G08530	0	0.0	0.0	0.0
AT3G46440	31	0.702482	5.324036	6.880233
AT2G30395	0	0.000000	0.000000	0.000000
AT2G22030	0	0.0	0.0	0.0
AT1G80670	24	1.122859	8.233068	10.639565
AT2G46960	0	0.0	0.0	0.0
AT5G11740	1466	113.350098	791.346436	1022.654236
AT3G55530	11	0.600520	5.082129	6.567618
AT5G09600	58	2.765288	24.321655	31.430790
AT1G28240	41	1.066181	9.033810	11.674362
AT2G04280	0	0.000000	0.000000	0.000000
AT5G13980	132	1.833624	21.701004	28.044134
AT1G57777	0	0.0	0.0	0.0
AT5G36657	0	0.0	0.0	0.0
AT5G36390	0	0.0	0.0	0.0
AT3G08140	0	0.0	0.0	0.0
AT1G64920	0	0.0	0.0	0.0
AT4G13980	21	0.722973	5.135293	6.636321
AT1G48160	44	3.055701	22.508562	29.087736
AT1G03000	31	0.683465	4.880736	6.307358
AT5G61940	9	0.160479	1.255283	1.622198
AT4G36390	147	4.558148	31.822418	41.124001
AT5G55140	44	3.112511	25.986872	33.582745
AT1G18190	32	1.017671	7.708476	9.961637
AT3G58720	9	0.494012	4.799737	6.202684
AT4G05720	0	0.0	0.0	0.0
AT3G10850	110	6.645186	50.034573	64.659508
AT1G67160	0	0.0	0.0	0.0
AT2G24010	0	0.000000	0.000000	0.000000
AT5G05720	0	0.000000	0.000000	0.000000
AT1G16480	4	0.088084	0.615511	0.795423
AT2G35030	12	0.396344	2.767050	3.575850
AT3G04705	0	0.0	0.0	0.0
AT5G09390	28	1.424559	11.354592	14.673502
AT5G56452	0	0.0	0.0	0.0
AT2G33380	0	0.000000	0.000000	0.000000
AT4G03960	11	0.826905	5.772985	7.460408
AT3G09290	0	0.0	0.0	0.0
AT3G11570	25	0.857029	6.528271	8.436462
AT3G44753	0	0.000000	0.000000	0.000000
AT2G16990	12	0.430574	3.336512	4.311763
AT3G50710	0	0.0	0.0	0.0
AT2G14260	63	2.557841	20.479155	26.465141
AT5G03960	4	0.163074	1.225179	1.583295
AT3G25800	74	2.464286	18.101732	23.392807
AT4G36600	0	0.0	0.0	0.0
AT5G24825	0	0.0	0.0	0.0
AT3G20780	15	0.486192	3.394318	4.386466
AT2G07658	0	0.000000	0.000000	0.000000
AT2G46840	0	0.0	0.0	0.0
AT2G18110	140	7.806023	69.113731	89.315445
AT5G03580	0	0.0	0.0	0.0
AT4G20870	52	2.948285	25.981232	33.575455
AT5G02575	20	5.248276	36.640507	47.350395
AT1G74370	35	2.353179	16.428568	21.230581
AT1G24090	14	0.380633	3.441150	4.446986
AT4G03580	0	0.0	0.0	0.0
AT5G59430	43	1.105852	9.375468	12.115885
AT5G20870	0	0.000000	0.000000	0.000000
AT1G29418	146	17.367878	121.252724	156.694473
AT4G29930	0	0.0	0.0	0.0
AT5G18930	0	0.0	0.0	0.0
AT2G32400	41	0.890116	6.214287	8.030703
AT2G29110	0	0.0	0.0	0.0
AT5G35890	0	0.0	0.0	0.0
AT4G38552	0	0.000000	0.000000	0.000000
AT4G21550	0	0.000000	0.000000	0.000000
AT5G43590	0	0.0	0.0	0.0
AT1G53200	22	0.656554	5.110432	6.604194
AT5G47170	0	0.0	0.0	0.0
AT1G16910	0	0.000000	0.000000	0.000000
AT4G18930	38	2.803738	19.574118	25.295565
ATCG00110	307	340.888885	2379.893799	3075.528809
AT1G04877	4	0.966887	6.750259	8.723337
AT2G39590	0	0.0	0.0	0.0
AT3G26690	0	0.000000	0.000000	0.000000
AT1G09693	0	0.0	0.0	0.0
AT4G35890	86	2.352456	16.423521	21.224060
AT1G77080	50	0.860034	6.802599	8.790976
AT1G07620	0	0.000000	0.000000	0.000000
AT4G13560	49	0.926644	6.469306	8.360261
AT4G13410	32	0.986874	7.299174	9.432698
AT1G63615	0	0.000000	0.000000	0.000000
AT5G26200	3	0.129951	0.907245	1.172429
AT3G01970	0	0.0	0.0	0.0
AT5G65520	8	0.697489	4.869475	6.292805
AT4G26200	0	0.0	0.0	0.0
AT1G79520	25	0.606902	4.237047	5.475522
AT4G29103	0	0.0	0.0	0.0
AT5G13560	61	1.207104	9.030396	11.669950
AT5G13410	60	2.143950	30.359053	39.232899
AT2G10450	0	0.0	0.0	0.0
AT2G46580	41	2.651029	21.622311	27.942436
AT2G38330	54	2.217638	16.235895	20.981590
AT5G22890	0	0.0	0.0	0.0
AT5G03840	0	0.000000	0.000000	0.000000
AT2G25400	0	0.0	0.0	0.0
AT5G47730	21	0.829377	5.904060	7.629797
AT3G26300	61	2.554147	17.841038	23.055912
AT3G02745	0	0.0	0.0	0.0
AT4G22890	885	46.737434	349.020294	451.037750
AT2G07718	16	0.213916	1.493441	1.929968
AT1G09303	0	0.0	0.0	0.0
AT1G66650	3	0.169477	1.183193	1.529036
AT3G59090	42	1.772654	12.988535	16.785040
AT5G27300	35	0.834931	7.364598	9.517244
AT4G04020	206	8.318526	67.874390	87.713837
AT5G11430	27	0.504821	4.028889	5.206519
AT3G46730	2	0.054336	0.379343	0.490224
AT4G03039	0	0.0	0.0	0.0
AT5G63900	0	0.0	0.0	0.0
AT1G01040	43	0.523868	3.819934	4.936488
AT5G58005	51	4.355291	37.798573	48.846970
AT5G58550	9	0.119837	1.349965	1.744556
AT3G62210	0	0.0	0.0	0.0
AT5G04020	26	0.394752	2.867122	3.705172
AT4G11430	0	0.0	0.0	0.0
AT4G27300	58	1.383669	10.231300	13.221875
AT2G34730	17	0.410264	3.051195	3.943048
AT2G25710	42	1.479730	11.470659	14.823494
AT3G05550	0	0.000000	0.000000	0.000000
AT2G09995	0	0.000000	0.000000	0.000000
AT3G05005	0	0.0	0.0	0.0
AT2G32650	0	0.000000	0.000000	0.000000
AT5G13700	0	0.000000	0.000000	0.000000
AT4G10613	0	0.0	0.0	0.0
AT5G62310	0	0.0	0.0	0.0
AT4G32970	11	0.340185	2.462785	3.182649
AT1G07100	0	0.0	0.0	0.0
AT4G13700	0	0.0	0.0	0.0
AT4G33985	0	0.000000	0.000000	0.000000
AT2G04815	0	0.0	0.0	0.0
AT4G17098	18	0.574686	5.827823	7.531276
AT1G78130	12	0.342599	2.608118	3.370462
AT3G27200	9	0.702128	4.901862	6.334659
AT5G27690	14	0.767733	5.359879	6.926553
AT1G15020	27	0.772959	6.357931	8.216332
AT4G30990	267	2.128098	15.422390	19.930302
AT1G63060	0	0.0	0.0	0.0
AT2G34170	12	0.335331	2.517764	3.253698
AT3G54826	32	2.628217	18.348728	23.711998
AT4G27690	68	4.195848	29.293043	37.855301
AT5G50160	106	3.235701	22.589838	29.192772
AT3G04985	1	0.006755	0.047160	0.060944
AT3G46170	0	0.0	0.0	0.0
AT2G32710	20	0.643538	4.492819	5.806055
AT1G02820	0	0.000000	0.000000	0.000000
AT2G27313	0	0.0	0.0	0.0
AT1G08287	0	0.000000	0.000000	0.000000
AT3G11090	30	2.527508	17.645634	22.803392
AT2G20530	78	4.721885	33.760815	43.628983
AT5G44850	0	0.0	0.0	0.0
AT1G78770	14	0.365609	3.312251	4.280411
AT1G75660	79	1.778411	12.415862	16.044975
AT3G08470	0	0.000000	0.000000	0.000000
AT2G25650	0	0.000000	0.000000	0.000000
AT2G40360	94	2.837562	19.810257	25.600727
AT5G25970	4	0.137264	0.958300	1.238407
AT3G52605	3	0.213315	1.502803	1.942067
AT2G02835	0	0.0	0.0	0.0
AT1G07933	0	0.000000	0.000000	0.000000
AT5G64330	61	1.535527	11.423926	14.763100
AT5G55470	0	0.000000	0.000000	0.000000
AT1G66400	5	0.378462	2.642208	3.414516
AT1G07157	0	0.0	0.0	0.0
AT4G25970	88	2.094300	14.669378	18.957188
AT5G47330	0	0.000000	0.000000	0.000000
AT4G33470	55	2.647378	18.538372	23.957075
AT2G22520	0	0.000000	0.000000	0.000000
AT3G02345	0	0.0	0.0	0.0
AT3G26700	50	1.208078	10.817392	13.979280
AT3G55020	53	1.199321	9.144516	11.817426
AT2G21080	30	1.442451	10.070378	13.013916
AT5G27560	151	6.021489	46.042324	59.500340
AT5G27410	19	0.429026	3.253782	4.204851
AT1G09703	0	0.0	0.0	0.0
AT5G54550	0	0.0	0.0	0.0
AT1G09970	71	1.571707	10.981924	14.191903
AT5G08020	28	1.027014	7.170033	9.265808
AT2G38730	13	1.038462	7.249956	9.369094
AT4G15562	0	0.0	0.0	0.0
AT4G27560	66	2.885809	20.147089	26.036016
AT4G27410	0	0.000000	0.000000	0.000000
AT5G57910	11	0.499690	3.716372	4.802655
AT1G75590	0	0.0	0.0	0.0
AT1G51090	17	1.138050	9.734159	12.579422
AT5G06820	0	0.000000	0.000000	0.000000
AT4G06820	0	0.0	0.0	0.0
AT2G08815	0	0.000000	0.000000	0.000000
AT5G02245	0	0.0	0.0	0.0
AT5G62400	0	0.0	0.0	0.0
AT1G74130	0	0.0	0.0	0.0
AT2G03050	12	0.722137	5.041553	6.515182
AT2G03505	8	0.429825	3.240000	4.187042
AT1G05623	0	0.0	0.0	0.0
AT4G39820	50	2.114087	14.854841	19.196859
AT4G37040	107	6.087143	42.496998	54.918724
AT1G07745	14	0.576477	6.856650	8.860825
AT3G23605	5	0.399561	2.789509	3.604873
AT2G43820	35	1.600344	11.172698	14.438440
AT2G38170	375	11.043911	105.726471	136.629959
AT5G20280	147	3.100371	22.367725	28.905733
AT2G35520	39	4.243301	29.787104	38.493774
AT5G39820	0	0.000000	0.000000	0.000000
AT1G80060	7	0.187934	1.312049	1.695557
AT5G46050	0	0.000000	0.000000	0.000000
AT5G37040	0	0.0	0.0	0.0
AT3G08985	0	0.0	0.0	0.0
AT4G20280	30	1.657951	12.087414	15.620523
AT1G04287	0	0.0	0.0	0.0
AT1G36970	0	0.0	0.0	0.0
AT5G48850	0	0.000000	0.000000	0.000000
AT1G74770	0	0.000000	0.000000	0.000000
AT2G40500	0	0.0	0.0	0.0
AT3G04470	74	1.965714	13.723505	17.734840
AT3G20380	0	0.000000	0.000000	0.000000
AT1G72110	0	0.0	0.0	0.0
AT1G66310	0	0.0	0.0	0.0
AT3G02620	0	0.0	0.0	0.0
AT2G01210	0	0.000000	0.000000	0.000000
AT4G31100	0	0.0	0.0	0.0
AT4G13690	0	0.000000	0.000000	0.000000
AT3G02100	0	0.000000	0.000000	0.000000
AT1G34640	18	2.342941	16.357092	21.138214
AT2G14110	11	0.780769	5.541473	7.161226
AT4G31620	0	0.000000	0.000000	0.000000
AT5G64730	0	0.000000	0.000000	0.000000
AT1G22200	86	3.880627	27.154238	35.091328
AT5G49900	14	0.265264	2.550402	3.295876
AT5G13690	47	1.234899	8.664989	11.197734
AT2G33900	0	0.000000	0.000000	0.000000
AT3G22231	2274	235.342178	1643.026367	2123.277344
AT1G78370	914	63.710548	444.791107	574.802002
AT1G28090	41	1.357683	11.089375	14.330762
AT2G40760	38	1.796651	12.543203	16.209539
AT2G03230	0	0.000000	0.000000	0.000000
AT5G14930	34	1.153781	9.678749	12.507813
AT1G26890	1	0.045235	0.315805	0.408114
AT3G47050	0	0.0	0.0	0.0
AT2G32310	0	0.0	0.0	0.0
AT4G14930	37	0.695204	5.192199	6.709860
AT1G05103	0	0.0	0.0	0.0
AT1G08877	0	0.000000	0.000000	0.000000
AT2G44040	74	3.705698	27.562464	35.618877
AT2G27385	243	16.621044	158.654129	205.028214
AT5G62650	37	1.500770	10.477529	13.540075
AT1G19090	0	0.0	0.0	0.0
AT3G23125	0	0.0	0.0	0.0
AT1G67210	4	0.140584	1.259989	1.628279
AT5G62710	30	0.922745	6.762994	8.739794
AT4G13300	0	0.0	0.0	0.0
AT5G53890	0	0.000000	0.000000	0.000000
AT1G48210	69	1.850439	20.086742	25.958029
AT5G46230	16	1.543424	10.775315	13.924903
AT5G13300	87	1.986949	14.233799	18.394289
AT3G07820	0	0.0	0.0	0.0
AT5G64170	95	2.819830	20.255337	26.175903
AT3G09040	13	0.227989	1.598183	2.065327
AT2G05925	0	0.0	0.0	0.0
AT2G34330	0	0.0	0.0	0.0
AT4G27700	304	20.106342	153.954361	198.954712
AT5G43660	0	0.0	0.0	0.0
AT2G25310	55	3.802977	26.550240	34.310783
AT3G28918	0	0.0	0.0	0.0
AT5G12910	0	0.000000	0.000000	0.000000
AT3G56910	850	98.036377	684.434631	884.492554
AT3G13200	138	10.704568	74.733253	96.577530
AT2G45430	0	0.0	0.0	0.0
AT1G09563	0	0.0	0.0	0.0
AT5G27700	405	48.099556	335.803955	433.958313
AT1G05930	0	0.0	0.0	0.0
AT5G28646	0	0.0	0.0	0.0
AT4G14103	0	0.000000	0.000000	0.000000
AT3G46330	0	0.0	0.0	0.0
AT3G01485	1	0.013204	0.092183	0.119128
AT4G12910	49	1.775379	12.515425	16.173639
AT3G26560	47	0.873361	6.097313	7.879538
AT3G22022	0	0.0	0.0	0.0
AT3G26410	24	1.186797	8.285547	10.707384
AT2G39660	31	1.216692	8.494257	10.977099
AT1G60910	0	0.0	0.0	0.0
AT4G05190	15	0.355120	2.953399	3.816667
AT3G01915	0	0.000000	0.000000	0.000000
AT4G12480	52	4.409678	30.785883	39.784492
AT3G58190	0	0.0	0.0	0.0
AT3G21320	0	0.000000	0.000000	0.000000
AT2G06904	0	0.0	0.0	0.0
AT1G63670	14	0.355804	2.788448	3.603502
AT3G26980	76	2.348918	17.287230	22.340227
AT1G18720	207	10.451080	83.875534	108.392067
AT5G04530	67	2.527698	17.646961	22.805107
AT1G09983	0	0.0	0.0	0.0
AT4G19003	38	1.565937	13.006540	16.808308
AT2G38440	67	1.018656	7.647423	9.882738
AT5G12480	39	1.312902	9.383120	12.125773
AT1G30370	0	0.0	0.0	0.0
AT3G56480	67	1.205936	17.040636	22.021557
AT5G05190	75	2.179525	15.216213	19.663860
AT2G18735	6	0.448852	3.133631	4.049581
AT2G42000	0	0.0	0.0	0.0
AT5G65207	8	1.133205	7.911399	10.223872
AT2G08280	0	0.0	0.0	0.0
AT1G24240	25	1.835032	13.127487	16.964607
AT1G51570	132	3.274339	22.859589	29.541367
AT1G25390	25	0.625827	4.646599	6.004784
AT1G75070	0	0.0	0.0	0.0
AT3G14463	0	0.000000	0.000000	0.000000
AT4G21220	0	0.000000	0.000000	0.000000
AT1G10710	0	0.0	0.0	0.0
AT1G29720	41	0.946129	6.605339	8.536057
AT1G32600	0	0.000000	0.000000	0.000000
AT3G04140	28	0.782532	5.463197	7.060071
AT1G68920	21	0.664752	4.656206	6.017199
AT1G53025	2	0.052124	0.474312	0.612951
AT1G44160	0	0.000000	0.000000	0.000000
AT5G45180	0	0.000000	0.000000	0.000000
AT2G29735	0	0.0	0.0	0.0
AT3G60972	0	0.0	0.0	0.0
AT5G02510	0	0.0	0.0	0.0
AT5G02460	0	0.000000	0.000000	0.000000
AT1G14190	3	0.103320	0.812800	1.050378
AT3G54720	35	1.092622	7.988619	10.323666
AT4G33140	7	0.328125	2.290784	2.960372
ATCG00260	3	3.111111	21.720020	28.068710
AT2G47935	0	0.000000	0.000000	0.000000
AT3G59240	0	0.0	0.0	0.0
AT4G02510	361	4.293873	35.281414	45.594048
AT1G10650	30	0.952420	7.597826	9.818645
AT2G28010	0	0.0	0.0	0.0
AT4G02460	19	0.444208	3.101210	4.007682
AT1G47920	0	0.0	0.0	0.0
AT5G65250	52	3.237382	22.601574	29.207937
AT3G08705	0	0.000000	0.000000	0.000000
AT1G79250	0	0.0	0.0	0.0
AT1G15530	0	0.0	0.0	0.0
AT2G29260	0	0.0	0.0	0.0
AT2G26810	21	0.857906	7.484769	9.672542
AT2G18260	0	0.000000	0.000000	0.000000
AT3G33530	67	1.081066	8.771923	11.335926
AT5G59340	0	0.0	0.0	0.0
AT3G45830	22	0.362547	2.656276	3.432696
AT1G07128	5	0.313944	2.191780	2.832430
AT2G20020	93	3.079101	21.496548	27.779913
AT2G19010	0	0.0	0.0	0.0
AT1G06597	0	0.000000	0.000000	0.000000
AT2G07627	0	0.0	0.0	0.0
AT4G04205	1	0.568807	3.971089	5.131825
AT5G58220	38	2.338459	16.840940	21.763489
AT1G61420	0	0.000000	0.000000	0.000000
AT5G49780	0	0.000000	0.000000	0.000000
AT2G33780	0	0.0	0.0	0.0
AT3G49870	96	4.903340	34.232353	44.238354
AT2G13905	0	0.0	0.0	0.0
AT5G04205	0	0.0	0.0	0.0
AT1G28570	5	0.230144	1.628120	2.104013
AT5G64440	41	1.293560	9.591787	12.395434
AT5G38743	0	0.0	0.0	0.0
AT3G05220	191	4.576012	46.043087	59.501320
AT3G50310	0	0.0	0.0	0.0
AT3G43150	0	0.0	0.0	0.0
AT3G08415	0	0.0	0.0	0.0
AT5G50210	56	1.642884	11.469688	14.822240
AT5G05320	0	0.000000	0.000000	0.000000
AT5G52045	0	0.000000	0.000000	0.000000
AT2G09685	0	0.000000	0.000000	0.000000
AT3G04305	0	0.0	0.0	0.0
AT1G32450	0	0.000000	0.000000	0.000000
AT2G31940	1	0.095550	0.667076	0.862060
AT5G09790	9	0.411361	2.877280	3.718299
AT3G58320	0	0.0	0.0	0.0
AT3G21190	105	4.500269	31.418339	40.601810
AT5G55565	0	0.0	0.0	0.0
AT4G05320	1058	30.771633	600.752869	776.350891
AT1G19570	204	14.830001	124.877373	161.378601
AT3G27025	0	0.0	0.0	0.0
AT1G01290	17	0.650668	4.542597	5.870382
AT2G35382	0	0.0	0.0	0.0
AT1G79030	21	0.554063	3.955325	5.111454
AT3G63280	0	0.000000	0.000000	0.000000
AT4G05645	0	0.0	0.0	0.0
AT4G36790	17	0.622928	4.865174	6.287248
AT5G65030	0	0.000000	0.000000	0.000000
AT3G11240	0	0.000000	0.000000	0.000000
AT1G10400	0	0.000000	0.000000	0.000000
AT3G43420	0	0.0	0.0	0.0
AT5G05645	0	0.0	0.0	0.0
AT1G32120	15	0.302882	2.114551	2.732627
AT5G36790	276	10.773240	92.428772	119.445396
AT3G03935	0	0.0	0.0	0.0
AT1G25450	66	2.495718	17.423695	22.516581
AT4G27980	0	0.0	0.0	0.0
AT5G57480	4	0.133615	0.932825	1.205486
AT5G22796	0	0.000000	0.000000	0.000000
AT3G04695	0	0.000000	0.000000	0.000000
AT5G52547	0	0.0	0.0	0.0
AT5G11340	77	6.019763	42.026588	54.310818
AT2G45740	167	9.263523	77.585709	100.263741
AT5G59105	0	0.0	0.0	0.0
AT5G27980	0	0.000000	0.000000	0.000000
AT2G04870	0	0.0	0.0	0.0
AT1G55950	0	0.0	0.0	0.0
AT1G65810	0	0.0	0.0	0.0
AT1G14320	1201	75.952568	601.593140	777.436707
AT1G61150	71	1.910702	17.591431	22.733345
AT3G62160	7	0.311395	2.173984	2.809432
AT5G63380	232	5.844964	41.715092	53.908268
AT4G30680	0	0.000000	0.000000	0.000000
AT4G32915	86	8.421508	58.794212	75.979568
AT4G11340	0	0.000000	0.000000	0.000000
AT5G57350	359	7.730977	59.941589	77.462318
AT4G37870	209	6.442122	44.975258	58.121376
AT5G24360	25	0.603026	4.508751	5.826643
AT1G25380	37	1.299607	10.029126	12.960605
AT2G08290	0	0.0	0.0	0.0
AT4G29630	0	0.0	0.0	0.0
AT1G70860	0	0.0	0.0	0.0
AT5G23810	0	0.000000	0.000000	0.000000
AT5G44530	32	0.806629	6.029140	7.791437
AT1G04813	0	0.0	0.0	0.0
AT2G20850	31	0.750623	5.555617	7.179505
AT5G28500	270	11.794423	82.342003	106.410294
AT5G37870	0	0.0	0.0	0.0
AT5G45190	42	1.104418	8.558222	11.059759
AT4G23810	30	1.568884	10.953063	14.154606
AT3G14010	76	1.569521	14.986936	19.367567
AT2G02000	0	0.0	0.0	0.0
AT5G63450	0	0.0	0.0	0.0
AT4G28500	11	0.559974	3.909423	5.052133
AT3G58180	49	2.817259	19.668512	25.417551
AT3G26990	18	0.596326	4.735703	6.119933
AT5G19500	817	25.147535	182.672989	236.067688
AT4G05180	2709	170.467346	1402.221924	1812.086548
AT4G12490	23	2.278626	15.908081	20.557959
AT4G18630	0	0.000000	0.000000	0.000000
AT3G44140	0	0.0	0.0	0.0
AT1G09993	0	0.000000	0.000000	0.000000
AT1G77240	9	0.358999	2.506329	3.238920
AT2G21570	0	0.0	0.0	0.0
AT1G23030	93	3.061907	21.376507	27.624786
AT4G19500	69	1.166381	8.530776	11.024294
AT1G04160	14	0.207822	1.453912	1.878885
AT5G18630	28	0.814169	7.478891	9.664946
AT3G56490	138	10.655674	74.391907	96.136398
AT5G05180	18	0.561183	4.153472	5.367518
AT2G47150	0	0.0	0.0	0.0
AT1G16610	120	4.340092	35.598396	46.003685
AT3G24260	0	0.0	0.0	0.0
AT2G36140	0	0.000000	0.000000	0.000000
AT3G57250	0	0.0	0.0	0.0
AT1G16750	6	0.224932	1.632413	2.109562
AT2G07935	0	0.0	0.0	0.0
AT5G51760	0	0.0	0.0	0.0
AT5G42460	25	1.394940	9.738685	12.585268
AT3G47342	2	1.807692	12.620286	16.309153
AT5G42510	0	0.0	0.0	0.0
AT2G09140	0	0.000000	0.000000	0.000000
AT5G10470	97	1.751154	13.045330	16.858435
AT1G32380	40	1.432200	9.998812	12.921431
AT2G47420	101	5.697658	39.777832	51.404758
AT1G07920	1986	45.216248	608.620117	786.517700
AT5G56030	113	3.117949	22.447027	29.008215
AT3G12030	0	0.000000	0.000000	0.000000
AT3G01670	41	1.149123	8.490235	10.971903
AT4G10470	43	2.192124	15.304173	19.777531
AT2G22122	9	0.860858	6.010025	7.766735
AT4G19038	0	0.0	0.0	0.0
AT1G14180	34	1.225881	9.867346	12.751536
AT5G58830	0	0.0	0.0	0.0
AT1G62305	23	0.968617	7.314841	9.452944
AT5G07115	0	0.0	0.0	0.0
AT5G15160	16	1.585025	11.065749	14.300231
AT1G66950	0	0.000000	0.000000	0.000000
AT5G63120	26	0.722496	5.264987	6.803925
AT1G56810	0	0.0	0.0	0.0
AT1G50020	109	8.604379	60.070919	77.629440
AT3G05830	27	1.270173	9.734613	12.580009
AT4G07115	0	0.0	0.0	0.0
AT4G15160	1	0.066183	0.462052	0.597109
AT2G40711	0	0.000000	0.000000	0.000000
AT1G47128	370	15.418968	107.646538	139.111252
AT5G09780	0	0.0	0.0	0.0
AT2G09695	0	0.000000	0.000000	0.000000
AT3G09870	0	0.0	0.0	0.0
AT3G06115	0	0.0	0.0	0.0
AT5G28235	0	0.0	0.0	0.0
AT3G21180	0	0.000000	0.000000	0.000000
AT1G01280	0	0.0	0.0	0.0
AT4G09780	0	0.0	0.0	0.0
AT4G30300	0	0.0	0.0	0.0
AT5G63600	0	0.000000	0.000000	0.000000
AT3G45220	0	0.0	0.0	0.0
AT5G45320	0	0.0	0.0	0.0
AT4G32670	15	0.372816	2.730614	3.528763
AT3G57030	66	2.869494	20.033188	25.888821
AT3G03150	154	14.245370	99.453133	128.522949
AT1G06587	0	0.000000	0.000000	0.000000
AT5G33439	0	0.0	0.0	0.0
AT1G23250	0	0.0	0.0	0.0
AT1G09812	0	0.000000	0.000000	0.000000
AT3G28335	0	0.000000	0.000000	0.000000
AT1G11735	0	0.0	0.0	0.0
AT1G69000	0	0.0	0.0	0.0
AT2G33790	0	0.0	0.0	0.0
AT2G32950	45	1.242813	8.927085	11.536442
AT1G31440	70	2.835449	19.795506	25.581663
AT3G30200	0	0.0	0.0	0.0
AT5G32670	0	0.0	0.0	0.0
AT5G64572	0	0.000000	0.000000	0.000000
AT5G51500	0	0.0	0.0	0.0
AT2G36305	10	0.496286	3.649615	4.716385
AT5G51055	0	0.0	0.0	0.0
AT4G34420	0	0.000000	0.000000	0.000000
AT4G21830	0	0.0	0.0	0.0
AT5G57490	107	5.959582	41.606438	53.767857
AT4G27990	60	4.028765	28.126566	36.347866
AT1G11260	133	4.279408	29.876411	38.609184
AT3G12250	10	0.329046	3.068564	3.965495
AT4G19760	0	0.0	0.0	0.0
AT5G56250	47	0.918085	6.642271	8.583783
AT4G34150	99	1.942455	17.518209	22.638721
AT3G04685	0	0.000000	0.000000	0.000000
AT3G03420	33	2.023041	15.286036	19.754091
AT5G27990	62	3.721970	31.096825	40.186317
AT1G55775	0	0.000000	0.000000	0.000000
AT5G19760	374	21.457737	149.805817	193.593536
AT4G30690	118	6.112063	55.233349	71.377869
AT1G73720	33	1.340826	9.360890	12.097047
AT5G63390	0	0.000000	0.000000	0.000000
AT3G63290	6	0.226357	1.648450	2.130286
AT1G07633	0	0.000000	0.000000	0.000000
AT1G76340	23	0.930037	6.492993	8.390873
AT4G12350	0	0.0	0.0	0.0
AT4G28760	13	0.233409	1.900905	2.456533
AT4G25670	46	2.897502	20.912466	27.025106
AT1G21010	10	0.648936	4.530505	5.854756
AT3G44695	0	0.0	0.0	0.0
AT2G37530	7	0.728997	5.089446	6.577073
AT4G36780	54	2.593618	18.107178	23.399843
AT2G44870	220	13.465544	94.008827	121.487289
AT1G08047	0	0.000000	0.000000	0.000000
AT1G32928	9	1.012251	7.066966	9.132615
AT1G11175	7	0.640351	4.470569	5.777301
AT3G56350	0	0.0	0.0	0.0
ATMG00810	5	0.504841	3.524515	4.554719
AT5G12350	25	0.478928	3.350042	4.329248
AT4G36032	5	0.139962	0.980005	1.266457
AT2G25950	35	2.119324	16.189657	20.921837
AT2G36695	0	0.0	0.0	0.0
AT3G52905	6	0.452241	3.157291	4.080157
AT5G36780	0	0.0	0.0	0.0
AT1G75960	22	0.844000	5.892332	7.614640
AT3G55734	0	0.0	0.0	0.0
AT1G51080	29	2.145283	14.977155	19.354927
AT1G75580	3	0.236617	1.651926	2.134779
AT4G22270	0	0.000000	0.000000	0.000000
AT5G07330	0	0.0	0.0	0.0
AT2G09470	0	0.000000	0.000000	0.000000
AT5G10140	10	0.384656	4.870926	6.294682
AT1G52520	7	0.199845	1.395205	1.803019
AT5G48020	48	1.525790	14.558011	18.813269
AT1G49970	278	12.871080	89.858620	116.123985
AT3G20600	43	3.427428	23.928370	30.922548
AT5G22270	30	2.526429	17.638102	22.793659
AT4G10140	18	0.651501	4.822084	6.231564
AT1G60350	0	0.0	0.0	0.0
AT5G46820	0	0.0	0.0	0.0
AT3G61028	0	0.0	0.0	0.0
AT5G01255	0	0.000000	0.000000	0.000000
AT5G39050	24	0.932253	6.508464	8.410867
AT3G15650	0	0.000000	0.000000	0.000000
AT3G22370	46	2.074263	14.481334	18.714180
AT4G40010	0	0.000000	0.000000	0.000000
AT2G21090	7	0.232895	1.625942	2.101199
AT3G10530	57	2.141698	14.952127	19.322582
AT4G39050	85	1.581173	11.177230	14.444296
AT1G27130	105	6.316944	45.335899	58.587429
AT3G07230	227	28.463837	198.718445	256.803162
AT2G16145	0	0.0	0.0	0.0
AT5G40010	2	0.078537	0.548301	0.708568
AT4G22165	0	0.0	0.0	0.0
AT2G43050	0	0.0	0.0	0.0
AT1G51172	0	0.0	0.0	0.0
AT4G06050	0	0.0	0.0	0.0
AT1G04297	0	0.000000	0.000000	0.000000
AT1G05347	37	3.309604	23.105787	29.859529
AT1G33607	0	0.0	0.0	0.0
AT2G03820	115	4.489956	31.346338	40.508766
AT4G35270	32	0.559847	4.327380	5.592258
AT1G13370	0	0.0	0.0	0.0
AT1G64100	0	0.000000	0.000000	0.000000
AT5G06505	0	0.000000	0.000000	0.000000
AT3G20390	435	29.883060	213.022659	275.288452
AT5G06050	38	1.243202	8.679335	11.216274
AT3G15710	41	3.139376	21.917351	28.323719
AT3G07765	0	0.0	0.0	0.0
AT1G06967	0	0.0	0.0	0.0
AT5G03015	0	0.0	0.0	0.0
AT5G08850	0	0.000000	0.000000	0.000000
AT1G15772	0	0.0	0.0	0.0
AT1G75840	72	4.314409	30.120770	38.924969
AT5G20290	1508	107.952553	753.663818	973.957153
AT1G27770	41	0.871998	6.338536	8.191269
AT5G67020	0	0.0	0.0	0.0
AT4G08850	115	2.206391	17.059151	22.045485
AT1G33710	0	0.0	0.0	0.0
AT4G35165	0	0.0	0.0	0.0
AT3G55850	38	1.049878	7.329656	9.472089
AT2G22805	0	0.0	0.0	0.0
AT2G17200	76	2.944606	20.557577	26.566486
AT4G20290	0	0.000000	0.000000	0.000000
AT3G51110	11	0.360517	2.516926	3.252615
AT2G36470	30	1.195918	8.349224	10.789675
AT2G41210	7	0.179532	1.253391	1.619753
AT3G60810	27	2.060804	14.387369	18.592749
AT3G50950	102	2.792005	19.532557	25.241856
AT1G26880	667	30.245037	415.010162	536.316223
AT5G53540	66	2.802974	21.262564	27.477537
AT5G09900	205	7.760798	54.388008	70.285439
AT1G33400	0	0.000000	0.000000	0.000000
AT1G80970	0	0.000000	0.000000	0.000000
AT2G46660	6	0.211927	1.479555	1.912024
AT1G70940	72	1.744329	14.051773	18.159058
AT3G20450	0	0.000000	0.000000	0.000000
AT4G09900	32	1.177083	11.679579	15.093480
AT4G10305	0	0.0	0.0	0.0
AT1G19080	25	1.203348	8.554904	11.055474
AT5G61640	0	0.000000	0.000000	0.000000
AT3G53130	105	2.487630	17.367228	22.443611
AT3G07050	59	2.260637	15.782492	20.395660
AT4G13680	0	0.0	0.0	0.0
AT3G07505	0	0.0	0.0	0.0
AT3G15400	1	0.022689	0.158402	0.204702
AT2G43230	0	0.000000	0.000000	0.000000
AT1G31730	115	2.561942	17.886034	23.114059
AT5G06765	0	0.0	0.0	0.0
AT4G39230	22	1.177006	8.217192	10.619049
AT1G28080	0	0.0	0.0	0.0
AT2G04040	6	0.225462	1.574049	2.034137
AT5G13680	29	0.504243	3.649936	4.716800
AT4G06765	0	0.0	0.0	0.0
AT5G39230	0	0.0	0.0	0.0
AT2G31725	82	8.384021	58.532505	75.641357
AT1G64620	11	0.366262	2.557034	3.304447
AT1G36060	2	0.077675	0.542283	0.700790
AT2G16300	0	0.0	0.0	0.0
AT1G08210	24	0.917331	7.323351	9.463943
AT1G65295	97	5.708457	39.853226	51.502186
AT5G10695	13	1.766667	12.333872	15.939021
AT5G06230	67	2.466426	30.022507	38.797981
AT1G09060	47	1.167140	8.361511	10.805553
AT5G66985	1	0.098516	0.687783	0.888820
AT3G49040	0	0.0	0.0	0.0
AT3G47820	21	0.783197	5.467839	7.066070
AT2G07759	1	0.225721	1.575857	2.036474
AT1G60490	47	1.216797	8.652721	11.181883
AT4G10695	0	0.0	0.0	0.0
AT3G01495	1	0.263393	1.838861	2.376354
AT3G20120	0	0.000000	0.000000	0.000000
AT5G53880	154	16.293104	113.749260	146.997772
AT5G03660	106	5.186576	54.701984	70.691185
AT1G26540	0	0.000000	0.000000	0.000000
AT2G05430	0	0.0	0.0	0.0
AT1G55310	31	0.916888	7.030906	9.086017
AT4G36900	12	0.788303	5.503487	7.112137
ATMG00285	0	0.000000	0.000000	0.000000
AT3G06330	35	1.176071	10.823571	13.987264
AT1G31170	47	2.537931	18.351206	23.715200
AT1G17520	15	0.513146	3.889274	5.026095
AT3G29075	104	5.688965	39.717140	51.326328
AT5G36900	0	0.0	0.0	0.0
AT3G53770	0	0.0	0.0	0.0
AT4G07265	0	0.0	0.0	0.0
AT4G15210	9	0.235273	1.880820	2.430577
AT1G02230	19	0.909887	6.388300	8.255578
AT1G34860	0	0.0	0.0	0.0
AT5G43580	0	0.000000	0.000000	0.000000
AT5G07265	0	0.000000	0.000000	0.000000
AT5G15210	43	1.935743	13.514265	17.464439
AT3G26680	14	0.392798	2.895515	3.741865
AT1G63970	151	11.617249	84.252647	108.879402
AT2G39580	53	0.675348	5.489950	7.094643
AT1G60610	13	0.408552	2.936832	3.795258
AT3G01615	0	0.000000	0.000000	0.000000
AT1G27370	29	0.714151	5.136780	6.638243
AT1G77090	82	5.274716	38.740124	50.063732
AT1G09683	0	0.0	0.0	0.0
AT4G35880	42	1.623582	11.334933	14.648096
AT5G22540	0	0.0	0.0	0.0
AT3G20790	61	3.371825	24.296835	31.398716
AT2G23200	9	0.258544	1.805008	2.332606
AT5G07170	0	0.000000	0.000000	0.000000
AT3G07365	0	0.000000	0.000000	0.000000
AT5G03590	0	0.0	0.0	0.0
AT5G25060	69	1.314908	9.179946	11.863213
AT4G22540	47	1.033828	8.962844	11.582653
AT2G08040	0	0.0	0.0	0.0
AT1G24080	0	0.0	0.0	0.0
AT5G00845	0	0.0	0.0	0.0
AT1G05747	0	0.0	0.0	0.0
AT4G18425	5	0.340465	2.376935	3.071704
AT4G07170	0	0.0	0.0	0.0
AT1G32900	24	0.835079	5.830050	7.534154
AT1G13770	14	0.600216	4.465389	5.770607
AT1G68620	3	0.143795	1.003896	1.297331
AT4G03590	0	0.0	0.0	0.0
AT3G57520	72	1.837899	13.011484	16.814695
AT1G47620	0	0.0	0.0	0.0
AT5G22880	186	17.486422	122.080330	157.763992
AT1G04210	86	1.677587	11.746406	15.179839
AT1G10950	276	8.433435	60.832317	78.613388
AT4G00585	114	12.320704	86.016205	111.158447
AT2G46590	18	0.557950	4.043278	5.225114
AT3G24110	0	0.000000	0.000000	0.000000
AT1G29041	0	0.000000	0.000000	0.000000
AT4G22880	61	3.298976	24.100914	31.145529
AT3G14075	23	0.567246	4.400525	5.686783
AT3G22770	0	0.000000	0.000000	0.000000
AT3G59080	13	0.463657	3.236991	4.183153
AT1G14688	0	0.0	0.0	0.0
AT3G21945	0	0.0	0.0	0.0
AT2G21465	0	0.0	0.0	0.0
AT1G13130	0	0.000000	0.000000	0.000000
AT5G66470	106	2.174929	15.184126	19.622395
AT5G35540	0	0.0	0.0	0.0
AT3G01755	0	0.000000	0.000000	0.000000
AT4G32060	216	7.895748	59.241001	76.556946
AT5G43840	0	0.0	0.0	0.0
AT1G60750	0	0.000000	0.000000	0.000000
AT2G39840	37	1.796020	12.538798	16.203846
AT2G13125	0	0.0	0.0	0.0
AT2G37020	27	1.518678	10.679273	13.800786
AT5G40595	0	0.000000	0.000000	0.000000
AT5G07730	13	0.939591	6.559694	8.477071
AT4G35540	5	0.207168	1.446330	1.869087
AT3G06730	130	10.506098	73.347649	94.786911
AT1G20800	0	0.0	0.0	0.0
AT1G76430	0	0.0	0.0	0.0
AT1G09147	0	0.0	0.0	0.0
AT3G53370	15	1.651130	11.527258	14.896636
AT3G01060	193	8.422235	63.343662	81.858795
AT1G02050	15	0.302305	2.178564	2.815351
AT5G44020	476	27.023420	188.662262	243.807602
AT1G55710	0	0.0	0.0	0.0
ATMG01000	1	0.152748	1.066400	1.378106
AT1G23520	0	0.0	0.0	0.0
AT5G39365	0	0.0	0.0	0.0
AT5G53270	0	0.0	0.0	0.0
AT1G15850	0	0.0	0.0	0.0
AT1G11110	0	0.0	0.0	0.0
AT3G11080	1	0.022465	0.156838	0.202681
AT5G05945	0	0.000000	0.000000	0.000000
AT1G78955	0	0.000000	0.000000	0.000000
AT1G08297	0	0.0	0.0	0.0
AT4G06365	0	0.0	0.0	0.0
AT2G36985	0	0.0	0.0	0.0
AT5G56520	15	0.905792	6.323729	8.172132
AT3G12520	21	0.657658	4.598930	5.943182
AT1G63206	0	0.0	0.0	0.0
AT2G16700	35	1.198707	13.004272	16.805376
AT5G25755	0	0.000000	0.000000	0.000000
AT1G68100	42	1.645854	12.414375	16.043055
AT3G03635	0	0.000000	0.000000	0.000000
AT4G05945	0	0.000000	0.000000	0.000000
AT1G26270	56	1.592472	11.117741	14.367418
AT3G63040	0	0.000000	0.000000	0.000000
AT1G31330	7988	525.048462	3715.346680	4801.330078
AT5G06365	0	0.0	0.0	0.0
AT3G09815	0	0.000000	0.000000	0.000000
AT3G06170	0	0.000000	0.000000	0.000000
AT1G55650	0	0.000000	0.000000	0.000000
AT5G04850	28	1.481506	12.255059	15.837171
AT3G06265	0	0.0	0.0	0.0
AT5G27680	0	0.000000	0.000000	0.000000
AT1G50530	0	0.0	0.0	0.0
AT3G48470	11	0.238053	1.727165	2.232010
AT4G30980	7	0.273656	1.977492	2.555506
AT4G04850	58	1.432887	10.615196	13.717981
AT2G42835	0	0.000000	0.000000	0.000000
AT4G27680	24	0.955823	7.526986	9.727098
AT2G20616	0	0.0	0.0	0.0
AT3G04995	0	0.000000	0.000000	0.000000
AT2G05105	0	0.0	0.0	0.0
AT2G33450	375	39.979034	279.111053	360.694275
AT5G57610	33	0.598275	4.272443	5.521264
AT2G41160	36	1.744526	13.799282	17.832766
AT3G51260	132	8.063797	56.296883	72.752266
AT4G30560	0	0.000000	0.000000	0.000000
AT5G48205	0	0.0	0.0	0.0
AT4G30410	6	0.342679	2.392391	3.091679
AT4G15885	0	0.0	0.0	0.0
AT2G21240	37	1.649635	14.526533	18.772589
AT1G77570	5	0.489426	3.416896	4.415643
AT5G49450	20	1.764057	12.315651	15.915473
AT1G73190	0	0.000000	0.000000	0.000000
AT1G60987	0	0.0	0.0	0.0
AT5G66140	65	4.612439	32.201447	41.613819
AT5G02085	0	0.000000	0.000000	0.000000
AT5G03070	21	0.662162	5.490752	7.095681
AT5G38420	4795	410.203278	2863.807861	3700.888916
AT1G16350	96	3.731051	27.600185	35.667625
AT5G51360	0	0.0	0.0	0.0
AT1G32780	0	0.000000	0.000000	0.000000
AT1G20696	419	19.771276	159.965729	206.723175
AT4G03070	13	0.561711	5.913869	7.642473
AT4G38420	35	0.920319	9.335521	12.064260
AT2G46070	19	0.844380	6.340861	8.194273
AT2G09565	0	0.000000	0.000000	0.000000
AT2G09415	0	0.0	0.0	0.0
AT5G37280	0	0.0	0.0	0.0
AT4G05865	0	0.0	0.0	0.0
AT4G17810	29	1.873239	13.077898	16.900522
AT4G38150	15	0.689434	4.907782	6.342309
AT4G20040	0	0.000000	0.000000	0.000000
AT3G08685	0	0.000000	0.000000	0.000000
AT5G41800	0	0.000000	0.000000	0.000000
AT3G14595	53	4.169000	29.105606	37.613075
AT4G37280	67	4.012021	28.009666	36.196796
AT5G38150	0	0.000000	0.000000	0.000000
AT5G05865	0	0.000000	0.000000	0.000000
AT5G17810	0	0.000000	0.000000	0.000000
AT5G20040	42	1.751864	12.620286	16.309153
AT1G17030	10	0.426752	2.979342	3.850193
AT3G02920	23	0.856611	7.319567	9.459051
AT4G24760	18	0.764026	5.761863	7.446035
AT1G70185	2	0.433234	3.024595	3.908674
AT4G12065	0	0.000000	0.000000	0.000000
AT5G07440	48	1.411524	14.259555	18.427574
AT5G49120	3	0.292490	2.042000	2.638870
AT5G57750	0	0.0	0.0	0.0
AT2G33120	203	11.287160	80.142815	103.568291
AT1G04047	5	0.822616	5.743041	7.421712
AT5G24760	0	0.000000	0.000000	0.000000
AT4G15545	434	22.767385	158.949036	205.409302
AT1G44895	0	0.0	0.0	0.0
AT2G28671	2	0.079607	0.555771	0.718221
AT3G56750	48	1.846387	15.821126	20.445589
AT2G33600	35	1.955477	13.652037	17.642481
AT5G13990	0	0.000000	0.000000	0.000000
AT5G56368	0	0.0	0.0	0.0
AT5G36380	0	0.0	0.0	0.0
AT1G08813	0	0.000000	0.000000	0.000000
AT5G48530	0	0.000000	0.000000	0.000000
AT5G24500	258	8.182764	62.841076	81.209305
AT4G12750	32	0.628773	4.389738	5.672844
AT4G13990	9	0.263806	2.322095	3.000836
AT1G76740	8	0.120041	0.838059	1.083020
AT1G52030	19	0.311028	4.266034	5.512981
AT3G19260	41	1.549615	11.493999	14.853655
AT4G28360	64	4.036000	28.177073	36.413136
AT3G13855	1	0.263367	1.838680	2.376120
AT5G49600	0	0.000000	0.000000	0.000000
AT3G18010	0	0.000000	0.000000	0.000000
AT4G31920	21	0.739871	5.165362	6.675179
AT4G24500	0	0.000000	0.000000	0.000000
AT2G06960	0	0.0	0.0	0.0
AT4G36380	0	0.000000	0.000000	0.000000
AT3G06440	30	0.888973	6.382869	8.248559
AT3G54180	14	0.799855	5.584136	7.216360
AT4G14630	0	0.000000	0.000000	0.000000
AT2G44280	7	0.201730	1.532509	1.980456
AT3G48140	556	58.612137	409.196869	528.803711
AT5G19360	0	0.000000	0.000000	0.000000
AT1G73320	0	0.000000	0.000000	0.000000
AT5G00965	0	0.000000	0.000000	0.000000
AT5G52810	21	1.189528	8.304613	10.732023
AT5G63790	58	2.883281	24.225637	31.306709
AT3G16810	47	1.651214	11.527844	14.897394
AT5G62950	31	1.352738	15.945815	20.606724
AT1G43000	0	0.0	0.0	0.0
AT1G08160	25	1.945098	13.579576	17.548840
AT3G10020	14	0.989257	6.906434	8.925161
AT5G50562	0	0.000000	0.000000	0.000000
AT3G29010	0	0.000000	0.000000	0.000000
AT1G06013	0	0.000000	0.000000	0.000000
AT4G19360	0	0.0	0.0	0.0
AT2G09705	0	0.0	0.0	0.0
AT2G30385	0	0.0	0.0	0.0
AT2G33390	0	0.000000	0.000000	0.000000
AT5G57567	0	0.000000	0.000000	0.000000
AT3G09280	0	0.0	0.0	0.0
AT1G29180	0	0.0	0.0	0.0
AT1G09477	0	0.000000	0.000000	0.000000
AT2G16980	0	0.0	0.0	0.0
AT1G01870	0	0.0	0.0	0.0
AT5G45720	1	0.018351	0.133694	0.172773
ATCG01310	558	54.091312	377.635040	488.016449
AT5G49390	0	0.000000	0.000000	0.000000
AT1G54010	68	3.511342	24.514210	31.679628
AT1G18180	0	0.000000	0.000000	0.000000
AT5G54830	29	0.697118	4.866885	6.289458
AT3G49290	31	1.129967	9.653392	12.475045
AT1G05630	40	0.756465	5.538513	7.157401
AT1G74453	4	2.781818	19.421083	25.097799
AT2G39960	121	8.165816	57.009121	73.672691
AT4G30700	4	0.097195	0.678561	0.876902
AT4G12610	29	0.838436	5.853487	7.564441
AT2G07743	0	0.0	0.0	0.0
AT1G16490	0	0.000000	0.000000	0.000000
AT2G05625	0	0.0	0.0	0.0
AT5G67530	37	1.303984	9.103681	11.764655
AT5G43960	170	6.488964	45.389400	58.656567
AT5G09380	21	1.302344	9.594440	12.398863
AT3G05152	0	0.0	0.0	0.0
AT1G17250	0	0.000000	0.000000	0.000000
AT3G21865	67	3.585783	29.668831	38.340931
AT3G56610	0	0.0	0.0	0.0
AT1G19360	114	4.734568	33.054081	42.715679
AT4G31115	47	2.394811	17.524431	22.646761
AT1G52810	0	0.0	0.0	0.0
AT2G39000	25	0.959532	9.634969	12.451236
AT1G63790	0	0.0	0.0	0.0
AT1G62950	9	0.195800	1.366965	1.766524
AT3G61960	35	1.153623	8.053946	10.408085
AT3G18830	86	2.889975	23.783028	30.734726
AT3G55160	44	0.493333	3.454058	4.463668
AT2G45260	32	1.298270	10.521045	13.596310
AT1G07647	0	0.000000	0.000000	0.000000
AT4G08160	0	0.000000	0.000000	0.000000
AT2G12475	0	0.0	0.0	0.0
AT5G43000	0	0.0	0.0	0.0
AT1G30757	1	0.063327	0.471394	0.609180
AT4G21595	0	0.0	0.0	0.0
AT1G14630	4	0.184741	1.724757	2.228897
AT5G08160	102	4.926105	34.391285	44.443741
AT1G08033	0	0.000000	0.000000	0.000000
AT2G25140	16	0.371565	2.594057	3.352291
AT1G48530	0	0.0	0.0	0.0
AT3G50470	3	0.185185	1.292857	1.670755
AT1G36380	19	1.871747	14.224221	18.381912
AT3G29830	0	0.0	0.0	0.0
AT1G31920	0	0.000000	0.000000	0.000000
AT5G08275	0	0.000000	0.000000	0.000000
AT1G80450	5	0.240132	1.676466	2.166492
AT5G46460	4	0.128722	0.898664	1.161341
AT5G46510	44	0.357685	5.049952	6.526035
AT1G28360	0	0.0	0.0	0.0
AT1G05291	0	0.0	0.0	0.0
AT4G34940	0	0.0	0.0	0.0
AT3G11760	16	0.438022	3.058022	3.951872
AT1G13990	14	0.628818	4.506949	5.824316
AT1G12750	34	0.915071	8.763587	11.325153
AT3G20970	33	2.055289	14.395002	18.602612
AT1G49600	149	4.753803	40.147480	51.882450
AT3G23610	11	0.426230	3.680208	4.755920
AT3G16030	0	0.000000	0.000000	0.000000
AT5G52030	26	1.006890	8.299837	10.725852
AT5G34940	9	0.234765	2.429882	3.140128
AT4G17250	11	0.294877	2.058665	2.660405
AT2G03460	0	0.000000	0.000000	0.000000
AT3G03940	130	3.299175	23.032978	29.765438
AT2G03510	95	5.161423	36.034145	46.566799
AT2G08800	0	0.000000	0.000000	0.000000
AT4G16490	76	2.591573	18.092901	23.381393
AT3G22990	35	1.585755	11.690337	15.107383
AT3G23750	54	1.197922	8.363215	10.807755
AT5G18180	0	0.000000	0.000000	0.000000
AT1G54830	41	2.000553	17.650862	22.810150
AT3G42723	0	0.0	0.0	0.0
AT3G59500	43	2.100935	20.488600	26.477348
AT5G05630	2	0.068058	0.475143	0.614025
AT1G30700	0	0.0	0.0	0.0
AT1G09380	0	0.0	0.0	0.0
AT4G00005	0	0.0	0.0	0.0
AT2G32140	0	0.000000	0.000000	0.000000
AT5G17250	0	0.000000	0.000000	0.000000
AT4G00550	11	0.315748	2.735697	3.535331
AT1G12610	0	0.0	0.0	0.0
AT3G52490	2	0.045191	0.315498	0.407717
AT3G58630	22	0.726033	5.208654	6.731125
AT5G16490	4	0.333712	2.329789	3.010778
AT1G80120	11	0.583994	4.077116	5.268844
AT4G05630	0	0.0	0.0	0.0
AT4G18180	0	0.0	0.0	0.0
AT1G67530	18	0.427340	3.353023	4.333100
AT5G01870	0	0.000000	0.000000	0.000000
AT3G43148	0	0.0	0.0	0.0
AT3G17350	32	2.041906	15.231664	19.683826
AT1G49390	0	0.0	0.0	0.0
AT2G22941	0	0.0	0.0	0.0
AT2G06000	22	0.641358	4.670036	6.035071
AT4G29180	0	0.0	0.0	0.0
AT2G06555	0	0.0	0.0	0.0
AT1G71480	68	3.958333	31.458664	40.653923
AT4G01870	15	0.508945	3.575724	4.620895
AT5G54010	0	0.0	0.0	0.0
AT2G15290	133	9.219635	64.366287	83.180336
AT3G01780	37	0.682125	4.961029	6.411121
AT4G32780	0	0.000000	0.000000	0.000000
AT2G41616	0	0.000000	0.000000	0.000000
AT1G08253	0	0.0	0.0	0.0
AT1G03070	0	0.000000	0.000000	0.000000
AT1G72340	36	1.834403	13.947122	18.023817
AT3G60520	31	2.674946	21.037731	27.186991
AT4G16350	5	0.365269	2.686862	3.472222
AT2G18740	95	9.665375	74.204948	95.894798
AT1G66140	31	1.759124	12.281212	15.870967
AT2G03667	0	0.000000	0.000000	0.000000
AT5G27715	0	0.000000	0.000000	0.000000
AT5G04545	1	0.001756	0.012259	0.015843
AT2G25305	0	0.0	0.0	0.0
AT5G16350	11	0.469218	3.275815	4.233325
AT3G52350	0	0.0	0.0	0.0
AT2G01530	0	0.0	0.0	0.0
AT1G51360	6	0.560051	3.909960	5.052828
AT1G07183	0	0.0	0.0	0.0
AT3G29791	0	0.0	0.0	0.0
AT2G29740	1	0.041930	0.292732	0.378296
AT1G57610	37	1.602845	11.202412	14.476838
AT1G15885	14	2.033210	14.194725	18.343794
AT5G52250	0	0.0	0.0	0.0
AT3G16250	814	32.783737	241.627457	312.254333
AT2G24220	13	0.739227	5.521883	7.135910
AT1G80600	127	5.864319	40.941364	52.908386
AT1G30410	23	0.311498	2.288759	2.957755
AT1G30560	0	0.0	0.0	0.0
AT5G09670	30	0.771930	5.417873	7.001499
AT3G17490	0	0.0	0.0	0.0
AT3G05595	0	0.0	0.0	0.0
AT1G49450	0	0.0	0.0	0.0
AT3G04135	0	0.000000	0.000000	0.000000
AT3G59760	91	3.617765	28.041782	36.238297
AT5G58595	0	0.0	0.0	0.0
ATCG00740	4395	355.091919	2479.051270	3203.669434
AT4G09670	86	4.592866	32.064796	41.437229
AT1G35215	0	0.0	0.0	0.0
AT1G07440	78	4.088742	36.590305	47.285526
AT1G49120	0	0.000000	0.000000	0.000000
AT3G25870	20	1.123178	7.841395	10.133408
AT5G17030	0	0.0	0.0	0.0
AT2G01008	0	0.000000	0.000000	0.000000
AT4G36670	36	1.484040	10.360730	13.389135
AT4G25780	7	0.423298	2.955228	3.819031
AT3G44950	0	0.0	0.0	0.0
AT3G11500	63	3.995984	33.047234	42.706825
AT1G78980	0	0.000000	0.000000	0.000000
AT1G57750	0	0.0	0.0	0.0
AT5G36670	3	0.039729	0.281359	0.363599
AT4G17030	19	1.317816	9.200248	11.889448
AT2G36950	13	0.606933	4.237264	5.475801
AT5G04047	0	0.0	0.0	0.0
AT3G47460	10059	149.626801	1115.107666	1441.049805
AT5G25780	57	1.837849	12.830825	16.581230
AT3G47510	26	2.560819	20.047318	25.907082
AT2G47940	337	10.311758	80.088699	103.498352
AT4G04885	40	0.793382	5.632853	7.279316
AT3G04775	9	0.980973	6.848600	8.850422
AT1G80390	0	0.0	0.0	0.0
AT3G21630	34	1.029624	7.419319	9.587959
AT5G04885	66	1.533451	13.295907	17.182255
AT1G17810	0	0.000000	0.000000	0.000000
AT1G20040	0	0.0	0.0	0.0
AT3G02115	0	0.000000	0.000000	0.000000
AT5G23520	35	1.162883	8.118593	10.491630
AT1G70420	32	1.944401	13.574711	17.542553
AT4G27852	0	0.000000	0.000000	0.000000
AT4G11110	0	0.000000	0.000000	0.000000
AT1G04807	0	0.000000	0.000000	0.000000
AT1G04523	0	0.0	0.0	0.0
AT2G19550	5	0.373514	2.607664	3.369875
AT3G01329	0	0.0	0.0	0.0
AT2G34620	98	6.455980	45.072010	58.246403
AT4G15850	13	0.512123	3.575354	4.620418
AT4G23520	0	0.0	0.0	0.0
AT2G32470	131	6.071773	42.389694	54.780056
AT4G35519	0	0.0	0.0	0.0
AT5G11110	8	0.161201	1.125414	1.454369
AT1G53270	0	0.0	0.0	0.0
AT5G15850	0	0.000000	0.000000	0.000000
AT5G47100	31	1.545106	11.716587	15.141306
AT3G46620	10	0.371108	2.590867	3.348168
AT1G11925	0	0.0	0.0	0.0
AT1G53165	37	1.052840	7.509595	9.704624
AT3G08710	40	2.552227	20.277218	26.204178
AT1G74300	0	0.000000	0.000000	0.000000
AT5G41040	5	0.204004	1.494753	1.931665
AT4G06701	10	0.562842	8.445667	10.914306
AT5G09495	1	0.005483	0.038279	0.049468
AT4G02050	30	1.040257	8.124932	10.499822
AT2G28550	152	4.589442	39.408932	50.928032
AT3G17675	0	0.0	0.0	0.0
AT1G78410	10	0.610184	6.061080	7.832713
AT1G78560	39	1.508116	13.420113	17.342768
AT5G55710	130	10.198991	71.203598	92.016167
AT2G17890	0	0.0	0.0	0.0
AT4G20800	0	0.0	0.0	0.0
AT5G02050	97	6.593482	46.031971	59.486958
AT4G09495	0	0.0	0.0	0.0
AT1G44020	0	0.0	0.0	0.0
AT5G02505	0	0.0	0.0	0.0
AT5G50530	6	0.207935	1.454470	1.879607
AT2G47860	5	0.139703	1.026927	1.327095
AT3G26370	50	1.822284	12.722158	16.440802
AT5G55650	0	0.0	0.0	0.0
AT1G09373	0	0.0	0.0	0.0
AT1G04850	126	4.847605	41.913712	54.164948
AT2G17043	0	0.0	0.0	0.0
AT5G42820	86	2.349627	19.637075	25.376925
AT1G27680	40	1.168598	9.947115	12.854622
AT3G09035	34	1.681095	11.736457	15.166983
AT1G74929	0	0.000000	0.000000	0.000000
AT1G73930	37	1.102264	7.695386	9.944720
AT3G27906	36	1.072924	7.490550	9.680012
AT3G08650	62	2.052720	14.330934	18.519817
AT2G25470	0	0.000000	0.000000	0.000000
AT1G56520	12	0.233785	1.713279	2.214065
AT5G57785	14	0.837652	5.848014	7.557368
AT4G31330	0	0.000000	0.000000	0.000000
AT2G40240	6	0.271375	1.894587	2.448369
AT3G50140	2	0.063644	0.525409	0.678984
AT1G74690	94	3.087567	21.555651	27.856293
AT4G26270	17	0.588313	4.256896	5.501172
AT4G01883	108	4.398514	49.390919	63.827717
AT2G30490	221	8.484398	59.233280	76.546967
AT2G20160	0	0.0	0.0	0.0
AT1G70150	15	0.817167	5.704998	7.372550
AT3G45965	0	0.0	0.0	0.0
AT5G26270	0	0.000000	0.000000	0.000000
AT5G48412	31	3.383543	23.621988	30.526615
AT3G01900	0	0.0	0.0	0.0
AT2G11623	0	0.0	0.0	0.0
AT4G13770	470	19.675747	137.364960	177.516266
AT2G14846	0	0.0	0.0	0.0
AT1G07170	28	1.718652	16.374638	21.160887
AT4G32900	47	2.622801	21.701262	28.044468
AT1G03590	11	0.324454	2.759224	3.565736
AT4G24080	0	0.0	0.0	0.0
AT1G22540	27	0.936320	6.536858	8.447559
AT3G13880	1	0.030215	0.210944	0.272602
AT5G59110	0	0.0	0.0	0.0
AT1G71910	2	0.123939	0.865272	1.118188
AT3G27270	1	0.038441	0.448236	0.579254
AT5G13770	52	1.997885	13.948105	18.025089
AT5G24080	0	0.0	0.0	0.0
AT3G02330	5	0.125649	0.877210	1.133616
AT3G61840	5	0.436234	3.045540	3.935740
AT4G27370	9	0.160693	1.161809	1.501401
AT5G02230	0	0.000000	0.000000	0.000000
AT1G35880	0	0.0	0.0	0.0
AT1G43580	43	1.500907	11.559192	14.937903
ATCG00430	109	12.858407	89.770142	116.009644
AT2G30350	26	1.505519	10.635903	13.744741
AT3G05075	0	0.000000	0.000000	0.000000
AT4G02230	178	15.428104	107.710320	139.193680
AT5G27370	0	0.000000	0.000000	0.000000
AT2G44255	1	0.014658	0.104980	0.135665
AT4G34860	0	0.000000	0.000000	0.000000
AT1G15210	0	0.0	0.0	0.0
AT4G33310	0	0.000000	0.000000	0.000000
AT5G63970	11	0.474586	3.671265	4.744363
AT2G29430	0	0.000000	0.000000	0.000000
AT5G60610	0	0.0	0.0	0.0
AT5G02765	0	0.0	0.0	0.0
AT1G35540	0	0.0	0.0	0.0
AT5G60750	35	1.876435	13.100211	16.929358
AT5G55400	34	0.913484	6.788064	8.772192
AT2G07725	2	0.061071	0.426363	0.550988
AT1G66470	0	0.0	0.0	0.0
AT4G25900	86	4.715076	32.917999	42.539818
AT5G13130	0	0.000000	0.000000	0.000000
AT3G09255	0	0.0	0.0	0.0
AT1G78700	13	0.612546	4.276451	5.526443
AT1G32060	1926	81.500076	568.987549	735.300720
AT3G04310	13	0.648777	4.544775	5.873197
AT3G03860	46	2.180191	15.220863	19.669870
AT3G53680	20	0.454146	3.176176	4.104562
AT5G25900	49	1.865201	13.696111	17.699436
AT4G13130	1	0.027622	0.192841	0.249208
AT3G08400	0	0.000000	0.000000	0.000000
AT1G07730	2	0.117949	0.823453	1.064146
AT2G42660	0	0.0	0.0	0.0
AT1G22880	11	0.265347	2.662748	3.441060
AT3G46100	78	3.145918	23.331993	30.151855
AT1G17285	0	0.0	0.0	0.0
AT5G47620	54	1.843953	14.108806	18.232761
AT3G13540	0	0.000000	0.000000	0.000000
AT5G04210	0	0.0	0.0	0.0
AT5G10950	51	2.260388	16.560614	21.401226
AT3G62020	12	0.991683	7.425741	9.596260
AT4G09355	0	0.0	0.0	0.0
AT4G04210	77	3.581395	25.003279	32.311653
AT4G10950	0	0.0	0.0	0.0
AT2G34100	0	0.000000	0.000000	0.000000
ATMG00520	0	0.000000	0.000000	0.000000
AT3G61580	319	13.062019	91.191650	117.846649
AT4G36060	5	0.258832	1.903063	2.459321
AT2G01020	524	255.564026	1784.203735	2305.720459
AT4G28080	458	5.981363	41.758499	53.964367
AT5G62470	26	0.992733	7.982678	10.315988
AT2G02580	0	0.0	0.0	0.0
AT2G07195	0	0.000000	0.000000	0.000000
AT1G61640	26	0.778832	5.694436	7.358900
AT1G47271	0	0.000000	0.000000	0.000000
AT4G31730	7	0.481656	3.362650	4.345541
AT5G64620	70	5.092069	35.549953	45.941082
AT3G60030	74	1.614750	11.273273	14.568413
AT5G28080	0	0.0	0.0	0.0
AT1G13680	0	0.000000	0.000000	0.000000
AT1G09900	14	0.599889	4.188086	5.412250
AT4G19080	0	0.000000	0.000000	0.000000
AT5G05155	0	0.0	0.0	0.0
AT5G38860	25	0.753044	5.396978	6.974496
AT2G42590	371	21.604227	160.790009	207.788376
AT5G01815	0	0.000000	0.000000	0.000000
AT1G53540	0	0.0	0.0	0.0
AT5G26880	0	0.000000	0.000000	0.000000
AT4G33400	30	0.925984	6.464698	8.354307
AT4G38860	106	8.067748	56.324463	72.787910
AT3G26770	0	0.0	0.0	0.0
AT5G19080	13	0.523785	4.096839	5.294331
AT4G05155	0	0.000000	0.000000	0.000000
AT1G09773	0	0.000000	0.000000	0.000000
AT5G54075	26	5.555402	38.784679	50.121311
AT4G26880	0	0.0	0.0	0.0
AT5G55310	41	1.009071	7.044764	9.103925
AT4G17520	242	12.371502	86.370850	111.616745
AT4G05425	0	0.000000	0.000000	0.000000
AT2G03936	0	0.0	0.0	0.0
AT1G03660	6	0.327857	3.007707	3.886850
AT4G31170	71	2.272581	16.532509	21.364902
AT1G53880	17	0.911702	6.364989	8.225453
AT5G05425	0	0.0	0.0	0.0
AT5G17520	32	0.823586	10.186423	13.163881
AT3G28925	0	0.0	0.0	0.0
AT3G57062	66	4.176424	36.359318	46.987022
AT2G40570	34	1.209095	9.471560	12.240065
AT1G74700	0	0.000000	0.000000	0.000000
AT3G08310	0	0.0	0.0	0.0
AT4G00220	0	0.000000	0.000000	0.000000
AT4G26540	54	1.123248	7.841884	10.134040
AT5G45930	108	5.263330	37.975094	49.075085
AT3G04400	1290	104.113014	777.040588	1004.166870
AT1G06230	72	1.574574	11.090444	14.332142
AT1G09133	0	0.0	0.0	0.0
AT5G09060	0	0.0	0.0	0.0
AT2G23890	26	0.901821	6.549131	8.463420
AT2G02840	0	0.0	0.0	0.0
AT3G26130	0	0.000000	0.000000	0.000000
AT5G08210	1	0.045341	0.316545	0.409070
AT1G09957	0	0.0	0.0	0.0
AT5G19172	0	0.0	0.0	0.0
AT4G31265	0	0.0	0.0	0.0
AT5G60490	11	0.640408	4.470967	5.777816
AT4G09060	0	0.000000	0.000000	0.000000
AT2G41850	0	0.0	0.0	0.0
AT2G06225	0	0.0	0.0	0.0
AT4G08210	6	0.156954	1.095764	1.416052
AT2G45110	0	0.0	0.0	0.0
AT3G22680	42	1.183260	8.260853	10.675473
AT3G55210	0	0.000000	0.000000	0.000000
AT2G38100	0	0.000000	0.000000	0.000000
AT1G08523	0	0.0	0.0	0.0
AT1G08807	0	0.0	0.0	0.0
AT1G05173	0	0.0	0.0	0.0
AT4G09755	0	0.0	0.0	0.0
AT2G38620	0	0.000000	0.000000	0.000000
AT3G60250	73	3.533048	27.132832	35.063667
AT3G02265	0	0.0	0.0	0.0
AT4G27130	88	7.273958	50.782673	65.626274
AT5G09755	0	0.000000	0.000000	0.000000
AT5G27130	0	0.0	0.0	0.0
AT1G10140	13	0.871404	6.083651	7.861881
AT2G33970	0	0.000000	0.000000	0.000000
AT1G69580	13	0.604130	4.225172	5.460175
AT3G16520	143	4.616910	32.232658	41.654156
AT3G04710	33	0.971948	9.944664	12.851456
AT1G78300	334	16.574892	115.716545	149.540100
AT5G52520	105	4.122228	28.779072	37.191097
AT5G40830	69	2.929713	21.245501	27.455488
AT2G24550	26	1.488389	10.391092	13.428372
AT5G51080	0	0.000000	0.000000	0.000000
AT1G07330	0	0.0	0.0	0.0
AT1G74410	13	0.631164	4.543756	5.871880
AT1G74560	232	8.790198	111.130287	143.613297
AT4G33650	43	1.113739	7.818573	10.103915
AT3G02170	40	0.799696	6.333635	8.184936
AT1G06007	0	0.0	0.0	0.0
AT5G02365	0	0.0	0.0	0.0
AT5G60350	0	0.0	0.0	0.0
AT5G36738	0	0.0	0.0	0.0
AT3G27540	23	0.862930	6.024490	7.785428
AT1G48020	1	0.096306	0.672354	0.868881
AT5G49970	50	1.890595	13.878333	17.934923
AT2G07325	0	0.000000	0.000000	0.000000
AT1G22270	70	7.490566	52.294903	67.580528
AT1G69840	37	1.488619	12.107464	15.646435
AT5G27770	444	39.873035	285.755737	369.281128
AT1G20290	0	0.000000	0.000000	0.000000
AT1G67020	1	0.010682	0.074576	0.096374
AT4G33710	0	0.0	0.0	0.0
AT2G07640	0	0.0	0.0	0.0
AT1G05733	0	0.000000	0.000000	0.000000
AT3G27880	18	1.009413	7.047152	9.107011
AT2G30750	0	0.000000	0.000000	0.000000
AT3G04650	50	1.234927	14.044589	18.149773
AT5G09615	0	0.0	0.0	0.0
AT5G13370	0	0.000000	0.000000	0.000000
AT5G64100	0	0.0	0.0	0.0
AT1G72430	78	5.119502	35.741474	46.188583
AT1G78690	11	0.502286	4.149207	5.362006
AT1G30475	0	0.000000	0.000000	0.000000
AT3G02730	570	40.650574	335.773804	433.919342
AT4G13370	5	0.181742	1.268820	1.639692
AT5G03835	0	0.000000	0.000000	0.000000
AT4G32551	69	1.504793	10.669268	13.787858
AT5G44562	0	0.000000	0.000000	0.000000
AT1G06050	7	0.359244	2.508039	3.241130
AT1G49790	0	0.000000	0.000000	0.000000
AT5G42223	0	0.0	0.0	0.0
AT5G23250	59	2.496541	18.789398	24.281473
AT4G08545	0	0.0	0.0	0.0
AT2G19220	0	0.0	0.0	0.0
AT1G34420	8	0.175880	1.227895	1.586804
AT1G04253	0	0.000000	0.000000	0.000000
AT2G20210	0	0.000000	0.000000	0.000000
AT1G68723	0	0.000000	0.000000	0.000000
AT3G06920	5	0.098082	0.703449	0.909065
AT2G14740	62	1.943695	13.648554	17.637980
AT4G31440	0	0.000000	0.000000	0.000000
AT3G01380	22	0.506924	3.539057	4.573512
AT1G75000	0	0.000000	0.000000	0.000000
AT5G41290	0	0.0	0.0	0.0
AT4G23250	17	0.241868	3.842966	4.966252
AT1G51500	165	2.191216	35.070221	45.321129
AT2G25565	0	0.000000	0.000000	0.000000
AT1G51055	0	0.000000	0.000000	0.000000
AT3G17750	43	0.855040	5.981345	7.729672
AT1G64572	27	4.361225	30.447613	39.347343
AT5G28442	4	0.162714	2.738726	3.539247
AT1G30300	0	0.000000	0.000000	0.000000
AT1G09780	254	10.297110	71.888611	92.901405
AT4G01280	15	0.485664	3.529709	4.561431
AT5G55135	0	0.0	0.0	0.0
AT1G43722	0	0.0	0.0	0.0
AT2G28220	0	0.0	0.0	0.0
AT2G42070	88	4.250604	33.498520	43.290024
AT5G01280	0	0.0	0.0	0.0
AT1G63600	0	0.0	0.0	0.0
AT3G08135	0	0.0	0.0	0.0
AT3G57810	21	0.818690	6.698855	8.656908
AT3G23350	0	0.0	0.0	0.0
AT3G19274	0	0.0	0.0	0.0
AT5G21010	19	0.879713	6.141660	7.936846
AT2G23142	0	0.0	0.0	0.0
AT2G27480	12	0.819939	6.203201	8.016376
AT1G27461	0	0.0	0.0	0.0
AT5G06085	0	0.0	0.0	0.0
AT4G11175	118	9.599795	67.020355	86.610168
AT5G62140	31	2.012500	14.050140	18.156946
AT3G48950	0	0.0	0.0	0.0
AT1G16905	0	0.000000	0.000000	0.000000
AT4G21010	0	0.0	0.0	0.0
AT4G06085	0	0.0	0.0	0.0
AT2G40090	20	0.694282	5.180645	6.694929
AT1G69960	47	0.812881	20.361155	26.312651
AT1G28760	10	0.413200	2.884729	3.727926
AT1G12350	28	1.164987	9.594014	12.398313
AT2G32415	0	0.000000	0.000000	0.000000
AT5G11260	7	0.410828	3.504297	4.528591
AT4G08885	0	0.0	0.0	0.0
AT1G30690	81	2.934001	20.709774	26.763168
AT1G56250	0	0.0	0.0	0.0
ATMG00030	303	74.610962	520.891602	673.146484
AT3G05665	0	0.0	0.0	0.0
AT3G15353	129	15.601067	112.173439	144.961365
AT3G08775	0	0.0	0.0	0.0
AT1G57490	0	0.0	0.0	0.0
AT3G62530	548	46.620213	325.476013	420.611542
AT5G08885	0	0.000000	0.000000	0.000000
AT1G34150	11	0.398636	3.388335	4.378734
AT4G11260	142	7.094316	49.528511	64.005524
AT1G63390	2	0.287968	2.010430	2.598072
AT1G21830	24	1.452181	10.138309	13.101701
AT4G04078	0	0.0	0.0	0.0
AT1G27990	0	0.000000	0.000000	0.000000
AT4G16610	1	0.046041	0.321432	0.415386
AT3G14830	24	0.788279	5.843357	7.551350
AT1G19500	0	0.0	0.0	0.0
AT4G23030	4	0.161450	1.127153	1.456616
AT3G25280	0	0.0	0.0	0.0
AT3G52610	33	1.552413	10.838071	14.006002
AT5G16610	19	0.531954	3.730341	4.820708
AT5G23030	0	0.000000	0.000000	0.000000
AT3G04375	0	0.0	0.0	0.0
AT1G80790	71	1.500932	11.171484	14.436871
AT5G04160	42	2.257025	15.757276	20.363073
AT1G12490	0	0.0	0.0	0.0
AT1G18630	0	0.000000	0.000000	0.000000
AT1G04033	0	0.0	0.0	0.0
AT1G05180	35	1.282158	9.498718	12.275161
AT2G10615	0	0.0	0.0	0.0
AT1G23810	0	0.0	0.0	0.0
AT1G28500	0	0.000000	0.000000	0.000000
AT5G04275	0	0.0	0.0	0.0
AT3G49800	25	1.137414	8.024170	10.369606
AT1G57350	0	0.0	0.0	0.0
AT1G24360	204	10.861148	80.384621	103.880760
AT3G29152	0	0.0	0.0	0.0
AT4G38940	5	0.258848	1.807131	2.335349
AT5G25380	0	0.000000	0.000000	0.000000
AT3G07085	0	0.0	0.0	0.0
AT1G29630	20	0.566775	4.100874	5.299546
AT4G04275	0	0.000000	0.000000	0.000000
AT1G63450	0	0.0	0.0	0.0
AT2G44525	24	2.417755	16.879400	21.813192
AT4G25380	0	0.0	0.0	0.0
AT1G45190	0	0.0	0.0	0.0
AT5G38940	11	0.808295	5.643060	7.292507
AT1G63120	28	1.379481	9.630757	12.445795
AT3G12810	34	0.387833	2.711520	3.504088
AT5G66950	29	0.669624	4.674937	6.041405
AT4G21926	0	0.000000	0.000000	0.000000
AT5G56810	0	0.000000	0.000000	0.000000
AT3G59360	62	2.415030	16.860376	21.788607
AT2G04800	2	0.190352	1.328930	1.717372
AT1G05443	0	0.0	0.0	0.0
AT2G08986	0	0.0	0.0	0.0
ATCG00340	2924	106.084808	740.624268	957.106201
AT5G14180	0	0.0	0.0	0.0
AT1G15160	0	0.000000	0.000000	0.000000
AT2G29340	56	2.244857	16.482821	21.300694
AT4G39404	0	0.0	0.0	0.0
AT3G09525	0	0.000000	0.000000	0.000000
AT3G54630	0	0.000000	0.000000	0.000000
AT5G50020	17	0.668508	4.757960	6.148695
AT3G32280	0	0.0	0.0	0.0
AT4G14180	0	0.000000	0.000000	0.000000
AT1G10470	127	4.622313	34.990250	45.217781
AT3G05010	26	1.533877	10.708664	13.838770
AT5G16750	71	1.864463	13.016628	16.821344
AT1G51760	52	2.289488	15.983914	20.655956
AT3G52750	84	2.384670	23.079643	29.825743
AT3G53990	179	1.642800	98.063065	126.726555
AT2G02960	30	1.374622	10.307714	13.320622
AT3G02440	0	0.0	0.0	0.0
AT4G32380	0	0.0	0.0	0.0
AT5G47435	76	3.725806	35.324764	45.650074
AT5G58010	0	0.0	0.0	0.0
AT1G56030	0	0.0	0.0	0.0
AT5G07920	17	0.333761	2.818552	3.642405
AT4G16750	7	0.429163	2.996174	3.871945
AT5G59260	2	0.063561	0.443747	0.573453
AT1G72740	28	1.070029	11.538910	14.911694
AT2G18340	0	0.000000	0.000000	0.000000
AT3G23490	136	6.755292	56.820400	73.428810
ATMG00250	0	0.0	0.0	0.0
AT4G19570	0	0.0	0.0	0.0
AT1G09790	0	0.0	0.0	0.0
AT5G32450	141	8.124187	59.828728	77.316460
AT4G01290	62	1.072816	7.765507	10.035337
AT3G06435	3	0.082738	0.878167	1.134852
AT3G46920	0	0.000000	0.000000	0.000000
AT1G05320	26	0.567702	4.480553	5.790203
AT5G19570	16	1.635884	11.420819	14.759086
AT5G01290	0	0.000000	0.000000	0.000000
AT5G48545	48	1.332278	12.424924	16.056686
AT4G32450	7	0.273847	1.911845	2.470671
AT5G54585	11	1.021127	7.128932	9.212695
AT2G21500	18	0.415845	4.836243	6.249860
AT2G34920	17	0.445313	3.108924	4.017652
AT2G05335	0	0.0	0.0	0.0
AT5G37800	0	0.0	0.0	0.0
AT5G66816	0	0.0	0.0	0.0
AT1G49780	6	0.238012	1.661665	2.147365
AT4G10457	0	0.0	0.0	0.0
AT5G61420	124	4.866371	36.282143	46.887291
AT1G58220	28	0.573368	4.012364	5.185164
AT3G01390	250	15.245413	116.402008	150.425919
AT4G28570	33	0.868620	6.466652	8.356833
AT2G02070	102	2.743894	24.899834	32.177971
AT4G25120	13	0.269221	1.879549	2.428935
AT4G37800	233	13.574142	100.726730	130.168793
AT5G41280	0	0.000000	0.000000	0.000000
AT1G64440	32	1.659151	11.583256	14.969002
AT5G25120	44	1.462674	12.003777	15.512439
AT1G49032	25	1.863465	14.347102	18.540712
AT5G46085	0	0.000000	0.000000	0.000000
AT1G73630	18	1.492569	10.420275	13.466085
AT3G28740	0	0.000000	0.000000	0.000000
AT1G11340	7	0.165800	1.189623	1.537345
AT1G30680	43	1.176963	8.629543	11.151929
AT4G08895	0	0.0	0.0	0.0
AT2G16405	26	0.820303	5.956066	7.697003
AT5G25450	0	0.000000	0.000000	0.000000
AT3G08950	17	0.793249	6.250046	8.076914
AT4G14320	723	37.140194	499.390198	645.360229
AT1G03746	1	0.611765	4.270998	5.519396
AT1G57480	0	0.0	0.0	0.0
AT5G61150	40	1.376038	9.606721	12.414733
AT1G79810	15	0.558011	5.129024	6.628220
AT1G63380	0	0.000000	0.000000	0.000000
AT5G08895	0	0.000000	0.000000	0.000000
AT1G27980	8	0.278681	1.945594	2.514284
AT4G25450	46	1.414861	10.321117	13.337944
AT5G55950	7	0.255040	1.937795	2.504206
AT5G65810	64	4.106194	28.667130	37.046432
AT5G14320	713	36.389915	297.091370	383.930115
AT5G06095	0	0.0	0.0	0.0
AT3G14220	113	6.290413	43.916115	56.752644
AT4G32120	20	0.800519	5.973568	7.719621
AT1G65030	26	1.545637	10.790766	13.944869
AT2G27490	14	0.700810	5.131642	6.631603
AT3G19740	56	1.276919	8.914728	11.520473
AT4G10400	21	0.870151	6.320078	8.167415
AT3G01600	0	0.000000	0.000000	0.000000
AT1G76260	21	0.865024	7.567129	9.778975
AT2G26250	262	9.260310	64.650261	83.547310
AT1G09317	0	0.000000	0.000000	0.000000
AT2G40080	11	1.328788	9.276849	11.988439
AT4G06095	0	0.0	0.0	0.0
AT1G74990	0	0.0	0.0	0.0
AT2G37160	23	0.636238	4.791436	6.191957
AT1G07723	0	0.0	0.0	0.0
AT5G10400	148	15.053435	105.094589	135.813385
AT5G10710	20	0.821543	7.304292	9.439312
AT2G21235	0	0.0	0.0	0.0
AT5G43064	0	0.0	0.0	0.0
AT1G07867	0	0.000000	0.000000	0.000000
AT1G69070	76	1.664831	14.063047	18.173630
AT5G25390	0	0.0	0.0	0.0
AT5G24240	0	0.0	0.0	0.0
AT5G51570	35	2.023965	14.130181	18.260384
AT4G29720	33	1.242014	8.671041	11.205557
AT4G10710	65	1.213415	9.689367	12.521536
AT3G07095	0	0.0	0.0	0.0
AT4G32600	35	1.143151	8.483345	10.962997
AT5G44160	0	0.000000	0.000000	0.000000
AT4G25390	7	0.202767	1.415605	1.829381
AT4G24240	30	1.091884	8.394220	10.847822
AT1G45180	23	0.645196	4.807110	6.212211
AT3G01120	487	15.802113	110.321434	142.568008
AT1G77360	0	0.0	0.0	0.0
AT5G15008	0	0.0	0.0	0.0
AT4G32717	0	0.0	0.0	0.0
AT1G04530	145	7.606956	53.107475	68.630608
AT3G09800	24	1.143204	8.415241	10.874988
AT2G27350	34	0.763775	8.624579	11.145514
AT5G60910	0	0.000000	0.000000	0.000000
AT4G30370	4	0.278302	1.942948	2.510864
AT5G50850	217	9.212347	64.315414	83.114586
AT5G18720	4	0.135436	1.036387	1.339320
AT5G63670	50	4.986058	35.668789	46.094654
AT2G04525	0	0.000000	0.000000	0.000000
AT3G25290	0	0.000000	0.000000	0.000000
AT3G24340	2	0.040208	0.280710	0.362760
AT2G12461	0	0.0	0.0	0.0
AT1G12480	6	0.211121	1.473928	1.904752
AT1G05190	874	66.508087	464.321930	600.041626
AT4G18720	0	0.000000	0.000000	0.000000
AT3G30165	0	0.0	0.0	0.0
AT1G80780	72	3.550093	26.576126	34.344238
AT2G28830	10	0.206209	1.588821	2.053228
AT2G44800	0	0.000000	0.000000	0.000000
AT5G25600	0	0.0	0.0	0.0
AT5G41612	8	0.207375	1.447775	1.870955
AT2G07766	0	0.000000	0.000000	0.000000
AT3G53980	0	0.000000	0.000000	0.000000
AT4G32390	91	4.698505	32.802307	42.390312
AT3G15140	0	0.000000	0.000000	0.000000
AT3G23480	0	0.000000	0.000000	0.000000
AT4G25600	12	0.640457	4.789998	6.190098
AT4G15530	45	0.961259	8.273176	10.691397
AT1G71750	13	1.250301	8.728896	11.280322
AT3G45010	35	1.499955	10.471840	13.532722
AT4G10650	0	0.000000	0.000000	0.000000
AT1G02460	19	0.704666	4.919581	6.357557
AT1G02510	0	0.0	0.0	0.0
AT3G01450	0	0.000000	0.000000	0.000000
AT2G19830	93	5.014218	42.346035	54.723640
AT5G15530	38	1.901471	13.274998	17.155233
AT5G07435	0	0.0	0.0	0.0
AT3G51740	21	0.498454	3.479925	4.497095
AT2G42960	0	0.000000	0.000000	0.000000
AT2G26030	28	1.122262	7.878550	10.181423
AT2G10970	0	0.0	0.0	0.0
AT1G33140	864	69.002998	481.740021	622.550964
AT4G14190	0	0.000000	0.000000	0.000000
AT5G10650	16	0.388301	3.809721	4.923289
AT5G47920	4	0.299898	2.093719	2.705705
AT2G09375	0	0.0	0.0	0.0
AT1G65250	10	0.452541	3.159386	4.082864
AT2G13610	17	0.569324	3.974699	5.136490
AT4G19090	2	0.055314	0.386171	0.499048
AT2G41020	0	0.000000	0.000000	0.000000
AT1G14930	0	0.0	0.0	0.0
AT5G26890	0	0.0	0.0	0.0
AT2G42580	42	1.159267	8.124841	10.499704
AT3G61660	3	0.263704	1.841033	2.379160
AT5G19090	59	1.747083	13.141862	16.983183
AT5G67210	0	0.000000	0.000000	0.000000
AT4G26890	0	0.0	0.0	0.0
AT3G22300	38	2.754821	19.232607	24.854231
AT5G03225	0	0.0	0.0	0.0
AT1G07947	0	0.0	0.0	0.0
AT3G06745	0	0.0	0.0	0.0
AT3G23910	15	0.619530	4.623672	5.975156
AT2G23540	0	0.000000	0.000000	0.000000
AT3G03325	0	0.0	0.0	0.0
AT5G22200	0	0.0	0.0	0.0
AT3G20670	109	13.022409	90.915115	117.489288
AT1G49900	0	0.0	0.0	0.0
AT2G02590	26	1.564220	10.920501	14.112527
ATCG01140	0	0.0	0.0	0.0
AT4G28090	0	0.0	0.0	0.0
AT2G08255	0	0.000000	0.000000	0.000000
AT1G31620	0	0.0	0.0	0.0
AT3G53410	26	1.604216	11.450002	14.796798
AT4G22200	62	1.454950	10.509616	13.581541
AT3G53560	147	7.363864	52.801605	68.235329
AT4G34640	92	3.262266	26.846596	34.693764
AT1G13690	53	4.851426	33.869923	43.769981
AT2G09400	0	0.000000	0.000000	0.000000
AT5G28090	0	0.0	0.0	0.0
AT5G40220	0	0.0	0.0	0.0
AT1G12910	42	2.374910	16.580282	21.426641
AT2G17270	0	0.000000	0.000000	0.000000
AT4G05930	0	0.000000	0.000000	0.000000
AT3G58930	13	0.444060	3.113629	4.023733
AT2G36400	40	1.654899	11.553571	14.930640
AT3G48310	18	0.747583	5.219203	6.744758
AT5G60480	0	0.0	0.0	0.0
AT3G03640	39	1.742776	12.167079	15.723475
AT1G27700	26	1.130375	8.871220	11.464247
AT3G22690	0	0.000000	0.000000	0.000000
AT3G28430	37	0.860696	6.140075	7.934798
AT5G05930	43	1.174820	12.847936	16.603344
AT3G44400	19	0.312482	2.198880	2.841605
AT5G06575	0	0.0	0.0	0.0
AT5G49060	9	0.173436	1.982860	2.562444
AT5G35200	60	1.887391	15.162981	19.595068
AT1G62710	7	0.287717	2.008678	2.595807
AT1G53890	26	1.131210	8.057820	10.413093
AT2G42840	449	25.675482	179.251724	231.646393
AT5G48210	0	0.0	0.0	0.0
AT2G01850	111	4.029317	39.889523	51.549091
AT2G46225	30	1.681910	11.800727	15.250040
AT3G19430	0	0.0	0.0	0.0
AT1G13300	0	0.0	0.0	0.0
AT4G35200	0	0.0	0.0	0.0
AT1G64170	22	0.585620	4.088468	5.283514
AT2G33060	6	0.158330	1.105371	1.428467
AT5G51090	0	0.0	0.0	0.0
AT1G06820	73	1.995499	15.771859	20.381920
AT2G16370	62	1.912553	14.770267	19.087566
AT4G11211	24	3.821946	26.682669	34.481922
AT1G62400	6	0.224593	1.646634	2.127940
AT3G03195	1	0.015515	0.108317	0.139978
AT3G15470	0	0.000000	0.000000	0.000000
AT2G06835	0	0.0	0.0	0.0
AT3G44710	0	0.0	0.0	0.0
AT1G63522	0	0.0	0.0	0.0
AT1G27410	0	0.000000	0.000000	0.000000
AT1G54550	0	0.0	0.0	0.0
AT2G08035	0	0.0	0.0	0.0
AT4G09970	10	0.672785	4.737253	6.121936
AT1G47330	27	1.127128	7.868972	10.169045
AT5G26731	3	0.211538	1.476839	1.908514
AT1G67850	42	1.080381	10.313982	13.328724
AT3G42170	0	0.000000	0.000000	0.000000
AT2G36710	0	0.0	0.0	0.0
AT1G33470	167	6.356219	44.375534	57.346352
AT5G09970	0	0.0	0.0	0.0
AT3G10160	102	3.227381	23.100090	29.852169
AT2G09650	0	0.000000	0.000000	0.000000
AT1G80900	5	0.167240	1.273295	1.645475
AT4G00830	70	2.453146	18.004564	23.267237
AT1G06553	9	4.809859	33.579720	43.394958
AT2G09710	0	0.000000	0.000000	0.000000
AT1G78680	140	7.361422	53.348495	68.942078
AT1G05267	0	0.000000	0.000000	0.000000
AT2G47640	84	7.067767	50.139023	64.794487
AT3G53700	26	0.695637	4.856545	6.276096
AT5G36970	0	0.0	0.0	0.0
AT1G48850	148	6.399552	46.889095	60.594616
AT2G36650	0	0.000000	0.000000	0.000000
AT1G68330	10	0.418432	2.921256	3.775129
AT3G63255	0	0.000000	0.000000	0.000000
AT4G36970	0	0.000000	0.000000	0.000000
AT5G66310	23	0.407135	3.109294	4.018130
AT3G18550	0	0.000000	0.000000	0.000000
AT5G49615	0	0.000000	0.000000	0.000000
AT1G20280	0	0.0	0.0	0.0
AT3G51430	58	2.825290	20.684904	26.731031
AT5G07745	0	0.0	0.0	0.0
AT1G80133	0	0.0	0.0	0.0
AT3G21930	0	0.0	0.0	0.0
AT4G07745	0	0.0	0.0	0.0
AT3G27890	104	9.219377	64.364479	83.178009
AT1G13700	4	0.163637	1.805979	2.333860
AT1G32970	0	0.000000	0.000000	0.000000
AT4G07100	0	0.000000	0.000000	0.000000
AT3G20993	0	0.0	0.0	0.0
AT2G37210	0	0.0	0.0	0.0
AT2G17880	10	0.578370	4.037853	5.218103
AT2G23270	0	0.0	0.0	0.0
AT5G07100	7	0.350888	2.449702	3.165741
AT1G62310	34	0.451740	3.978127	5.140920
AT3G06620	31	0.711982	5.224983	6.752228
AT1G76110	45	1.807247	17.655165	22.815708
AT4G09485	0	0.0	0.0	0.0
AT5G01040	1	0.012580	0.115794	0.149640
AT1G63900	24	1.075269	7.506921	9.701169
AT3G48710	48	1.552975	11.552866	14.929729
AT1G27300	23	1.836350	13.241367	17.111774
AT1G11430	351	27.019270	188.633301	243.770157
AT1G26558	0	0.0	0.0	0.0
AT4G01040	879	21.323824	161.358429	208.522949
AT3G27331	0	0.0	0.0	0.0
AT1G04020	16	0.499799	3.499179	4.521977
AT1G26976	0	0.0	0.0	0.0
AT5G42050	128	5.476931	42.781197	55.285995
AT2G07860	0	0.000000	0.000000	0.000000
AT1G74680	40	1.610143	11.241110	14.526848
AT2G11778	0	0.0	0.0	0.0
AT4G06245	0	0.000000	0.000000	0.000000
AT2G30480	6	0.097459	0.833465	1.077084
AT5G02820	24	1.124140	7.848111	10.142087
AT1G69660	0	0.0	0.0	0.0
AT1G64330	53	1.330195	9.295418	12.012438
AT5G66400	0	0.000000	0.000000	0.000000
AT5G06245	1	0.008041	0.056138	0.072547
AT3G03725	0	0.0	0.0	0.0
AT4G02820	15	0.562771	3.928950	5.077368
AT3G14550	0	0.000000	0.000000	0.000000
AT5G63060	35	1.832638	17.670725	22.835819
AT5G15020	53	0.884289	6.184107	7.991700
AT1G27690	0	0.000000	0.000000	0.000000
AT3G06345	2	0.337768	2.358106	3.047372
AT3G22700	0	0.0	0.0	0.0
AT2G26520	0	0.0	0.0	0.0
AT5G38195	0	0.0	0.0	0.0
AT3G05965	0	0.0	0.0	0.0
AT2G17540	44	2.568613	18.131124	23.430790
AT2G05445	0	0.0	0.0	0.0
AT3G17910	15	0.557940	4.199627	5.427163
AT1G30990	0	0.0	0.0	0.0
AT4G15020	36	0.914962	6.616181	8.550068
AT1G50160	0	0.0	0.0	0.0
AT3G25040	113	5.963600	45.226254	58.445728
AT1G35890	0	0.0	0.0	0.0
AT5G53200	13	1.121816	7.831887	10.121119
AT3G52910	18	0.843403	6.037043	7.801650
AT3G50685	118	13.846629	96.669350	124.925468
AT1G61860	0	0.000000	0.000000	0.000000
AT3G62850	0	0.0	0.0	0.0
AT5G16910	22	0.379132	3.156216	4.078768
AT4G07345	0	0.000000	0.000000	0.000000
AT3G22560	1	0.065733	0.458911	0.593049
AT1G21550	2	0.148635	1.037686	1.340998
AT3G22410	5	0.213096	1.536244	1.985283
AT5G66607	0	0.0	0.0	0.0
AT5G07345	0	0.000000	0.000000	0.000000
AT3G07245	0	0.0	0.0	0.0
AT1G68730	46	3.298865	25.737818	33.260891
AT4G13955	0	0.000000	0.000000	0.000000
AT2G16130	0	0.0	0.0	0.0
AT1G29930	15130	984.012512	6869.819824	8877.845703
AT1G02575	0	0.0	0.0	0.0
AT1G45688	67	3.080023	23.187449	29.965061
AT5G42230	0	0.0	0.0	0.0
AT5G38640	0	0.000000	0.000000	0.000000
AT4G24090	55	2.800518	20.018387	25.869694
AT5G66710	2	0.104474	0.729379	0.942573
AT3G13890	0	0.0	0.0	0.0
ATMG01070	0	0.0	0.0	0.0
AT1G20870	0	0.000000	0.000000	0.000000
AT2G09310	0	0.000000	0.000000	0.000000
AT2G04255	0	0.0	0.0	0.0
AT1G40087	0	0.0	0.0	0.0
AT2G29925	0	0.0	0.0	0.0
AT4G38640	29	1.042786	7.280143	9.408105
AT1G47265	0	0.0	0.0	0.0
AT3G53300	0	0.0	0.0	0.0
AT5G24090	0	0.0	0.0	0.0
AT5G42765	143	7.609462	76.653366	99.058884
AT1G03840	2	0.067603	0.471966	0.609920
AT2G36310	44	1.880259	13.162401	17.009726
AT5G51465	3	0.362341	2.529660	3.269072
AT3G54930	24	0.878746	6.510084	8.412959
AT3G32040	0	0.0	0.0	0.0
AT1G22890	37	3.939598	29.064562	37.560036
AT3G44310	1052	34.004658	352.850403	455.987366
AT5G66650	11	0.208057	1.452537	1.877108
AT3G24430	210	8.122390	60.215336	77.816071
AT1G47730	0	0.0	0.0	0.0
AT3G48400	0	0.000000	0.000000	0.000000
AT3G61590	27	0.798131	6.642320	8.583847
AT2G22088	2	0.329559	2.300795	2.973310
AT3G43860	0	0.0	0.0	0.0
AT3G45577	0	0.0	0.0	0.0
AT1G26200	5	0.228677	1.596494	2.063143
AT2G02660	0	0.0	0.0	0.0
AT5G07620	0	0.000000	0.000000	0.000000
AT3G06100	0	0.000000	0.000000	0.000000
AT5G44210	3	0.191266	1.335311	1.725618
AT1G13410	2	0.068443	0.477830	0.617499
AT1G13560	159	6.076389	47.622028	61.541782
AT1G68170	0	0.0	0.0	0.0
AT1G65520	9	0.643206	4.490501	5.803060
AT3G53690	8	0.434336	3.032289	3.918617
AT2G16770	11	0.515248	3.782193	4.887715
AT1G09717	0	0.0	0.0	0.0
AT1G36390	73	4.566432	38.543415	49.809528
AT5G64920	0	0.000000	0.000000	0.000000
AT2G05260	7	0.361290	2.522323	3.259589
AT2G22810	18	0.797811	5.569866	7.197919
AT1G07323	7	1.311905	9.158980	11.836119
AT1G13980	26	0.416143	2.957455	3.821909
AT4G03555	0	0.0	0.0	0.0
AT4G03000	29	0.657316	5.006318	6.469647
AT2G20562	0	0.000000	0.000000	0.000000
AT1G55140	81	7.414881	52.006729	67.208122
AT5G48160	88	2.761886	21.627378	27.948986
AT4G28240	44	2.677075	18.689827	24.152800
AT5G03555	19	0.686036	4.789516	6.189476
AT3G19340	311	13.637163	95.206978	123.035652
AT1G61940	0	0.0	0.0	0.0
AT5G03000	0	0.0	0.0	0.0
AT1G08530	0	0.000000	0.000000	0.000000
AT1G63780	119	7.742880	54.056416	69.856926
AT5G19240	186	10.648706	74.343254	96.073540
AT1G77500	15	0.344205	2.403045	3.105447
AT5G14720	153	3.749152	28.021872	36.212570
AT5G06510	12	0.414588	3.385054	4.374494
AT5G06460	51	1.149701	8.026564	10.372701
AT2G08525	0	0.000000	0.000000	0.000000
AT4G16143	142	4.382773	30.598045	39.541752
AT4G19240	0	0.0	0.0	0.0
AT3G28340	12	0.550891	3.846010	4.970186
AT1G09600	0	0.0	0.0	0.0
AT1G11740	3	0.073790	0.693752	0.896534
AT4G21585	21	0.867099	7.065073	9.130171
AT4G14720	22	0.882472	6.421154	8.298036
AT4G06460	0	0.0	0.0	0.0
AT2G31420	0	0.0	0.0	0.0
AT2G24830	11	0.493143	3.442846	4.449178
AT5G40550	32	1.561404	12.435837	16.070787
AT2G35810	44	3.307143	26.611452	34.389889
AT3G43940	0	0.0	0.0	0.0
AT2G43510	23	2.402102	16.770121	21.671970
AT2G43460	550	68.818466	480.451721	620.886047
AT4G39510	29	1.123635	7.844586	10.137531
AT4G39460	99	4.635613	37.827736	48.884655
AT2G31150	33	1.252806	8.746384	11.302923
AT5G45630	0	0.0	0.0	0.0
AT1G71490	0	0.000000	0.000000	0.000000
AT1G49380	83	3.090909	21.578981	27.886446
AT4G29190	100	5.188519	36.223312	46.811260
AT2G15280	30	0.879149	6.360479	8.219625
AT1G03960	16	0.434571	3.385263	4.374764
AT5G39510	98	6.007728	44.965763	58.109104
AT3G01790	95	3.858380	36.998310	47.812786
AT5G39460	0	0.0	0.0	0.0
AT5G41870	25	1.265372	8.834113	11.416294
AT5G67160	11	0.482036	3.365303	4.348970
AT5G18190	62	1.141196	9.464195	12.230547
AT3G22980	24	0.525297	4.131027	5.338512
AT4G16480	11	0.311870	2.527273	3.265986
AT1G09390	22	0.842921	7.852950	10.148339
AT2G46000	13	1.088467	7.599062	9.820242
AT4G18190	0	0.0	0.0	0.0
AT1G09657	0	0.000000	0.000000	0.000000
AT3G52480	3	0.175911	1.228111	1.587084
AT1G05720	0	0.000000	0.000000	0.000000
AT5G16480	18	0.948735	7.839992	10.131595
AT4G35025	0	0.000000	0.000000	0.000000
AT3G51340	6	0.184732	1.454051	1.879066
AT4G30130	10	0.197002	1.375357	1.777369
AT3G05585	0	0.0	0.0	0.0
AT3G17480	0	0.0	0.0	0.0
AT2G09775	0	0.000000	0.000000	0.000000
AT3G44428	0	0.000000	0.000000	0.000000
AT1G71350	11	0.429911	3.001396	3.878694
AT1G26921	0	0.0	0.0	0.0
AT2G21360	1	0.694444	4.848217	6.265333
AT3G61182	0	0.000000	0.000000	0.000000
AT2G38920	0	0.0	0.0	0.0
AT1G71697	29	1.195785	8.348297	10.788474
AT2G41530	208	10.458490	80.286514	103.753983
AT3G11825	0	0.0	0.0	0.0
AT4G33950	21	0.824517	6.032470	7.795741
AT4G32790	20	0.618416	4.746881	6.134377
AT1G54220	27	0.964904	6.745638	8.717364
AT1G59740	5	0.165308	1.154087	1.491423
AT4G24570	7	0.428691	2.992879	3.867687
AT2G27610	0	0.000000	0.000000	0.000000
AT2G30910	12	0.520776	3.979712	5.142968
AT3G30540	0	0.0	0.0	0.0
AT2G33670	0	0.000000	0.000000	0.000000
AT1G09450	13	0.465306	3.248504	4.198030
AT1G77235	0	0.000000	0.000000	0.000000
AT5G24570	32	5.522124	38.552353	49.821075
AT1G68440	24	1.105903	7.720790	9.977551
AT1G07193	0	0.0	0.0	0.0
AT1G05117	0	0.0	0.0	0.0
AT3G24740	12	0.291441	2.318130	2.995711
AT4G04895	0	0.0	0.0	0.0
AT3G04950	0	0.000000	0.000000	0.000000
AT4G18320	0	0.0	0.0	0.0
AT1G80380	292	8.595133	80.784195	104.397141
AT3G10210	0	0.000000	0.000000	0.000000
AT1G77760	63	1.577813	11.015400	14.235164
AT2G09135	0	0.0	0.0	0.0
AT5G04895	13	0.260538	1.818929	2.350596
AT2G27750	0	0.000000	0.000000	0.000000
AT4G30770	0	0.0	0.0	0.0
AT3G61070	70	3.043585	21.283485	27.504576
AT2G07940	0	0.0	0.0	0.0
AT3G07510	24	1.862903	14.915251	19.274927
AT3G07460	189	11.069801	77.283104	99.872688
AT5G18320	0	0.000000	0.000000	0.000000
AT3G18220	0	0.0	0.0	0.0
AT4G10310	0	0.000000	0.000000	0.000000
AT3G02242	0	0.0	0.0	0.0
AT4G09915	0	0.0	0.0	0.0
AT4G25790	0	0.0	0.0	0.0
AT3G05845	0	0.000000	0.000000	0.000000
AT3G20060	10	0.773351	5.506971	7.116639
AT5G10310	9	0.762399	5.435488	7.024262
AT1G78990	0	0.000000	0.000000	0.000000
AT5G09915	0	0.0	0.0	0.0
AT2G13350	0	0.0	0.0	0.0
AT1G33415	31	0.353830	4.406794	5.694885
AT1G09407	0	0.0	0.0	0.0
AT5G25790	6	0.251144	1.835238	2.371672
AT1G01800	84	5.011278	36.958912	47.761875
AT2G25685	0	0.0	0.0	0.0
AT3G60805	0	0.0	0.0	0.0
AT4G16045	0	0.0	0.0	0.0
AT4G08415	0	0.0	0.0	0.0
AT5G58320	17	0.527351	4.638598	5.994445
AT4G08565	0	0.0	0.0	0.0
AT1G72500	49	1.149488	10.031486	12.963655
AT1G67775	0	0.0	0.0	0.0
AT4G31510	20	1.300930	9.082359	11.737102
AT4G31460	25	0.977679	9.503047	12.280754
AT2G06420	0	0.0	0.0	0.0
AT2G14760	0	0.0	0.0	0.0
AT4G04305	0	0.000000	0.000000	0.000000
AT1G79490	11	0.305179	2.130588	2.753351
AT2G40110	14	0.531812	5.154869	6.661619
AT3G05320	12	0.391796	4.293443	5.548402
AT3G50210	27	1.349045	9.957363	12.867867
AT5G08415	64	3.280986	22.905994	29.601336
AT5G43150	40	4.267207	29.791233	38.499107
AT4G21190	45	2.057275	17.128965	22.135704
AT5G08565	10	0.920655	6.924600	8.948637
AT1G08907	0	0.0	0.0	0.0
AT5G28462	0	0.0	0.0	0.0
AT3G09790	1	0.030557	0.213332	0.275688
AT5G65490	22	0.778492	5.670971	7.328577
AT5G04305	0	0.0	0.0	0.0
AT5G46115	1	0.120264	0.839615	1.085032
AT1G20683	0	0.0	0.0	0.0
AT5G49870	0	0.0	0.0	0.0
AT3G04205	7	1.967742	13.737664	17.753136
AT2G27810	113	3.201920	22.945816	29.652798
AT5G50310	67	2.299175	16.051542	20.743353
AT5G05220	0	0.0	0.0	0.0
AT1G01390	13	0.557734	3.996083	5.164124
AT5G40930	69	0.643410	4.564365	5.898513
AT2G32885	0	0.000000	0.000000	0.000000
AT3G58220	23	0.869194	6.728296	8.694954
AT3G49780	48	2.316687	16.173801	20.901348
AT2G45570	0	0.0	0.0	0.0
AT2G48120	0	0.000000	0.000000	0.000000
AT2G33870	0	0.0	0.0	0.0
AT4G05220	0	0.0	0.0	0.0
AT2G04032	9	0.468995	3.274259	4.231313
AT3G27980	0	0.000000	0.000000	0.000000
AT3G47836	69	11.318182	79.017159	102.113609
AT4G04695	0	0.000000	0.000000	0.000000
AT3G63380	4	0.062908	0.439188	0.567561
AT5G62160	0	0.0	0.0	0.0
AT3G57480	6	0.243529	1.733840	2.240635
AT1G08950	0	0.0	0.0	0.0
AT1G80525	0	0.0	0.0	0.0
AT3G11340	0	0.000000	0.000000	0.000000
AT1G28740	0	0.000000	0.000000	0.000000
AT2G04780	150	6.876366	57.298565	74.046738
AT5G04695	0	0.0	0.0	0.0
AT4G00155	0	0.0	0.0	0.0
AT1G69940	0	0.0	0.0	0.0
AT3G05645	0	0.0	0.0	0.0
AT5G43420	2	0.089798	0.626919	0.810165
AT5G11240	87	2.901598	20.257320	26.178465
AT5G03935	0	0.0	0.0	0.0
AT5G63280	35	2.056338	15.874187	20.514156
AT4G11240	43	2.295593	16.026535	20.711037
AT1G01600	5	0.157555	1.099960	1.421475
AT1G19740	136	8.957990	62.539631	80.819748
AT2G44790	9	0.530513	3.703742	4.786334
AT4G03935	36	1.850522	37.303974	48.207798
AT2G39420	19	0.977956	6.827537	8.823203
AT1G14220	0	0.000000	0.000000	0.000000
AT1G01120	40	1.534113	10.710312	13.840899
AT2G22610	33	0.745126	5.411534	6.993307
AT3G45180	0	0.0	0.0	0.0
AT4G37790	34	1.762215	13.114431	16.947735
AT3G21220	57	1.886118	17.190321	22.214991
AT1G30270	19	0.570203	4.299434	5.556143
AT5G04140	667	9.707916	68.751099	88.846809
AT5G37790	15	0.535011	3.735145	4.826915
AT4G21320	0	0.000000	0.000000	0.000000
AT4G26980	10	0.555589	3.878809	5.012571
AT5G56480	0	0.0	0.0	0.0
AT3G05190	0	0.000000	0.000000	0.000000
AT4G01915	26	1.420871	9.919720	12.819220
AT3G12480	29	1.630860	11.385744	14.713758
AT2G08380	0	0.0	0.0	0.0
AT1G24340	0	0.000000	0.000000	0.000000
AT1G25290	0	0.000000	0.000000	0.000000
AT4G38960	15	0.625942	4.969037	6.421469
AT5G35603	0	0.0	0.0	0.0
AT5G26980	11	0.361559	2.750986	3.555090
AT5G58190	17	0.632388	4.757932	6.148660
AT5G01915	1	0.051757	0.361338	0.466956
AT2G35750	5	0.661346	4.617145	5.966720
AT5G38960	0	0.0	0.0	0.0
AT1G09800	0	0.000000	0.000000	0.000000
AT3G04530	0	0.0	0.0	0.0
AT5G45830	13	0.557349	5.362231	6.929593
AT1G05463	0	0.000000	0.000000	0.000000
AT1G07597	0	0.0	0.0	0.0
AT3G59340	0	0.0	0.0	0.0
AT1G23480	68	1.963084	15.719101	20.313740
AT1G15140	180	9.644729	75.839943	98.007698
AT2G24630	26	0.672003	4.691545	6.062869
ATCG00360	125	26.236221	183.166489	236.705444
AT2G35610	44	1.419798	9.912229	12.809539
AT4G33530	95	2.324870	16.774868	21.678104
AT1G53980	0	0.0	0.0	0.0
AT1G79350	53	0.907886	6.802027	8.790236
AT2G29360	178	11.134585	78.658615	101.650261
AT1G24625	46	3.250667	22.694323	29.327795
AT4G25631	2	1.356164	9.467972	12.235428
AT3G45443	33	1.717639	12.918679	16.694765
AT5G65350	4	0.465041	3.246654	4.195640
AT5G41670	88	2.609921	22.526455	29.110859
AT2G41950	95	7.060369	49.291512	63.699253
AT1G42440	93	2.452413	17.995565	23.255608
AT5G08705	0	0.0	0.0	0.0
AT1G51740	22	1.123251	8.265944	10.682050
AT2G34186	0	0.0	0.0	0.0
AT2G14500	0	0.0	0.0	0.0
AT1G09857	0	0.0	0.0	0.0
AT5G54720	1	0.048602	0.339312	0.438491
AT1G01450	1	0.026403	0.184331	0.238210
AT3G02510	31	0.863840	8.812708	11.388633
AT3G02460	19	0.565301	4.661728	6.024335
AT3G21781	2	0.068069	0.475219	0.614124
AT2G23990	0	0.0	0.0	0.0
AT2G22750	0	0.0	0.0	0.0
AT2G18360	0	0.000000	0.000000	0.000000
AT1G45010	39	1.504416	15.837120	20.466259
AT5G59240	9	0.714442	5.099415	6.589957
AT1G72760	0	0.000000	0.000000	0.000000
AT4G08705	0	0.000000	0.000000	0.000000
AT1G22300	376	16.544304	145.338593	187.820587
AT4G36040	533	29.259438	204.272888	263.981140
AT3G62650	82	8.066916	61.919819	80.018768
AT1G61660	53	1.667733	13.588227	17.560019
AT5G47050	7	0.284211	1.990812	2.572720
AT3G14930	412	16.102251	114.568626	148.056641
AT1G08787	0	0.0	0.0	0.0
AT1G78270	0	0.000000	0.000000	0.000000
AT5G38840	25	0.788515	5.504966	7.114050
AT2G32210	0	0.000000	0.000000	0.000000
AT3G13690	43	0.852086	6.495702	8.394374
AT4G02100	17	0.564736	3.942668	5.095097
AT2G03330	21	1.135926	10.600605	13.699125
AT1G53560	28	1.563571	15.594252	20.152397
AT1G53410	0	0.000000	0.000000	0.000000
AT3G15111	0	0.000000	0.000000	0.000000
AT4G38840	179	24.534365	171.285080	221.351135
AT5G02100	0	0.000000	0.000000	0.000000
AT1G67310	29	0.597877	4.313654	5.574521
AT3G49900	9	0.392949	2.827195	3.653575
AT1G20670	8	0.223926	1.616635	2.089172
AT1G03325	0	0.0	0.0	0.0
AT1G24822	1	0.086413	0.603287	0.779625
AT1G23910	0	0.0	0.0	0.0
AT2G12880	0	0.0	0.0	0.0
AT2G27285	33	1.332828	9.305054	12.024888
AT5G46330	47	0.876471	6.119026	7.907596
AT5G38580	0	0.000000	0.000000	0.000000
AT4G06534	4	0.156634	1.093530	1.413165
AT1G22690	231	24.115183	176.927048	228.642227
AT1G28430	0	0.0	0.0	0.0
AT3G10439	0	0.000000	0.000000	0.000000
AT3G27700	31	0.617315	4.309745	5.569468
AT1G03640	0	0.0	0.0	0.0
AT4G13200	88	7.263048	57.978367	74.925247
AT5G01485	0	0.0	0.0	0.0
AT2G07015	0	0.000000	0.000000	0.000000
AT1G48310	96	1.975540	14.985695	19.365961
AT4G38580	48	3.317667	28.802200	37.220985
AT3G43660	0	0.0	0.0	0.0
AT5G13200	25	0.248761	6.422348	8.299579
AT2G04900	51	3.760802	36.372398	47.003929
AT4G26560	0	0.000000	0.000000	0.000000
AT4G26410	65	4.101681	28.635624	37.005718
AT5G56910	0	0.000000	0.000000	0.000000
AT5G66850	26	0.709916	4.956233	6.404923
AT3G12910	0	0.000000	0.000000	0.000000
AT5G09040	0	0.0	0.0	0.0
AT3G13300	116	1.739497	13.081374	16.905016
AT5G07820	13	0.446227	3.115305	4.025898
AT1G19430	38	0.977154	6.837562	8.836159
AT2G34230	0	0.0	0.0	0.0
AT2G02860	40	1.322947	9.236070	11.935740
AT2G25210	486	96.564674	674.160095	871.214722
AT5G03552	1	0.002939	0.020518	0.026516
AT4G09040	227	11.431732	84.317482	108.963203
AT3G53890	758	90.154762	629.409668	813.383972
AT4G07820	0	0.0	0.0	0.0
AT3G62710	0	0.0	0.0	0.0
AT1G70000	18	0.808585	5.645084	7.295123
AT2G19425	0	0.0	0.0	0.0
AT3G46230	0	0.000000	0.000000	0.000000
AT5G26617	0	0.0	0.0	0.0
AT1G15470	22	1.067004	7.835545	10.125848
AT5G47230	9	0.508449	3.549704	4.587271
AT3G02245	0	0.0	0.0	0.0
AT3G62400	2	0.199690	4.618485	5.968452
AT3G06820	17	0.329642	4.882725	6.309929
AT2G17680	0	0.0	0.0	0.0
AT4G26700	75	1.863022	15.413223	19.918455
AT3G08020	23	0.601864	4.267724	5.515165
AT3G57910	8	0.185232	1.293185	1.671179
AT1G74540	1	0.039037	0.272534	0.352195
AT5G61835	0	0.0	0.0	0.0
AT5G55020	0	0.0	0.0	0.0
AT5G02345	0	0.0	0.0	0.0
AT5G26700	0	0.000000	0.000000	0.000000
AT3G54550	0	0.0	0.0	0.0
AT3G27560	19	0.680408	5.582866	7.214718
AT5G23395	38	1.968504	19.022989	24.583342
AT3G27410	0	0.0	0.0	0.0
AT5G02620	20	0.629339	5.010709	6.475322
AT1G69860	0	0.0	0.0	0.0
AT5G20380	74	2.665303	19.795931	25.582214
AT1G74880	160	11.395660	106.033363	137.026550
AT4G04470	44	1.776142	14.653893	18.937178
AT1G24851	2	0.073559	0.513547	0.663656
AT3G48850	0	0.0	0.0	0.0
AT1G29550	14	1.013410	7.075057	9.143072
AT4G02620	200	14.328075	155.139908	200.486755
AT1G53700	3	0.117141	0.817812	1.056856
AT4G20380	58	2.773245	22.045887	28.489824
AT1G29005	0	0.0	0.0	0.0
AT1G64561	0	0.000000	0.000000	0.000000
AT5G04470	15	1.486111	10.375189	13.407821
AT1G27890	0	0.000000	0.000000	0.000000
AT1G21930	42	5.250399	36.655323	47.369549
AT2G42725	0	0.0	0.0	0.0
AT3G46050	0	0.0	0.0	0.0
AT1G04387	0	0.0	0.0	0.0
AT5G08985	0	0.0	0.0	0.0
AT2G01310	2	0.275472	1.923190	2.485332
AT1G51430	49	2.427024	22.967205	29.680441
AT2G34050	28	1.878090	13.270152	17.148973
AT3G20280	0	0.000000	0.000000	0.000000
AT4G08985	0	0.000000	0.000000	0.000000
AT2G38365	0	0.000000	0.000000	0.000000
AT1G18550	8	0.214416	2.645050	3.418189
AT1G66210	0	0.0	0.0	0.0
AT2G03170	0	0.0	0.0	0.0
AT1G06620	7	0.323828	2.260784	2.921604
AT3G62310	92	2.442628	18.816729	24.316793
AT5G27200	0	0.000000	0.000000	0.000000
AT1G35617	0	0.0	0.0	0.0
AT2G06635	0	0.0	0.0	0.0
AT3G13700	0	0.000000	0.000000	0.000000
AT2G47580	71	5.529354	38.602833	49.886303
AT5G41060	13	0.429289	3.678972	4.754323
AT3G04020	8	0.419744	3.277225	4.235147
AT5G05005	0	0.0	0.0	0.0
AT1G78540	17	0.470441	3.465641	4.478635
AT4G14965	24	1.408856	10.461192	13.518964
AT5G05550	27	0.745971	7.969693	10.299207
AT5G46730	81	5.164526	36.055805	46.594795
AT4G00630	126	1.545833	11.559693	14.938553
AT3G11430	0	0.000000	0.000000	0.000000
AT4G16295	0	0.0	0.0	0.0
AT3G27300	99	3.325738	25.218916	32.590317
AT5G62210	10	0.586375	4.093739	5.290325
AT3G58550	0	0.0	0.0	0.0
AT4G05005	0	0.0	0.0	0.0
AT1G67650	4	0.139484	0.983691	1.271221
AT2G47840	26	2.466323	17.218475	22.251377
AT4G11090	8	0.314601	2.361610	3.051901
AT2G36850	90	1.119501	7.884604	10.189245
AT1G48650	108	1.954247	13.998567	18.090300
AT1G67710	3	0.089723	0.640233	0.827370
AT4G33020	0	0.0	0.0	0.0
AT1G78880	61	1.621467	11.502062	14.864076
AT4G08470	59	0.928287	14.256566	18.423712
AT3G55470	18	1.426150	9.987049	12.906229
AT3G49551	0	0.000000	0.000000	0.000000
AT3G44850	29	0.805932	5.964757	7.708235
AT5G11090	28	1.881197	13.133455	16.972321
AT4G26145	5	0.173417	1.215636	1.570962
AT2G03730	34	1.344588	9.387155	12.130988
AT5G52605	0	0.0	0.0	0.0
AT3G25970	4	0.131814	0.920251	1.189237
AT5G08470	54	0.923077	8.941069	11.554513
AT3G50160	0	0.0	0.0	0.0
AT2G40260	8	0.309674	2.161969	2.793905
AT5G50375	25	1.144599	7.990944	10.326670
AT2G25297	5	0.617597	4.574907	5.912137
AT1G08387	4	0.185885	1.297744	1.677070
AT5G46170	56	2.378075	16.602377	21.455196
AT1G17910	0	0.0	0.0	0.0
AT5G04985	0	0.0	0.0	0.0
AT2G38050	22	1.553487	10.845570	14.015693
AT5G64230	0	0.000000	0.000000	0.000000
AT2G33815	0	0.000000	0.000000	0.000000
AT1G22700	152	9.097525	64.432175	83.265488
AT3G27690	1287	70.241684	510.832001	660.146423
AT2G20140	111	4.979718	34.765583	44.927441
AT2G01400	38	0.899723	7.049686	9.110286
AT4G04985	0	0.0	0.0	0.0
AT1G76080	339	18.999298	132.642380	171.413284
AT1G14550	0	0.0	0.0	0.0
AT3G55677	0	0.0	0.0	0.0
AT2G01710	19	1.092868	8.010681	10.352176
AT5G26690	0	0.000000	0.000000	0.000000
AT3G43083	0	0.0	0.0	0.0
AT3G21550	12	0.974490	6.803339	8.791932
AT1G22410	220	8.228209	58.594437	75.721390
AT4G26690	137	3.840098	26.809397	34.645691
AT3G18930	22	0.642536	4.937613	6.380861
AT1G62850	134	6.027602	42.708313	55.191807
AT3G47170	0	0.0	0.0	0.0
AT3G61860	86	3.403202	38.963226	50.352043
AT1G04787	0	0.0	0.0	0.0
AT1G52910	0	0.000000	0.000000	0.000000
AT3G43590	18	0.577899	4.284102	5.536331
AT1G74270	160	19.561926	136.570328	176.489365
AT3G61113	0	0.000000	0.000000	0.000000
AT1G53300	48	1.292418	9.022934	11.660306
AT4G20780	8	0.601427	4.198824	5.426126
AT3G59430	17	0.445534	4.441813	5.740139
AT1G18879	0	0.000000	0.000000	0.000000
AT3G20870	56	2.694679	19.731297	25.498688
AT1G13890	0	0.0	0.0	0.0
AT4G34840	21	0.556323	4.288479	5.541987
AT1G06933	0	0.0	0.0	0.0
AT1G31820	0	0.000000	0.000000	0.000000
AT3G02575	0	0.000000	0.000000	0.000000
AT3G03580	9	0.225231	1.572436	2.032053
AT1G06157	0	0.0	0.0	0.0
AT1G67400	21	0.985907	7.228530	9.341404
AT1G43860	95	2.188096	19.603418	25.333429
AT5G26300	0	0.0	0.0	0.0
AT1G35410	0	0.0	0.0	0.0
AT5G02745	1	0.177748	1.240936	1.603658
AT1G35560	16	0.883853	6.170563	7.974197
AT1G61590	0	0.0	0.0	0.0
AT1G48400	0	0.0	0.0	0.0
AT3G44444	0	0.000000	0.000000	0.000000
AT3G47730	35	0.799083	5.578747	7.209395
AT1G24430	0	0.0	0.0	0.0
AT5G59090	0	0.000000	0.000000	0.000000
AT2G23680	23	1.254296	9.368473	12.106845
AT1G06427	0	0.0	0.0	0.0
AT4G26300	121	3.419382	27.655973	35.739719
AT3G22890	496	20.822048	145.367798	187.858292
AT4G34580	0	0.000000	0.000000	0.000000
AT1G54930	0	0.0	0.0	0.0
AT2G08900	1	0.720430	5.029636	6.499781
AT3G03840	10	0.998630	6.971871	9.009726
AT1G53690	0	0.000000	0.000000	0.000000
AT2G42640	0	0.000000	0.000000	0.000000
AT5G64050	210	7.626308	53.486034	69.119820
AT2G38230	99	6.153546	42.960583	55.517818
AT4G01970	0	0.000000	0.000000	0.000000
AT3G13560	32	0.942803	6.660325	8.607115
AT5G64505	0	0.0	0.0	0.0
AT3G13410	370	16.754536	122.965637	158.908066
AT4G01703	0	0.0	0.0	0.0
AT1G06100	0	0.000000	0.000000	0.000000
AT5G01970	14	0.538681	4.475491	5.783662
AT2G01650	34	1.369048	10.345043	13.368863
AT3G26200	19	0.813606	5.680138	7.340423
AT3G61940	0	0.000000	0.000000	0.000000
AT1G19340	11	0.358575	2.800226	3.618722
AT4G24204	0	0.0	0.0	0.0
AT2G35490	171	8.412422	64.573326	83.447884
AT1G07667	1	0.006218	0.043411	0.056099
AT4G08140	0	0.0	0.0	0.0
AT2G44390	0	0.0	0.0	0.0
AT2G45240	81	3.573702	26.347101	34.048267
AT3G55140	52	2.592803	20.263428	26.186359
AT5G56975	0	0.0	0.0	0.0
AT1G71810	40	1.250020	8.849745	11.436495
AT3G13980	16	0.917337	6.404329	8.276293
AT2G25160	0	0.0	0.0	0.0
AT1G75150	16	0.426583	2.991692	3.866153
AT4G32800	31	1.741193	12.156028	15.709192
AT5G36290	87	4.890547	34.143036	44.122932
AT5G50650	19	0.629128	4.683943	6.053043
AT5G63870	59	2.335329	18.438551	23.828077
AT3G11740	0	0.000000	0.000000	0.000000
AT1G10682	85	9.596866	66.999901	86.583748
AT5G37450	0	0.0	0.0	0.0
AT5G55530	72	2.503503	17.508709	22.626444
AT3G09600	22	0.711328	6.001703	7.755980
AT1G28340	77	2.272895	16.623106	21.481983
AT2G04380	0	0.000000	0.000000	0.000000
AT4G34960	37	1.868321	13.043562	16.856152
AT5G46440	1	0.059615	0.416198	0.537852
AT4G36290	14	0.466188	3.254662	4.205988
AT5G54190	17	0.593608	4.144236	5.355582
AT4G19006	60	2.894857	20.210258	26.117647
AT2G20470	0	0.0	0.0	0.0
AT4G37450	104	6.137181	47.871502	61.864178
AT3G08530	187	2.610626	18.225918	23.553291
AT5G25800	0	0.000000	0.000000	0.000000
AT4G11570	140	6.002150	41.903625	54.151909
AT1G01790	151	2.731840	19.788654	25.572813
AT2G03440	187	13.628077	95.143547	122.953674
AT3G03960	173	6.204494	43.316277	55.977474
ATCG00500	146	7.959100	55.565945	71.807678
AT2G44600	3	0.137563	0.960387	1.241105
AT3G49380	0	0.000000	0.000000	0.000000
AT2G22490	28	1.207671	8.644427	11.171165
AT2G28630	53	1.725458	13.678705	17.676945
AT4G37120	98	3.905736	27.267645	35.237885
AT5G11570	0	0.0	0.0	0.0
AT4G25800	10	0.321743	2.246228	2.902793
AT5G09290	0	0.000000	0.000000	0.000000
AT2G32160	115	5.214696	38.421700	49.652237
AT5G50710	1	0.047497	0.331597	0.428522
AT2G29500	0	0.0	0.0	0.0
AT3G05720	0	0.000000	0.000000	0.000000
AT3G52941	0	0.0	0.0	0.0
AT4G10850	0	0.0	0.0	0.0
AT3G25011	0	0.0	0.0	0.0
AT2G19630	0	0.0	0.0	0.0
AT1G75420	10	0.349016	2.588221	3.344749
AT2G33280	0	0.0	0.0	0.0
AT3G09390	356	29.562826	206.390976	266.718353
AT5G04705	0	0.0	0.0	0.0
AT2G32275	0	0.0	0.0	0.0
AT2G18500	0	0.0	0.0	0.0
AT5G49280	43	2.415297	16.862242	21.791016
AT2G13810	0	0.000000	0.000000	0.000000
AT5G58720	34	0.978422	8.431130	10.895521
AT1G22980	0	0.000000	0.000000	0.000000
AT1G34000	418	40.530548	282.961395	365.670074
AT5G54320	0	0.0	0.0	0.0
AT4G04415	0	0.000000	0.000000	0.000000
AT2G15670	0	0.0	0.0	0.0
AT4G04565	3	0.367188	2.563499	3.312802
AT5G15950	67	2.439981	19.615572	25.349136
AT1G66160	2	0.104742	0.731250	0.944991
AT2G18760	10	0.143671	1.094452	1.414356
AT1G72360	0	0.000000	0.000000	0.000000
AT4G08305	0	0.000000	0.000000	0.000000
AT1G17480	10	0.396030	2.768977	3.578340
AT4G15950	0	0.000000	0.000000	0.000000
AT5G04415	0	0.000000	0.000000	0.000000
AT1G04907	0	0.0	0.0	0.0
AT1G51340	14	0.391583	2.932524	3.789691
AT5G08305	4	0.158782	1.108526	1.432545
AT5G50400	19	0.599507	4.359285	5.633490
AT1G79750	205	5.615701	40.568607	52.426670
AT3G08205	0	0.0	0.0	0.0
AT4G20900	0	0.000000	0.000000	0.000000
AT2G29760	7	0.180424	1.259619	1.627801
AT2G17990	28	1.097951	9.825890	12.697963
AT3G09450	0	0.0	0.0	0.0
AT5G37600	1504	75.747482	528.826172	683.400269
AT1G30540	28	0.958642	8.937865	11.550371
AT5G65750	0	0.000000	0.000000	0.000000
AT3G59740	0	0.0	0.0	0.0
AT5G20900	119	6.150918	42.942238	55.494106
AT3G02095	0	0.000000	0.000000	0.000000
AT2G43139	0	0.000000	0.000000	0.000000
AT3G54220	29	0.825054	5.760062	7.443708
AT5G39024	0	0.0	0.0	0.0
ATCG00760	386	270.675446	1889.703247	2442.057129
AT2G44120	353	14.993085	128.534103	166.104187
AT2G35350	4	0.092803	0.670106	0.865976
AT1G07460	0	0.0	0.0	0.0
AT1G07510	21	0.244278	1.705411	2.203897
AT1G15415	0	0.000000	0.000000	0.000000
AT1G61070	0	0.0	0.0	0.0
AT2G44450	0	0.000000	0.000000	0.000000
AT1G73830	42	2.972172	21.363710	27.608250
AT5G59570	0	0.0	0.0	0.0
AT1G30880	136	10.545278	90.876137	117.438927
AT5G42920	34	0.899601	6.454309	8.340882
AT4G21720	16	1.097113	7.659424	9.898248
AT1G10210	14	0.511420	4.438573	5.735953
AT1G29220	17	0.932905	6.684787	8.638728
AT1G04950	18	0.592467	4.138023	5.347552
AT5G65610	28	1.448684	10.113894	13.070151
AT3G47440	0	0.000000	0.000000	0.000000
AT2G47960	77	3.381267	23.606098	30.506081
AT1G79610	21	0.819437	5.720847	7.393031
AT2G08780	0	0.000000	0.000000	0.000000
AT3G09120	0	0.0	0.0	0.0
AT5G02435	0	0.0	0.0	0.0
AT1G05087	1	0.068480	0.480798	0.621333
AT5G08695	0	0.000000	0.000000	0.000000
AT3G01800	22	1.220833	9.024532	11.662372
AT3G27475	0	0.0	0.0	0.0
AT1G20060	10	0.211292	1.548112	2.000620
AT3G22142	0	0.000000	0.000000	0.000000
AT2G16676	0	0.0	0.0	0.0
AT4G37390	0	0.000000	0.000000	0.000000
AT1G18220	0	0.0	0.0	0.0
AT3G14630	0	0.0	0.0	0.0
AT5G10020	47	1.009164	7.045413	9.104764
AT5G36280	0	0.0	0.0	0.0
AT2G47070	104	2.399537	16.752214	21.648829
AT4G16810	0	0.0	0.0	0.0
AT2G04390	242	21.554190	150.479187	194.463745
AT4G10020	0	0.000000	0.000000	0.000000
AT4G29010	180	5.320813	37.146915	48.004829
AT1G55160	35	1.286858	20.642082	26.675690
AT1G18830	0	0.0	0.0	0.0
AT2G21105	0	0.000000	0.000000	0.000000
AT5G54180	23	1.020555	7.124939	9.207535
AT4G36280	20	0.603766	4.798759	6.201421
AT1G61960	11	0.446715	3.118712	4.030301
AT3G62950	51	4.690972	32.749718	42.322350
AT5G16810	45	1.905620	16.420992	21.220793
AT5G19175	0	0.0	0.0	0.0
AT3G52810	0	0.0	0.0	0.0
AT5G48140	0	0.0	0.0	0.0
AT3G19360	25	1.041601	7.404441	9.568733
AT4G28260	38	1.239175	8.651220	11.179943
AT5G19260	55	3.247748	22.673943	29.301460
AT1G73220	0	0.000000	0.000000	0.000000
AT2G35480	10	0.547085	3.851100	4.976763
AT1G16030	10	0.284825	1.988487	2.569715
AT5G06440	50	1.532121	12.181363	15.741933
AT1G23610	0	0.0	0.0	0.0
AT3G49600	39	0.771327	5.425441	7.011279
AT5G18010	0	0.0	0.0	0.0
AT1G20970	98	1.490685	10.698896	13.826147
AT2G44380	0	0.0	0.0	0.0
AT3G13990	49	1.251451	8.736925	11.290698
AT3G12750	4	0.210989	1.565852	2.023546
AT1G11760	8	0.652608	4.556141	5.887885
AT4G19260	0	0.0	0.0	0.0
AT3G28360	0	0.0	0.0	0.0
AT5G56750	27	0.702002	7.165690	9.260197
AT3G24500	14	0.819129	9.717362	12.557714
AT1G29830	0	0.000000	0.000000	0.000000
AT3G28922	0	0.0	0.0	0.0
AT4G06440	0	0.000000	0.000000	0.000000
AT1G50470	0	0.0	0.0	0.0
AT3G48530	41	2.011678	14.044400	18.149530
AT4G18010	22	0.653458	4.722739	6.103179
AT3G43960	8	0.404152	2.821561	3.646294
AT2G43440	0	0.000000	0.000000	0.000000
AT1G34827	0	0.0	0.0	0.0
AT1G52490	0	0.0	0.0	0.0
AT5G56610	0	0.000000	0.000000	0.000000
AT3G12610	142	6.763897	47.221710	61.024456
AT3G10985	25	1.371884	9.577721	12.377254
AT2G33290	13	0.407229	2.843043	3.674055
AT3G09380	0	0.0	0.0	0.0
AT1G59500	0	0.0	0.0	0.0
AT5G49290	4	0.077297	0.539644	0.697380
AT3G54830	68	2.465480	19.415236	25.090239
AT1G22990	0	0.0	0.0	0.0
AT1G23750	15	1.167832	8.153145	10.536280
AT1G76570	18	0.867379	6.055551	7.825568
AT1G03940	10	0.383212	2.675370	3.457371
AT5G61000	36	1.229302	8.582293	11.090868
AT5G39440	0	0.0	0.0	0.0
ATCG01210	450	24.116030	168.364517	217.576889
AT4G21865	15	1.014668	8.301485	10.727982
AT1G01780	0	0.000000	0.000000	0.000000
AT5G67140	8	0.445761	3.447559	4.455268
AT3G45720	0	0.0	0.0	0.0
AT5G44705	0	0.0	0.0	0.0
AT2G22480	50	1.728024	12.448710	16.087425
AT3G49390	56	1.273789	13.872887	17.927885
AT1G12672	0	0.000000	0.000000	0.000000
AT5G09280	0	0.000000	0.000000	0.000000
AT1G17350	22	0.908808	7.301989	9.436335
AT3G51360	0	0.0	0.0	0.0
AT1G52350	0	0.0	0.0	0.0
AT2G17980	45	1.570555	10.964729	14.169682
AT2G21340	58	1.857604	12.968742	16.759462
AT5G44565	13	0.609670	10.523042	13.598890
AT1G32870	19	0.620835	4.511271	5.829900
AT3G01525	0	0.000000	0.000000	0.000000
AT3G03070	135	13.848524	96.682579	124.942566
AT3G02085	0	0.000000	0.000000	0.000000
AT4G12382	2	0.142717	1.283739	1.658972
AT3G48205	0	0.0	0.0	0.0
AT4G35783	4	0.536900	3.748333	4.843958
AT1G59760	33	0.788901	5.507661	7.117532
AT3G49450	0	0.0	0.0	0.0
AT1G17490	27	2.955617	20.634451	26.665829
AT5G66530	180	4.280036	30.612717	39.560707
AT4G15775	0	0.0	0.0	0.0
AT2G41375	0	0.000000	0.000000	0.000000
AT1G16250	6	0.198353	1.666392	2.153473
AT1G68460	0	0.0	0.0	0.0
AT5G51260	11	0.482985	3.448096	4.455963
AT1G68510	0	0.000000	0.000000	0.000000
AT5G26673	0	0.0	0.0	0.0
AT3G57610	246	9.365597	78.751717	101.770576
AT1G11684	0	0.0	0.0	0.0
AT1G63800	46	3.256661	23.315964	30.131140
AT1G47510	0	0.000000	0.000000	0.000000
AT3G24760	7	0.286353	2.011533	2.599497
AT3G57750	31	1.856413	12.960428	16.748716
AT4G02920	283	8.671785	72.244904	93.361847
AT1G11500	0	0.0	0.0	0.0
AT2G04450	21	1.105479	8.124039	10.498667
AT5G37380	30	0.894374	8.753010	11.311484
AT5G22315	0	0.0	0.0	0.0
AT5G02920	0	0.0	0.0	0.0
AT1G77740	53	1.337616	9.338480	12.068086
AT3G49120	304	15.969120	111.487389	144.074768
AT2G07960	0	0.0	0.0	0.0
AT4G37380	7	0.242581	1.693564	2.188586
AT3G07440	0	0.000000	0.000000	0.000000
AT3G20040	0	0.000000	0.000000	0.000000
AT1G30890	47	2.227840	16.330717	21.104128
AT4G08685	74	7.854345	54.834602	70.862572
AT3G17810	34	1.375317	9.601687	12.408228
AT1G21630	164	2.868439	20.429657	26.401175
AT4G34070	101	5.463531	44.444965	57.436077
AT1G40129	0	0.0	0.0	0.0
AT1G07013	0	0.0	0.0	0.0
AT1G05097	0	0.0	0.0	0.0
AT5G08685	0	0.0	0.0	0.0
AT2G08790	0	0.0	0.0	0.0
AT3G52285	0	0.0	0.0	0.0
AT2G38820	9	0.356911	2.503920	3.235807
AT5G16285	0	0.0	0.0	0.0
AT2G47590	212	9.283360	64.811180	83.755264
AT3G53270	23	0.886628	6.436283	8.317587
AT1G08607	0	0.000000	0.000000	0.000000
AT4G39170	99	3.419981	24.117445	31.166893
AT1G09537	0	0.000000	0.000000	0.000000
AT5G39170	0	0.0	0.0	0.0
AT3G44020	63	6.334184	44.221699	57.147549
AT5G40630	10	0.844184	5.893616	7.616300
AT5G67470	34	0.813702	5.680809	7.341289
AT5G01060	0	0.0	0.0	0.0
AT5G45550	88	6.487061	45.288998	58.526817
AT2G30810	0	0.0	0.0	0.0
AT5G06730	0	0.0	0.0	0.0
AT4G01060	0	0.000000	0.000000	0.000000
AT2G36020	0	0.000000	0.000000	0.000000
AT5G53370	46	1.727839	12.584660	16.263113
AT1G69325	0	0.000000	0.000000	0.000000
AT1G08710	17	0.791189	6.767636	8.745793
AT4G06265	1	0.041804	0.291852	0.377159
AT5G39730	65	5.007812	34.961720	45.180908
AT1G08650	49	2.484345	17.928551	23.169004
AT2G09020	0	0.0	0.0	0.0
AT2G07840	0	0.0	0.0	0.0
AT2G13295	0	0.0	0.0	0.0
AT5G04995	0	0.0	0.0	0.0
AT5G55132	0	0.0	0.0	0.0
AT1G69640	87	5.122975	35.765720	46.219917
AT1G08397	0	0.0	0.0	0.0
AT3G27680	0	0.0	0.0	0.0
AT1G31230	74	1.876064	13.337315	17.235765
AT5G06265	19	0.623983	5.866179	7.580843
AT4G39730	161	12.715560	88.772865	114.720871
AT3G04850	4	0.101104	0.721538	0.932442
AT1G76090	56	2.700306	18.852013	24.362392
AT1G26370	27	0.730477	5.269099	6.809238
AT4G04995	0	0.0	0.0	0.0
AT2G43730	0	0.0	0.0	0.0
AT5G48470	45	2.395987	16.727428	21.616800
AT5G63040	39	1.821153	12.714263	16.430597
AT1G01900	5	0.135015	0.942598	1.218117
AT4G11080	37	1.348263	9.412812	12.164145
AT5G06170	0	0.0	0.0	0.0
AT5G09815	0	0.0	0.0	0.0
AT4G03635	11	0.698701	4.877936	6.303740
AT1G78890	56	3.119287	21.777102	28.142473
AT4G12520	1	0.083144	0.580464	0.750132
AT3G05945	51	9.615202	67.127914	86.749176
AT2G05515	0	0.0	0.0	0.0
AT2G17410	69	1.533147	13.037566	16.848402
AT2G05465	0	0.0	0.0	0.0
AT2G17560	165	12.436140	99.426842	128.488968
AT5G11080	0	0.000000	0.000000	0.000000
AT4G09815	0	0.000000	0.000000	0.000000
AT5G03635	0	0.000000	0.000000	0.000000
AT1G50140	37	0.786652	6.091115	7.871526
AT4G06170	0	0.0	0.0	0.0
AT2G41400	0	0.0	0.0	0.0
AT3G56520	0	0.0	0.0	0.0
AT1G61840	0	0.0	0.0	0.0
AT4G20790	0	0.0	0.0	0.0
AT1G02330	27	1.644961	12.417942	16.047665
AT2G41710	30	1.261109	9.438483	12.197318
AT3G25060	1	0.035925	0.250808	0.324118
AT4G07365	0	0.000000	0.000000	0.000000
AT4G15310	0	0.0	0.0	0.0
AT5G57520	2	0.129778	0.906037	1.170868
AT1G08457	0	0.000000	0.000000	0.000000
AT2G17700	40	1.415323	9.880986	12.769165
AT1G27270	0	0.0	0.0	0.0
AT5G20790	6	0.353130	2.465354	3.185969
AT1G13880	25	0.855416	7.352395	9.501474
AT2G22910	20	0.662656	4.626290	5.978539
AT3G22540	2	0.192612	1.344708	1.737762
AT5G07365	0	0.0	0.0	0.0
AT2G24103	0	0.0	0.0	0.0
AT3G03590	0	0.000000	0.000000	0.000000
AT5G64820	0	0.000000	0.000000	0.000000
AT5G15310	29	0.786260	10.747236	13.888617
AT3G07170	40	1.869726	19.013500	24.571081
AT4G22130	34	0.952850	6.706535	8.666832
AT5G01615	0	0.000000	0.000000	0.000000
AT5G35770	0	0.0	0.0	0.0
AT5G26680	45	1.706094	12.239888	15.817565
AT3G07265	1	0.018470	0.128947	0.166638
AT4G29548	0	0.0	0.0	0.0
AT3G15210	48	3.026984	21.132694	27.309708
AT5G38660	362	9.206396	138.398026	178.851303
AT2G23300	0	0.000000	0.000000	0.000000
AT4G35770	10	0.554962	5.059810	6.538774
AT3G10415	0	0.0	0.0	0.0
AT5G22130	27	1.065929	7.536537	9.739441
AT4G26680	5	0.121684	1.419424	1.834316
AT3G43580	5	0.226124	1.578670	2.040110
AT4G08868	0	0.0	0.0	0.0
AT4G38660	77	3.283405	24.104742	31.150473
AT1G04797	0	0.000000	0.000000	0.000000
AT3G07730	0	0.000000	0.000000	0.000000
AT1G08400	25	0.687761	4.801559	6.205039
AT1G03860	123	5.760588	48.835140	63.109489
AT1G53680	0	0.000000	0.000000	0.000000
AT1G04310	0	0.000000	0.000000	0.000000
AT1G31050	0	0.000000	0.000000	0.000000
AT3G43840	2	0.084491	0.620007	0.801233
AT2G35910	1	0.059011	0.411981	0.532402
AT5G01755	0	0.0	0.0	0.0
AT1G61580	119	4.320127	44.571251	57.599277
AT2G02640	0	0.0	0.0	0.0
AT4G24110	0	0.0	0.0	0.0
AT1G62020	88	1.627515	11.533485	14.904684
AT2G23690	2	0.140187	0.978706	1.264779
AT5G59080	82	1.824930	16.666929	21.538614
AT4G35130	0	0.0	0.0	0.0
AT5G22770	61	1.203331	8.400978	10.856555
AT5G59732	14	0.468888	3.323373	4.294784
AT1G13540	0	0.000000	0.000000	0.000000
AT3G22880	14	0.706786	5.148634	6.653563
AT4G34590	65	3.751095	26.188028	33.842701
AT1G05577	0	0.0	0.0	0.0
AT1G08127	0	0.0	0.0	0.0
AT5G24110	2	0.113178	0.790145	1.021102
AT1G61093	0	0.0	0.0	0.0
AT4G22770	0	0.0	0.0	0.0
AT5G41970	83	4.492172	31.361809	40.528759
AT2G41650	118	5.224407	36.473862	47.135048
AT4G17713	0	0.0	0.0	0.0
AT3G13680	0	0.0	0.0	0.0
AT4G07505	0	0.0	0.0	0.0
AT4G15400	0	0.0	0.0	0.0
AT4G07050	0	0.0	0.0	0.0
AT4G14548	17	1.701987	11.882314	15.355473
AT1G60030	0	0.000000	0.000000	0.000000
AT3G01035	2	0.423188	2.954460	3.818038
AT5G15400	195	2.495356	17.558960	22.691383
AT5G53130	83	2.349963	16.411980	21.209146
AT5G07050	0	0.0	0.0	0.0
AT3G61640	66	6.125290	42.763317	55.262890
AT1G76465	0	0.000000	0.000000	0.000000
AT2G45080	17	1.294581	9.038034	11.679820
AT1G07967	0	0.000000	0.000000	0.000000
AT3G06765	0	0.0	0.0	0.0
AT5G20450	16	0.553532	4.025391	5.201999
AT1G73550	3	0.300000	2.241837	2.897118
AT4G39330	266	15.412618	107.602196	139.053955
AT2G23410	0	0.0	0.0	0.0
AT2G23560	8	0.437163	3.244650	4.193050
AT1G26770	75	3.769720	26.882381	34.740009
AT3G50895	0	0.0	0.0	0.0
ATCG01160	35	22.834711	159.419067	206.016724
AT5G66020	0	0.0	0.0	0.0
AT2G43330	41	1.474359	10.293143	13.301793
AT1G35680	820	69.834930	487.548096	630.056702
ATMG09960	0	0.0	0.0	0.0
AT5G39330	0	0.0	0.0	0.0
AT5G42100	111	3.492418	29.501968	38.125294
AT3G53540	41	0.841216	6.902608	8.920218
AT4G20450	0	0.0	0.0	0.0
AT5G50950	300	8.916976	81.131660	104.846169
AT2G16200	0	0.0	0.0	0.0
AT5G60810	0	0.0	0.0	0.0
AT3G09900	51	2.800552	19.551874	25.266819
AT2G37470	73	5.785429	40.390602	52.196636
AT4G34660	34	1.580608	11.034913	14.260381
AT1G08797	0	0.000000	0.000000	0.000000
AT2G11005	0	0.0	0.0	0.0
AT1G04400	186	5.427053	38.842598	50.196159
AT4G19110	262	7.720834	87.470360	113.037659
AT5G06330	4	0.152230	1.062784	1.373432
AT5G53770	31	1.274829	8.900137	11.501616
AT1G08310	0	0.000000	0.000000	0.000000
AT2G47015	0	0.000000	0.000000	0.000000
AT1G43640	0	0.0	0.0	0.0
AT3G16785	30	0.503753	3.619379	4.677310
AT3G53880	12	0.649254	5.323694	6.879791
AT3G03660	0	0.0	0.0	0.0
AT5G20120	9	0.447619	3.251087	4.201369
AT5G19110	4	0.177262	1.237543	1.599273
AT4G06330	0	0.0	0.0	0.0
AT2G44900	31	0.582133	4.102543	5.301702
AT2G28930	38	1.626409	13.179911	17.032352
AT2G07794	1	0.086420	0.603336	0.779689
AT5G47820	48	0.915042	6.571779	8.492687
AT1G55210	72	5.521739	38.549664	49.817600
AT1G22680	0	0.0	0.0	0.0
AT5G38590	10	0.380289	2.866473	3.704333
AT5G49040	0	0.000000	0.000000	0.000000
AT5G01495	0	0.000000	0.000000	0.000000
AT4G28110	0	0.0	0.0	0.0
AT2G42860	0	0.0	0.0	0.0
AT2G19930	0	0.0	0.0	0.0
AT1G26130	33	0.511133	3.665359	4.736730
AT4G38590	0	0.000000	0.000000	0.000000
AT2G33040	388	18.361855	128.283386	165.780167
AT1G04127	0	0.0	0.0	0.0
AT3G06230	0	0.0	0.0	0.0
AT4G15650	0	0.0	0.0	0.0
AT2G34820	0	0.0	0.0	0.0
AT4G10530	0	0.0	0.0	0.0
AT1G04607	0	0.0	0.0	0.0
AT4G22370	0	0.000000	0.000000	0.000000
AT4G27652	8	0.861111	6.011791	7.769017
AT5G07230	0	0.0	0.0	0.0
AT2G15970	569	41.859116	292.809387	378.396576
AT5G15650	226	7.652229	53.423542	69.039062
AT3G01255	0	0.0	0.0	0.0
AT1G60250	0	0.0	0.0	0.0
AT3G46820	45	2.116446	14.775832	19.094757
AT5G10530	1	0.008742	0.061032	0.078871
AT4G07230	0	0.0	0.0	0.0
AT5G22370	31	1.434030	11.127675	14.380257
AT5G20600	61	2.610924	18.227999	23.555979
AT3G22270	44	0.947238	6.613081	8.546062
AT3G48020	0	0.0	0.0	0.0
AT1G27540	32	1.244985	8.807424	11.381803
AT2G16535	0	0.0	0.0	0.0
AT4G17785	0	0.0	0.0	0.0
AT4G37900	0	0.000000	0.000000	0.000000
AT1G02170	23	1.248105	8.713566	11.260510
AT4G23713	0	0.0	0.0	0.0
AT3G07330	58	1.514624	11.557990	14.936351
AT4G20600	0	0.0	0.0	0.0
AT4G01355	0	0.0	0.0	0.0
AT1G04710	31	1.443182	10.075482	13.020512
AT1G16520	13	0.704594	4.919078	6.356907
AT2G17690	0	0.000000	0.000000	0.000000
AT5G37900	0	0.0	0.0	0.0
AT3G10140	20	0.892405	6.647151	8.590090
AT4G35370	0	0.000000	0.000000	0.000000
AT5G65910	50	2.086537	17.213938	22.245512
AT1G04650	5	0.107028	0.758044	0.979618
AT1G13270	151	7.830954	58.587257	75.712112
AT2G20613	0	0.0	0.0	0.0
AT5G55850	169	12.722801	93.419258	120.725395
AT1G27880	0	0.000000	0.000000	0.000000
AT5G42620	69	1.382626	11.095749	14.338999
AT5G50361	0	0.000000	0.000000	0.000000
AT5G08995	0	0.0	0.0	0.0
AT5G51110	538	25.864183	189.449585	244.825043
AT1G79910	0	0.000000	0.000000	0.000000
AT1G04397	0	0.000000	0.000000	0.000000
AT1G05247	1	0.038001	0.265302	0.342848
AT5G35370	4	0.097735	0.682331	0.881774
AT3G08850	82	1.249044	9.004084	11.635946
AT3G20290	104	3.665184	26.754055	34.574173
AT5G44470	0	0.0	0.0	0.0
AT2G23700	17	0.451756	3.238939	4.185670
AT3G06050	149	9.688417	81.699997	105.580620
AT5G20390	0	0.0	0.0	0.0
AT5G15710	8	0.263657	1.998611	2.582798
AT1G74890	22	1.573679	10.986539	14.197866
AT4G20390	0	0.000000	0.000000	0.000000
AT1G02730	50	1.010446	7.054363	9.116329
AT2G41310	36	1.091936	8.372738	10.820061
AT1G56385	0	0.0	0.0	0.0
AT4G15710	0	0.000000	0.000000	0.000000
AT4G07765	0	0.0	0.0	0.0
AT2G21430	0	0.000000	0.000000	0.000000
AT5G62848	0	0.000000	0.000000	0.000000
AT2G17300	13	0.908688	6.343947	8.198261
AT2G06935	0	0.0	0.0	0.0
AT4G03150	47	5.123457	35.769085	46.224266
AT1G17750	0	0.000000	0.000000	0.000000
AT1G20693	585	44.230370	308.791473	399.050171
AT3G19235	0	0.0	0.0	0.0
AT3G51500	12	1.369253	9.559352	12.353518
AT2G46420	37	1.018737	9.533716	12.320389
AT1G01380	0	0.000000	0.000000	0.000000
AT1G06920	0	0.0	0.0	0.0
AT4G30200	54	1.534926	10.715988	13.848233
AT5G57030	232	4.674981	32.638077	42.178078
AT5G03150	23	0.794760	5.548566	7.170393
AT5G35405	0	0.0	0.0	0.0
AT3G45320	0	0.0	0.0	0.0
AT3G49790	6	0.220559	1.539819	1.989902
AT4G00930	21	0.416815	3.013125	3.893851
AT1G23350	1	0.036145	0.252344	0.326103
AT5G06115	0	0.000000	0.000000	0.000000
AT3G09032	3	0.213867	1.493099	1.929526
AT5G09870	231	4.447318	31.048664	40.124084
AT5G45220	0	0.000000	0.000000	0.000000
AT1G67950	47	2.267230	18.901791	24.426720
AT1G08135	0	0.0	0.0	0.0
AT5G60285	1	0.010147	0.070841	0.091547
AT5G00930	0	0.0	0.0	0.0
AT4G21180	102	2.968692	24.068590	31.103758
AT2G13547	0	0.0	0.0	0.0
AT1G79480	0	0.000000	0.000000	0.000000
AT4G09870	0	0.0	0.0	0.0
AT4G06115	1	0.047393	0.330871	0.427584
AT2G08120	0	0.000000	0.000000	0.000000
AT5G65480	161	10.734324	74.941002	96.845985
AT1G64460	13	0.450893	3.147881	4.067995
AT1G64510	883	77.040390	548.194824	708.430298
AT3G30300	43	1.200629	9.266320	11.974833
AT3G09780	2	0.053630	0.374414	0.483854
AT1G11360	26	1.167518	9.249480	11.953073
AT3G12350	17	0.723872	5.190718	6.707948
AT4G36870	29	0.587440	5.459294	7.055027
AT5G56350	75	2.705936	18.891317	24.413185
AT3G28760	15	0.745183	5.478235	7.079504
AT2G09205	0	0.000000	0.000000	0.000000
AT5G40155	0	0.000000	0.000000	0.000000
AT2G08450	0	0.0	0.0	0.0
AT3G25670	0	0.000000	0.000000	0.000000
AT1G48950	23	0.785084	5.481014	7.083095
AT2G07751	5	0.896359	6.257873	8.087028
AT5G36870	0	0.0	0.0	0.0
AT5G02502	52	7.888676	55.074287	71.172310
AT5G63290	0	0.000000	0.000000	0.000000
AT3G27990	31	0.472152	3.362629	4.345515
AT3G45645	0	0.000000	0.000000	0.000000
AT3G21830	0	0.0	0.0	0.0
AT5G38070	8	0.577621	4.032624	5.211346
AT5G03420	27	0.961091	7.250913	9.370329
AT3G63390	13	1.094017	7.637810	9.870315
AT5G43935	0	0.0	0.0	0.0
AT1G76240	21	1.315961	9.187297	11.872713
AT4G12250	15	0.610679	4.263416	5.509598
AT3G19760	156	7.047159	49.199291	63.580070
AT1G62530	0	0.0	0.0	0.0
AT4G38070	0	0.000000	0.000000	0.000000
AT4G03420	45	1.764216	12.316760	15.916907
AT1G10588	0	0.0	0.0	0.0
AT3G57490	79	5.086570	35.511562	45.891468
AT1G17610	7	0.168735	2.479750	3.204573
AT2G46150	0	0.0	0.0	0.0
AT5G04685	0	0.0	0.0	0.0
AT5G54865	0	0.0	0.0	0.0
AT3G56250	0	0.000000	0.000000	0.000000
AT2G37140	0	0.000000	0.000000	0.000000
AT2G04790	24	1.478577	12.576986	16.253197
AT5G12250	0	0.000000	0.000000	0.000000
AT5G56490	2	0.075656	0.552057	0.713421
AT3G05180	33	1.614892	12.632517	16.324959
AT3G12490	173	13.628339	110.875488	143.284012
AT3G18630	6	0.303732	2.120486	2.740296
AT1G09027	0	0.000000	0.000000	0.000000
AT1G07847	5	1.824121	12.734983	16.457376
AT2G14825	12	1.255968	8.768460	11.331450
AT4G26990	5	0.196677	1.373088	1.774437
AT4G35655	0	0.0	0.0	0.0
AT5G57250	26	0.379193	2.647311	3.421112
AT3G26855	0	0.0	0.0	0.0
AT5G24260	51	0.928325	10.643918	13.755098
AT1G25280	49	1.638465	12.514531	16.172485
AT2G08390	0	0.0	0.0	0.0
AT3G19055	0	0.0	0.0	0.0
AT5G26990	32	1.050812	9.763949	12.617919
AT3G19500	0	0.0	0.0	0.0
AT5G58180	0	0.0	0.0	0.0
AT1G14830	144	2.250737	15.713375	20.306341
AT3G61177	0	0.0	0.0	0.0
AT5G44140	0	0.000000	0.000000	0.000000
AT4G24260	2	0.033496	0.262725	0.339519
AT1G06633	0	0.0	0.0	0.0
AT3G45190	77	1.881863	13.373234	17.282185
AT2G07722	0	0.0	0.0	0.0
AT4G24175	13	0.684775	5.319436	6.874288
AT1G77340	1	0.042478	0.296557	0.383240
AT4G17905	8	0.440120	3.460935	4.472555
AT3G63450	11	0.299125	2.737728	3.537957
AT5G14010	0	0.0	0.0	0.0
AT4G37780	0	0.0	0.0	0.0
AT3G29630	0	0.0	0.0	0.0
AT2G36530	800	28.926764	202.867447	262.164917
AT3G59884	0	0.0	0.0	0.0
AT3G24360	0	0.000000	0.000000	0.000000
AT1G03506	0	0.0	0.0	0.0
AT3G57350	12	0.324567	2.265944	2.928271
AT1G49800	0	0.0	0.0	0.0
AT3G28500	1	0.077813	0.543246	0.702036
AT3G44530	8	0.137307	1.021189	1.319679
AT3G23810	649	26.841097	187.389389	242.162659
AT5G37780	159	11.130053	97.925652	126.548988
AT4G14010	4	0.367300	2.564281	3.313812
AT1G32280	0	0.0	0.0	0.0
AT5G05830	23	1.626048	11.352150	14.670344
AT1G54630	0	0.000000	0.000000	0.000000
AT2G07746	0	0.0	0.0	0.0
AT3G07115	0	0.0	0.0	0.0
AT3G15160	42	1.314593	10.515208	13.588767
AT3G58830	30	1.556962	11.441525	14.785845
AT1G74456	6	5.780488	40.356106	52.152058
AT2G09530	0	0.0	0.0	0.0
AT2G02148	11	0.396049	3.159770	4.083360
AT2G23980	25	0.633025	4.532334	5.857120
AT1G12810	34	3.110332	22.174959	28.656624
AT3G63120	37	1.590217	11.114083	14.362691
AT2G21740	0	0.000000	0.000000	0.000000
AT1G23490	492	23.971933	179.516098	231.988037
AT5G12030	0	0.0	0.0	0.0
AT1G07587	1	0.073153	0.510713	0.659993
AT3G56030	3	0.166451	1.162067	1.501735
AT5G24735	48	6.374576	44.503693	57.511971
AT5G01670	15	0.754183	5.528543	7.144517
AT2G01950	15	0.315861	2.205163	2.849725
AT1G02440	0	0.000000	0.000000	0.000000
AT5G35715	0	0.0	0.0	0.0
AT2G42940	2	0.073696	0.514504	0.664892
AT1G53990	0	0.0	0.0	0.0
AT1G52750	0	0.000000	0.000000	0.000000
AT5G65687	23	0.888944	6.541919	8.454100
AT3G51760	8	0.290551	3.165872	4.091245
AT4G12030	123	4.444092	31.026142	40.094978
AT4G01670	21	1.410073	9.844335	12.721799
AT1G17065	0	0.000000	0.000000	0.000000
AT3G10470	0	0.0	0.0	0.0
AT1G05010	267	13.947679	97.374825	125.837151
AT2G03520	0	0.0	0.0	0.0
AT3G02395	0	0.0	0.0	0.0
AT4G06805	5	0.754098	5.264687	6.803536
AT1G14470	0	0.000000	0.000000	0.000000
AT2G39270	51	3.498018	24.421188	31.559418
AT5G43270	34	0.859837	6.929019	8.954348
AT1G57100	0	0.0	0.0	0.0
AT1G12620	7	0.201337	1.405621	1.816480
AT1G77815	0	0.0	0.0	0.0
AT1G80110	0	0.000000	0.000000	0.000000
AT5G10180	129	4.008985	27.988472	36.169407
AT5G08550	27	0.687055	4.796630	6.198669
AT1G51040	0	0.0	0.0	0.0
AT5G08005	0	0.0	0.0	0.0
AT1G75540	70	3.551241	24.792761	32.039600
AT4G10180	56	2.221560	15.696823	20.284950
AT5G54020	0	0.0	0.0	0.0
AT3G50630	16	1.099115	8.172426	10.561199
AT2G14755	0	0.0	0.0	0.0
AT5G02295	0	0.000000	0.000000	0.000000
AT4G08550	0	0.0	0.0	0.0
AT2G22050	0	0.0	0.0	0.0
AT3G55005	21	1.324921	9.249850	11.953550
AT3G55550	0	0.0	0.0	0.0
AT1G72060	0	0.000000	0.000000	0.000000
AT4G08005	0	0.000000	0.000000	0.000000
AT1G20360	0	0.0	0.0	0.0
AT1G11303	0	0.000000	0.000000	0.000000
AT1G52820	0	0.000000	0.000000	0.000000
AT3G58470	36	2.747158	19.179108	24.785095
AT4G13195	13	0.691156	4.825262	6.235669
AT4G37090	27	2.321311	16.206083	20.943066
AT3G02605	0	0.0	0.0	0.0
AT1G07795	0	0.0	0.0	0.0
AT1G75880	11	0.574232	4.016839	5.190947
AT4G05470	0	0.0	0.0	0.0
AT5G22794	5	0.099563	0.695093	0.898266
AT3G28970	51	2.906205	21.548830	27.847479
AT5G05470	41	2.530053	17.663401	22.826355
AT4G00160	0	0.0	0.0	0.0
AT1G31910	180	2.843769	21.206482	27.405064
AT5G46520	11	0.190398	1.337434	1.728361
AT1G05387	0	0.0	0.0	0.0
AT3G19970	19	0.557532	4.108533	5.309443
AT3G23620	152	7.579177	59.938782	77.458679
AT2G35050	123	1.931509	13.917492	17.985527
AT1G61370	0	0.000000	0.000000	0.000000
AT3G23100	24	1.208415	13.050566	16.865200
AT1G49110	0	0.0	0.0	0.0
AT2G35765	0	0.0	0.0	0.0
AT5G61680	0	0.000000	0.000000	0.000000
AT4G13640	53	2.821138	21.391245	27.643833
AT1G03200	0	0.000000	0.000000	0.000000
AT3G15930	0	0.000000	0.000000	0.000000
AT2G04080	47	1.630125	13.920871	17.989895
AT1G28040	0	0.0	0.0	0.0
AT3G47520	201	7.533114	56.353203	72.825050
AT5G13640	57	1.246978	10.146889	13.112789
AT2G06906	0	0.0	0.0	0.0
AT2G22230	73	6.008239	41.946133	54.206844
AT1G58848	98	1.203714	18.669394	24.126392
AT3G53294	0	0.0	0.0	0.0
AT1G26840	0	0.000000	0.000000	0.000000
AT4G09430	0	0.000000	0.000000	0.000000
AT5G53580	131	7.106122	49.610935	64.112038
AT1G17820	77	2.027411	14.567993	18.826168
AT1G19040	0	0.0	0.0	0.0
AT1G70980	24	0.792741	5.744199	7.423210
AT2G44090	58	1.503581	10.614632	13.717251
AT1G33930	11	0.508207	4.225605	5.460734
AT5G09430	0	0.000000	0.000000	0.000000
AT3G02125	0	0.0	0.0	0.0
AT1G72755	0	0.000000	0.000000	0.000000
AT4G16745	0	0.000000	0.000000	0.000000
AT3G60510	12	0.486253	3.689689	4.768172
AT5G36430	0	0.0	0.0	0.0
AT3G60460	0	0.000000	0.000000	0.000000
AT2G14060	0	0.0	0.0	0.0
AT1G34300	52	1.457163	10.173090	13.146649
AT5G53840	0	0.0	0.0	0.0
AT1G26580	104	2.750332	19.942833	25.772057
AT3G13225	43	0.993632	6.936978	8.964633
AT4G36430	0	0.000000	0.000000	0.000000
AT3G09090	49	1.175406	9.012747	11.647142
AT2G05900	0	0.0	0.0	0.0
AT1G57620	28	1.997268	13.943798	18.019522
AT1G64385	36	1.686910	12.068815	15.596488
AT1G12100	0	0.000000	0.000000	0.000000
AT1G30420	14	0.209881	1.465271	1.893564
AT2G24210	0	0.0	0.0	0.0
AT3G51970	10	0.598569	4.178871	5.400341
AT2G35230	13	0.467586	3.264422	4.218601
AT3G49080	78	3.526317	24.618753	31.814734
AT3G21470	2	0.088058	0.614771	0.794467
AT3G44180	0	0.000000	0.000000	0.000000
AT1G07777	0	0.0	0.0	0.0
AT3G06975	0	0.0	0.0	0.0
AT2G32630	0	0.0	0.0	0.0
AT2G38490	0	0.0	0.0	0.0
AT1G77280	11	0.293982	2.052416	2.652331
AT3G58140	233	10.230997	74.930397	96.832291
AT5G60100	14	0.387522	2.785914	3.600227
AT5G42810	21	0.835836	6.094123	7.875414
AT4G05140	0	0.0	0.0	0.0
AT1G68905	0	0.0	0.0	0.0
AT1G53000	85	4.775123	33.668457	43.509628
AT2G36180	0	0.0	0.0	0.0
AT1G78150	77	3.672651	29.548325	38.185200
AT2G28160	0	0.0	0.0	0.0
AT5G05140	17	0.452177	3.289932	4.251567
AT3G04190	0	0.0	0.0	0.0
AT5G11450	228	14.394161	100.491913	129.865356
AT1G56510	30	0.643995	4.496010	5.810178
AT1G56460	23	0.798238	5.840425	7.547561
AT3G46750	0	0.0	0.0	0.0
AT5G58530	12	0.634532	4.429944	5.724802
AT1G25340	0	0.0	0.0	0.0
AT1G24290	4	0.174551	1.218616	1.574814
AT2G19160	19	0.538121	4.405147	5.692756
AT2G34750	161	5.331115	37.218838	48.097775
AT4G11450	0	0.000000	0.000000	0.000000
AT1G26960	13	0.729270	5.401425	6.980243
AT3G21305	0	0.000000	0.000000	0.000000
AT3G05530	162	7.593201	53.011444	68.506508
AT5G59600	1	0.012411	0.086647	0.111973
AT1G70410	270	8.853568	77.239510	99.816368
AT5G23510	0	0.000000	0.000000	0.000000
AT5G23460	6	0.452381	3.158269	4.081420
AT1G70560	42	1.960667	14.837806	19.174847
AT5G44830	0	0.0	0.0	0.0
AT1G04513	0	0.000000	0.000000	0.000000
AT1G04463	0	0.000000	0.000000	0.000000
AT3G59290	19	0.399107	2.786340	3.600777
AT4G11120	94	1.119730	8.076649	10.437426
AT2G20550	0	0.000000	0.000000	0.000000
AT3G01319	0	0.000000	0.000000	0.000000
AT2G34610	0	0.0	0.0	0.0
AT1G14140	26	0.831912	12.406731	16.033175
AT2G25630	0	0.0	0.0	0.0
AT4G23510	0	0.0	0.0	0.0
AT4G23460	67	1.698433	11.945362	15.436951
AT4G28800	0	0.0	0.0	0.0
AT5G53960	0	0.0	0.0	0.0
AT5G37570	5	0.151052	1.058058	1.367324
AT5G64350	226	6.441898	46.432480	60.004536
AT3G46610	26	0.447020	5.721328	7.393653
AT1G07137	0	0.0	0.0	0.0
AT2G09180	0	0.0	0.0	0.0
AT4G26000	24	0.949525	6.629048	8.566696
AT1G32340	7	0.197005	1.375378	1.777396
AT1G11915	0	0.000000	0.000000	0.000000
AT2G21870	455	29.264090	204.965485	264.876190
AT3G08720	7	0.148570	1.489957	1.925466
AT4G26555	75	5.429487	43.207649	55.837101
AT5G19800	0	0.0	0.0	0.0
AT1G78420	33	1.245987	8.702883	11.246706
AT5G55720	0	0.000000	0.000000	0.000000
AT5G26000	2834	119.714737	838.152832	1083.141968
AT2G15500	0	0.0	0.0	0.0
AT2G07405	0	0.0	0.0	0.0
AT4G19800	0	0.0	0.0	0.0
AT5G59390	0	0.0	0.0	0.0
AT1G44010	0	0.0	0.0	0.0
AT3G27555	0	0.0	0.0	0.0
AT2G18670	31	2.058459	14.370999	18.571592
AT5G18950	10	0.406405	2.837290	3.666621
AT3G27000	17	0.776207	5.490173	7.094932
AT4G21530	15	0.437079	3.051439	3.943364
AT4G05305	0	0.0	0.0	0.0
AT1G06547	1	0.941176	6.570760	8.491370
AT2G07715	0	0.000000	0.000000	0.000000
AT2G20208	0	0.000000	0.000000	0.000000
AT2G15760	4	0.211470	1.476364	1.907900
AT2G24545	2	0.049008	0.619470	0.800539
AT4G18950	50	1.786588	13.052534	16.867744
AT5G41360	14	0.372635	2.620978	3.387080
AT3G04320	0	0.0	0.0	0.0
AT5G64490	2	0.133764	0.933865	1.206830
AT1G10155	0	0.000000	0.000000	0.000000
AT1G31480	0	0.000000	0.000000	0.000000
AT3G18895	0	0.0	0.0	0.0
AT5G09740	18	0.873046	6.095114	7.876696
AT2G31990	0	0.0	0.0	0.0
AT2G07638	0	0.000000	0.000000	0.000000
AT5G11600	0	0.000000	0.000000	0.000000
AT3G05205	0	0.000000	0.000000	0.000000
AT5G04220	0	0.000000	0.000000	0.000000
AT5G47610	19	1.487854	10.387357	13.423546
AT2G29670	201	6.427255	47.843723	61.828281
AT1G01240	39	1.450306	10.129993	13.090956
AT4G09740	0	0.0	0.0	0.0
AT3G60245	904	107.501488	750.514709	969.887634
AT4G11600	324	19.332586	139.235779	179.933914
AT3G62010	70	1.264309	8.826692	11.406704
ATCG00670	1700	93.236626	657.003357	849.043213
AT1G70700	152	6.526429	47.672337	61.606796
AT2G44570	0	0.0	0.0	0.0
AT5G59450	40	1.362430	9.511717	12.291960
AT4G04220	0	0.000000	0.000000	0.000000
AT4G29950	30	0.693905	5.094249	6.583281
ATMG00460	1	0.086420	0.603336	0.779689
AT3G21140	30	0.800751	5.626863	7.271575
ATMG00510	49	0.602851	6.135104	7.928374
AT2G38350	0	0.000000	0.000000	0.000000
AT1G18415	13	0.371975	2.596920	3.355990
AT1G06045	0	0.000000	0.000000	0.000000
AT4G36740	0	0.0	0.0	0.0
AT4G05695	0	0.000000	0.000000	0.000000
AT1G62180	269	10.495363	73.272705	94.690063
AT1G76380	4	0.106001	0.787883	1.018178
AT5G59120	0	0.0	0.0	0.0
AT1G71920	9	0.373308	2.926262	3.781598
AT5G47750	0	0.000000	0.000000	0.000000
AT5G36740	3	0.039609	0.278685	0.360144
AT1G52342	40	2.333333	16.290014	21.051529
AT3G09570	50	2.077936	14.506976	18.747314
AT3G22935	0	0.0	0.0	0.0
AT1G08087	1	0.069012	0.481803	0.622632
AT5G05695	0	0.0	0.0	0.0
AT3G11290	18	0.634502	4.429735	5.724531
AT1G66630	0	0.0	0.0	0.0
AT5G11390	21	0.548453	4.066833	5.255554
AT3G04645	0	0.0	0.0	0.0
AT5G33320	279	12.556588	87.663010	113.286613
AT4G11390	0	0.0	0.0	0.0
AT1G08845	3	0.175455	1.725245	2.229529
AT5G51800	0	0.0	0.0	0.0
AT2G07655	0	0.000000	0.000000	0.000000
AT1G63260	26	1.131886	8.600997	11.115038
AT5G07975	0	0.000000	0.000000	0.000000
AT4G33320	1	0.083049	0.579801	0.749275
AT1G15220	11	0.541738	4.682763	6.051519
AT5G60620	51	2.864830	20.000626	25.846741
AT2G45790	156	10.323944	72.075958	93.143509
AT4G05415	0	0.0	0.0	0.0
AT5G55320	0	0.0	0.0	0.0
AT4G17510	43	3.043321	21.246748	27.457102
AT4G05565	0	0.0	0.0	0.0
AT2G14670	0	0.0	0.0	0.0
AT4G17460	22	1.103335	8.156293	10.540349
AT2G03250	0	0.0	0.0	0.0
AT5G14950	50	0.938955	6.555254	8.471333
AT5G02045	0	0.000000	0.000000	0.000000
AT3G47030	0	0.0	0.0	0.0
AT3G58415	0	0.0	0.0	0.0
AT5G59790	0	0.000000	0.000000	0.000000
AT5G66180	9	0.408384	3.224118	4.166516
AT2G30100	22	0.872139	6.088782	7.868513
AT4G14950	27	1.004730	7.037762	9.094875
AT5G05415	0	0.0	0.0	0.0
AT5G17510	35	1.225792	10.296075	13.305582
AT5G17460	20	0.433623	4.156579	5.371533
AT5G05565	0	0.0	0.0	0.0
AT1G32740	3	0.102412	0.899893	1.162929
AT4G00210	0	0.000000	0.000000	0.000000
AT5G41500	0	0.0	0.0	0.0
AT1G51290	0	0.0	0.0	0.0
AT5G62630	49	1.562877	10.911126	14.100410
AT1G05907	0	0.000000	0.000000	0.000000
AT1G10747	0	0.000000	0.000000	0.000000
AT5G15845	0	0.000000	0.000000	0.000000
AT5G64750	0	0.000000	0.000000	0.000000
AT2G21280	129	6.380769	47.739410	61.693481
AT4G36105	0	0.0	0.0	0.0
AT2G06215	0	0.000000	0.000000	0.000000
AT2G45120	1	0.051264	0.357896	0.462508
AT3G55220	50	0.888951	6.697850	8.655608
AT2G34350	0	0.0	0.0	0.0
AT2G01010	122	5.392699	37.648781	48.653393
AT5G07480	0	0.0	0.0	0.0
AT4G09105	0	0.0	0.0	0.0
AT2G45450	24	1.937952	13.529687	17.484369
AT5G64610	34	1.460607	11.036254	14.262113
AT1G77870	10	0.605985	4.230645	5.467248
AT1G05950	12	0.291950	2.195201	2.836850
AT3G46350	0	0.0	0.0	0.0
AT2G30933	0	0.000000	0.000000	0.000000
AT5G09105	0	0.0	0.0	0.0
AT4G30860	0	0.000000	0.000000	0.000000
AT1G04087	0	0.0	0.0	0.0
AT4G06599	28	1.803686	12.592318	16.273010
AT5G47490	19	0.280155	1.983321	2.563039
AT4G20080	0	0.0	0.0	0.0
AT3G08645	0	0.000000	0.000000	0.000000
AT1G80260	26	0.525148	4.124842	5.330519
AT5G01825	0	0.0	0.0	0.0
AT5G46250	77	3.661853	25.688646	33.197350
AT5G37240	0	0.0	0.0	0.0
AT5G20080	125	5.968881	41.671360	53.851753
AT4G37240	4	0.352518	2.461082	3.180448
AT3G48180	2	0.241776	1.687944	2.181324
AT4G11790	45	2.036384	14.216885	18.372431
AT1G19290	14	0.301414	2.104610	2.719780
AT2G34490	34	1.322282	9.231426	11.929741
AT1G01570	0	0.0	0.0	0.0
AT4G33720	0	0.0	0.0	0.0
AT3G54140	58	1.960498	13.877769	17.934193
AT4G25719	0	0.000000	0.000000	0.000000
AT1G70690	0	0.000000	0.000000	0.000000
AT2G45390	0	0.0	0.0	0.0
AT2G44240	0	0.0	0.0	0.0
AT5G11790	134	3.895155	33.071426	42.738087
AT3G46490	26	0.963326	8.221053	10.624038
AT1G74150	0	0.000000	0.000000	0.000000
AT2G03030	0	0.0	0.0	0.0
AT3G47250	113	4.251537	34.492901	44.575058
AT3G08190	0	0.0	0.0	0.0
AT5G47350	2	0.091160	0.801629	1.035943
AT5G36340	0	0.0	0.0	0.0
AT5G54530	0	0.000000	0.000000	0.000000
AT2G05380	651	56.845730	398.527679	515.015991
AT1G28290	214	11.530364	80.498497	104.027931
AT2G38750	66	2.921569	20.396746	26.358644
AT1G22000	0	0.0	0.0	0.0
AT5G55190	170	12.184587	85.065903	109.930389
AT3G06480	11	0.221353	1.569929	2.028814
AT1G06277	1	0.411111	2.870145	3.709079
AT5G61990	15	0.332955	2.324504	3.003948
AT1G76780	16	0.171115	1.250361	1.615837
AT5G35960	0	0.000000	0.000000	0.000000
AT4G24644	0	0.0	0.0	0.0
AT4G09340	37	1.543203	10.773772	13.922910
AT1G08513	0	0.000000	0.000000	0.000000
AT5G48830	52	1.954133	14.355995	18.552204
AT1G08463	12	4.139131	28.897078	37.343594
AT5G24800	0	0.000000	0.000000	0.000000
AT1G70300	15	0.391522	2.733386	3.532345
AT2G38610	33	1.636931	11.428128	14.768532
AT1G18140	0	0.000000	0.000000	0.000000
AT2G45600	15	0.767518	5.358377	6.924613
AT5G09340	0	0.0	0.0	0.0
AT4G24800	0	0.000000	0.000000	0.000000
AT5G10945	0	0.000000	0.000000	0.000000
AT3G13000	37	0.907649	7.778171	10.051704
AT1G29140	0	0.0	0.0	0.0
AT5G41760	34	1.453226	10.619483	13.723521
AT4G22960	0	0.0	0.0	0.0
AT5G52460	0	0.0	0.0	0.0
AT5G52510	13	0.443680	3.097523	4.002919
AT4G18501	5	0.655357	4.575333	5.912687
AT2G30620	269	12.903361	90.083992	116.415230
AT3G16510	12	0.581472	4.059509	5.246090
AT2G16940	115	3.422156	24.987326	32.291035
AT3G04720	88	6.198413	43.273819	55.922611
AT3G16460	4	0.100771	0.818092	1.057217
AT5G05705	0	0.0	0.0	0.0
AT1G74420	3	0.107507	0.789349	1.020073
AT3G09240	0	0.000000	0.000000	0.000000
AT5G46030	113	7.695540	70.704765	91.371529
AT5G22960	0	0.0	0.0	0.0
AT1G49260	0	0.0	0.0	0.0
AT1G72670	31	1.224531	8.924417	11.532995
AT2G27920	54	2.313279	17.273491	22.322472
AT4G05705	0	0.0	0.0	0.0
AT1G48010	0	0.0	0.0	0.0
AT2G15360	0	0.0	0.0	0.0
AT2G07315	0	0.0	0.0	0.0
AT5G21020	151	13.376667	93.388336	120.685432
AT1G61770	74	4.445040	31.032763	40.103531
AT5G22580	283	23.909958	166.925827	215.717682
AT1G32430	0	0.0	0.0	0.0
AT4G00885	0	0.0	0.0	0.0
AT2G46890	15	0.940562	6.566473	8.485830
AT5G23575	151	5.301534	37.012321	47.830894
AT1G70475	0	0.000000	0.000000	0.000000
AT4G21020	0	0.0	0.0	0.0
AT1G75270	117	7.707884	60.658161	78.388336
AT4G22580	29	1.327878	9.270495	11.980228
AT1G24040	71	3.585938	26.250923	33.923981
AT5G50665	41	1.792960	16.700224	21.581640
AT5G00885	0	0.0	0.0	0.0
AT1G05787	1	0.013640	0.095227	0.123061
AT2G42200	18	0.563247	4.023450	5.199491
AT5G16100	0	0.0	0.0	0.0
AT3G17620	0	0.000000	0.000000	0.000000
AT5G35840	36	0.720995	5.214958	6.739272
AT3G52100	21	0.617636	4.568840	5.904296
AT5G43540	0	0.0	0.0	0.0
AT1G11970	0	0.0	0.0	0.0
AT1G20760	55	1.238776	8.648435	11.176343
AT5G35604	0	0.0	0.0	0.0
AT4G16100	15	0.655462	4.694415	6.066576
AT4G35840	22	1.152531	8.611797	11.128995
AT3G26640	24	1.126769	7.866465	10.165806
AT2G48090	0	0.0	0.0	0.0
AT2G39540	0	0.0	0.0	0.0
AT5G35580	0	0.0	0.0	0.0
AT2G19210	0	0.0	0.0	0.0
AT5G43880	21	0.420656	2.943673	3.804099
AT1G34410	0	0.0	0.0	0.0
AT1G34560	0	0.0	0.0	0.0
AT2G18060	0	0.000000	0.000000	0.000000
AT3G06910	7	0.264326	1.845375	2.384772
AT4G35580	0	0.000000	0.000000	0.000000
AT1G55930	28	0.751463	5.394855	6.971754
AT2G39880	16	0.900433	6.286315	8.123783
AT1G61130	0	0.0	0.0	0.0
AT1G79050	275	9.984025	69.702827	90.076729
AT4G26225	0	0.0	0.0	0.0
AT5G03890	4	0.302564	2.112331	2.729758
AT2G29060	0	0.000000	0.000000	0.000000
AT5G22840	0	0.000000	0.000000	0.000000
AT2G28210	24	0.648427	4.705578	6.081003
AT5G65050	62	1.428530	32.252544	41.679852
AT1G78635	0	0.0	0.0	0.0
AT3G59040	76	2.497320	18.287012	23.632244
AT3G02795	1	0.329238	2.298554	2.970413
AT3G03955	0	0.0	0.0	0.0
AT4G17245	45	5.411498	37.780025	48.822998
AT4G22840	22	1.052533	7.822742	10.109301
ATCG00060	0	0.000000	0.000000	0.000000
AT2G16860	140	6.184137	43.174152	55.793812
AT5G56820	0	0.0	0.0	0.0
AT1G63110	44	1.718062	12.540857	16.206507
AT3G12820	4	0.226837	1.692509	2.187224
AT1G01090	276	11.628164	81.181282	104.910294
AT1G18470	125	3.467433	28.922258	37.376133
AT2G31680	20	1.573333	10.984123	14.194745
AT3G09465	0	0.0	0.0	0.0
AT2G09945	0	0.000000	0.000000	0.000000
AT3G09515	2	1.022222	7.136577	9.222575
AT5G50010	5	0.180470	1.259940	1.628216
AT1G29470	323	8.337964	59.459709	76.839577
AT1G50830	1	0.026459	0.184722	0.238715
AT1G09187	0	0.0	0.0	0.0
AT3G52345	0	0.000000	0.000000	0.000000
AT3G05020	70	7.710589	53.830982	69.565590
AT5G04550	131	3.638483	25.401834	32.826706
AT5G04005	0	0.000000	0.000000	0.000000
AT5G58020	42	2.534145	17.691971	22.863274
AT1G59970	13	0.653165	4.560030	5.892910
AT5G07910	32	1.114350	10.057317	12.997036
AT4G04005	0	0.000000	0.000000	0.000000
AT1G76900	44	1.067658	8.966307	11.587128
AT4G30940	7	0.249397	1.741149	2.250081
AT4G16620	5	0.185488	1.431788	1.850294
AT3G54470	133	5.920493	41.333542	53.415195
AT1G20500	0	0.0	0.0	0.0
AT5G27640	164	3.831675	31.962227	41.304676
AT3G17100	68	3.389862	23.666105	30.583624
AT5G16620	139	5.668029	41.813263	54.035137
AT3G52620	0	0.0	0.0	0.0
AT3G45850	51	1.060966	7.706031	9.958479
AT4G28706	58	2.333333	20.408978	26.374453
AT4G27640	111	2.412329	16.841520	21.764238
AT1G23820	53	2.955477	29.051107	37.542645
AT2G10625	0	0.0	0.0	0.0
AT3G11040	0	0.000000	0.000000	0.000000
AT5G05985	0	0.0	0.0	0.0
AT1G10630	111	6.118137	47.171570	60.959660
AT5G65230	4	0.216236	1.509638	1.950900
AT1G79230	116	4.790456	36.741047	47.480331
AT4G05985	0	0.0	0.0	0.0
AT1G15550	6	0.289093	2.018284	2.608222
AT3G63080	78	5.429571	37.906200	48.986053
AT1G62333	0	0.0	0.0	0.0
AT4G13860	0	0.000000	0.000000	0.000000
AT3G24060	2	0.315315	2.201351	2.844799
AT4G18400	22	3.155431	22.029438	28.468569
AT3G33494	0	0.0	0.0	0.0
AT3G03130	0	0.000000	0.000000	0.000000
AT3G57050	156	5.915045	47.032234	60.779598
AT1G23230	31	0.458824	3.288745	4.250034
AT1G11755	2	0.103242	0.751719	0.971444
AT4G14310	0	0.000000	0.000000	0.000000
AT1G79820	46	1.313039	13.549389	17.509829
AT5G13860	7	0.331392	2.313592	2.989847
AT5G18400	77	3.773145	29.227041	37.770008
AT2G32930	8	0.233687	1.828319	2.362731
AT3G06675	0	0.0	0.0	0.0
AT1G77040	0	0.0	0.0	0.0
AT5G65820	0	0.0	0.0	0.0
AT5G14310	0	0.000000	0.000000	0.000000
AT2G48080	0	0.0	0.0	0.0
AT4G32110	0	0.0	0.0	0.0
AT5G03540	59	1.783238	13.465228	17.401068
AT1G26660	10	0.748588	5.623344	7.267028
AT3G14210	1677	68.762177	480.058685	620.378235
AT3G20740	34	1.625000	11.961797	15.458189
AT4G29400	26	1.601537	11.181027	14.449203
AT4G00895	232	21.602804	150.818588	194.902344
AT2G46880	0	0.000000	0.000000	0.000000
AT5G22590	0	0.0	0.0	0.0
AT5G59900	3	0.057754	0.403206	0.521062
AT1G71100	22	1.012026	7.065394	9.130585
AT4G03540	0	0.0	0.0	0.0
AT1G09327	2	0.137743	0.961644	1.242729
AT4G34770	12	1.292350	9.022459	11.659692
AT5G00895	0	0.000000	0.000000	0.000000
AT1G05797	0	0.0	0.0	0.0
AT2G08090	0	0.0	0.0	0.0
AT1G47395	19	1.756302	12.261509	15.845507
AT4G22590	16	0.705615	4.926206	6.366119
AT1G07653	0	0.000000	0.000000	0.000000
AT4G20570	0	0.0	0.0	0.0
AT5G53660	0	0.000000	0.000000	0.000000
AT5G03880	150	6.196867	52.461079	67.795273
AT5G02875	0	0.000000	0.000000	0.000000
AT4G12330	0	0.000000	0.000000	0.000000
AT1G50220	0	0.0	0.0	0.0
AT2G13100	42	1.323257	9.238234	11.938538
AT2G46540	97	13.598739	94.938721	122.688988
AT3G46910	0	0.0	0.0	0.0
AT1G05310	0	0.000000	0.000000	0.000000
AT2G37550	74	2.959132	21.543571	27.840685
AT5G20570	115	9.861588	79.610893	102.880882
AT1G73470	70	2.782391	19.601589	25.331066
AT4G36052	0	0.000000	0.000000	0.000000
AT5G12330	2	0.059153	0.618346	0.799086
AT3G56330	20	1.101010	7.686630	9.933407
AT2G25930	55	1.109188	7.956352	10.281965
AT3G03770	45	1.087035	7.964548	10.292558
AT3G02785	0	0.000000	0.000000	0.000000
AT2G34910	0	0.000000	0.000000	0.000000
AT5G35590	120	7.922629	55.311325	71.478638
AT5G43890	0	0.0	0.0	0.0
AT4G21850	10	0.541116	5.729755	7.404543
AT5G61560	0	0.000000	0.000000	0.000000
AT5G61410	1268	62.019627	473.529053	611.940002
AT1G58210	16	1.008052	7.037650	9.094731
AT5G56230	4	0.288253	2.012420	2.600643
AT3G27835	0	0.000000	0.000000	0.000000
AT1G26218	22	1.541794	10.763935	13.910197
AT3G12230	0	0.0	0.0	0.0
AT4G25110	10	0.436066	3.044367	3.934225
AT4G35590	0	0.000000	0.000000	0.000000
AT4G15075	0	0.0	0.0	0.0
AT5G40545	0	0.0	0.0	0.0
AT1G04577	1	0.306723	2.141367	2.767281
AT5G25110	0	0.0	0.0	0.0
AT2G39890	42	1.554721	11.647457	15.051970
AT1G09197	0	0.0	0.0	0.0
AT4G18650	0	0.0	0.0	0.0
AT3G13674	31	3.182990	22.221840	28.717209
AT3G24615	1	0.038318	0.267515	0.345708
AT1G69200	69	2.366969	16.524843	21.354998
AT1G28815	0	0.000000	0.000000	0.000000
AT1G23050	4	0.312121	2.179053	2.815982
AT2G18970	0	0.000000	0.000000	0.000000
AT4G19035	0	0.0	0.0	0.0
AT5G18650	102	4.519733	32.946060	42.576080
AT2G47130	19	1.221768	8.529696	11.022896
AT3G57230	37	0.915945	11.297192	14.599322
AT5G61700	0	0.0	0.0	0.0
AT4G33945	35	0.850842	6.123913	7.913912
AT1G01080	200	8.940247	63.779160	82.421585
AT5G57330	87	4.372722	30.527880	39.451073
ATCG00970	12	7.512397	52.447315	67.777489
AT4G11900	31	0.719474	5.188575	6.705178
AT3G45020	6	0.388549	4.165941	5.383632
AT4G29650	0	0.0	0.0	0.0
AT5G44005	6	0.458465	3.200744	4.136311
AT1G02520	0	0.0	0.0	0.0
AT2G20830	51	2.006468	14.054231	18.162235
AT1G13635	0	0.000000	0.000000	0.000000
AT5G44550	0	0.000000	0.000000	0.000000
AT1G65681	0	0.0	0.0	0.0
AT2G31690	0	0.0	0.0	0.0
AT5G11900	46	3.067797	21.637669	27.962284
AT1G64795	0	0.000000	0.000000	0.000000
AT2G29970	67	1.430390	9.999720	12.922604
AT2G13620	0	0.000000	0.000000	0.000000
AT1G16170	23	1.491057	10.409719	13.452444
AT5G47910	49	1.078546	7.529800	9.730734
AT5G10720	0	0.000000	0.000000	0.000000
AT4G38370	17	1.380283	9.636357	12.453032
AT5G58850	0	0.0	0.0	0.0
AT2G47770	0	0.0	0.0	0.0
AT5G33399	0	0.0	0.0	0.0
AT1G66930	16	0.424842	3.242249	4.189947
AT1G08247	0	0.0	0.0	0.0
AT5G05995	0	0.000000	0.000000	0.000000
AT4G10720	0	0.000000	0.000000	0.000000
AT1G21210	0	0.000000	0.000000	0.000000
AT3G05850	20	0.597201	4.169320	5.387999
AT4G29710	1	0.090123	0.629188	0.813097
AT3G63090	6	0.267278	1.865984	2.411405
AT5G66568	0	0.0	0.0	0.0
AT4G05995	0	0.0	0.0	0.0
AT1G16730	4	0.278092	1.941481	2.508970
AT5G07675	0	0.0	0.0	0.0
AT5G60920	375	12.987007	99.360374	128.403076
AT5G18710	0	0.0	0.0	0.0
AT3G04945	0	0.0	0.0	0.0
AT2G04515	1	0.083716	0.584458	0.755293
AT3G12050	55	2.787802	19.462860	25.151789
AT2G04465	0	0.000000	0.000000	0.000000
AT4G07675	0	0.0	0.0	0.0
AT1G11060	21	0.510133	3.572771	4.617080
AT5G56050	3	0.170827	1.192618	1.541216
AT2G31300	17	0.700592	5.409677	6.990907
AT5G41401	0	0.0	0.0	0.0
AT3G57765	8	0.713643	4.982253	6.438548
AT4G18710	175	5.178386	49.966366	64.571365
AT3G53150	3	0.122060	0.852154	1.101236
AT3G07030	31	1.218310	8.680207	11.217402
AT1G12920	0	0.000000	0.000000	0.000000
AT5G40210	0	0.000000	0.000000	0.000000
AT4G38405	0	0.0	0.0	0.0
AT4G33865	556	65.330879	456.103333	589.420776
AT2G43250	9	0.261857	1.828138	2.362496
AT4G39250	0	0.000000	0.000000	0.000000
AT1G31750	0	0.000000	0.000000	0.000000
AT4G01500	0	0.0	0.0	0.0
AT1G73140	0	0.000000	0.000000	0.000000
AT2G12935	0	0.0	0.0	0.0
AT3G48320	0	0.000000	0.000000	0.000000
AT2G21290	38	3.746250	26.154203	33.798988
AT5G01055	0	0.0	0.0	0.0
AT5G39250	0	0.000000	0.000000	0.000000
AT5G01500	52	2.537748	17.717127	22.895779
AT3G50930	19	0.549699	3.837688	4.959431
AT4G12115	0	0.0	0.0	0.0
AT5G66190	2070	109.729210	766.067444	989.986267
AT1G62720	7	0.339171	2.367901	3.060030
AT5G48220	67	2.961601	21.583500	27.892282
AT5G59780	44	2.216624	15.813804	20.436125
AT5G22070	29	1.193526	8.332525	10.768094
AT3G59870	32	1.780488	12.666608	16.369013
AT3G20430	11	0.534997	3.891361	5.028793
AT2G05120	20	0.370052	2.583494	3.338641
AT4G22070	0	0.0	0.0	0.0
AT2G08570	1	0.002548	0.017789	0.022988
AT4G20090	12	0.302421	2.113266	2.730967
AT2G41010	21	1.287200	8.986504	11.613229
AT5G47480	79	1.268672	8.857152	11.446067
AT3G25760	119	7.932829	55.382534	71.570663
AT3G28670	18	0.675061	5.039940	6.513098
AT1G56085	0	0.000000	0.000000	0.000000
AT2G17000	0	0.0	0.0	0.0
AT3G06350	123	4.157784	30.812992	39.819523
AT5G20090	119	7.858921	68.940765	89.091911
AT5G67220	86	4.651195	32.472019	41.963478
AT5G03215	0	0.0	0.0	0.0
AT3G02905	0	0.0	0.0	0.0
AT3G23920	35	1.100834	7.685402	9.931818
AT3G19670	51	1.062913	7.839252	10.130638
AT5G07490	0	0.0	0.0	0.0
AT5G06250	9	0.332154	3.762757	4.862597
AT4G35070	0	0.000000	0.000000	0.000000
AT3G53420	516	26.217419	183.035217	236.535782
AT2G07739	4	0.301018	2.101538	2.715810
AT4G09153	0	0.0	0.0	0.0
AT4G06250	1	0.101064	0.705572	0.911808
AT1G04097	0	0.000000	0.000000	0.000000
AT5G39030	23	0.652313	4.554081	5.885224
AT5G01235	0	0.0	0.0	0.0
AT2G09720	0	0.0	0.0	0.0
AT3G15630	33	2.565776	17.912802	23.148651
AT2G04240	32	1.727988	17.894600	23.125130
AT1G28280	61	2.286195	23.445999	30.299185
AT5G13940	0	0.000000	0.000000	0.000000
AT3G10550	0	0.000000	0.000000	0.000000
AT1G54160	0	0.000000	0.000000	0.000000
AT5G55180	42	1.653981	13.616955	17.597145
AT3G06490	2	0.056003	0.470584	0.608134
AT4G39030	24	0.809244	5.859582	7.572318
AT1G27150	22	0.963146	6.724142	8.689586
AT1G76790	25	1.431128	9.991328	12.911759
AT4G13940	1357	48.603493	509.778809	658.785400
AT3G07250	0	0.0	0.0	0.0
AT2G43030	689	50.663292	353.702515	457.088562
AT5G66320	34	1.308100	10.929389	14.124012
AT5G61980	0	0.000000	0.000000	0.000000
AT5G63740	0	0.0	0.0	0.0
AT4G11780	0	0.0	0.0	0.0
AT5G07350	125	2.731484	20.332699	26.275877
AT3G48190	10	0.075514	0.547240	0.707196
AT2G34480	1134	84.195915	587.808411	759.622742
AT2G45380	29	0.913079	7.059948	9.123548
AT3G11870	0	0.0	0.0	0.0
AT1G70680	0	0.0	0.0	0.0
AT3G46480	0	0.0	0.0	0.0
AT5G11780	2	0.080240	0.560190	0.723932
AT4G07350	0	0.0	0.0	0.0
AT3G25500	120	2.637225	18.411617	23.793270
AT5G08830	0	0.000000	0.000000	0.000000
AT4G18375	14	0.445484	3.226959	4.170188
AT2G33340	102	3.613778	25.285545	32.676422
AT2G05600	0	0.0	0.0	0.0
AT1G06810	0	0.0	0.0	0.0
AT3G23633	0	0.0	0.0	0.0
AT5G49340	0	0.0	0.0	0.0
AT3G18160	27	0.765619	9.192945	11.880012
AT3G55830	73	3.930839	27.442900	35.464367
AT4G04601	0	0.0	0.0	0.0
AT1G27420	0	0.000000	0.000000	0.000000
AT3G44720	40	1.661062	11.596598	14.986243
AT5G01760	0	0.000000	0.000000	0.000000
AT2G35742	0	0.0	0.0	0.0
AT3G49240	37	1.300759	9.081164	11.735559
AT4G01760	0	0.0	0.0	0.0
AT5G06030	0	0.0	0.0	0.0
AT1G09260	0	0.0	0.0	0.0
AT1G06163	0	0.0	0.0	0.0
AT2G36720	43	0.923098	6.444550	8.328269
AT3G29160	53	2.006629	14.009151	18.103979
AT1G08010	29	1.385836	10.516165	13.590003
AT1G16440	0	0.0	0.0	0.0
AT2G07793	0	0.0	0.0	0.0
AT3G51670	79	3.406166	23.779928	30.730721
AT3G04180	0	0.0	0.0	0.0
AT5G08391	1	0.118022	0.823963	1.064805
AT5G02810	309	7.176060	53.354416	68.949730
AT5G25260	0	0.000000	0.000000	0.000000
AT2G08240	0	0.0	0.0	0.0
AT1G24280	15	0.535039	3.735340	4.827168
AT1G58160	0	0.0	0.0	0.0
AT1G15830	16	0.519319	4.489091	5.801237
AT3G03715	0	0.0	0.0	0.0
AT5G45140	25	0.420929	3.435921	4.440228
AT4G25260	14	0.704090	4.915559	6.352360
AT4G02810	0	0.0	0.0	0.0
AT2G23000	66	2.499047	17.837854	23.051798
AT3G06750	51	4.465039	31.172382	40.283962
AT1G77290	31	1.404813	9.807612	12.674343
AT3G12833	0	0.0	0.0	0.0
AT3G44190	22	1.000000	7.262347	9.385107
AT2G38480	7	0.558118	3.896465	5.035388
AT5G15010	10	0.376453	2.628183	3.396391
AT5G07065	0	0.0	0.0	0.0
AT1G76450	226	16.377064	114.335419	147.755264
AT4G12440	0	0.0	0.0	0.0
AT2G26460	19	0.712106	4.971522	6.424681
AT3G26940	0	0.0	0.0	0.0
AT2G26510	74	2.500640	17.458057	22.560987
AT2G36190	0	0.0	0.0	0.0
AT3G17920	145	2.575425	19.177732	24.783318
AT1G02030	0	0.000000	0.000000	0.000000
AT5G12440	77	1.504405	15.201874	19.645330
AT3G56440	0	0.000000	0.000000	0.000000
AT4G15010	19	0.694313	5.653846	7.306446
AT1G11670	14	0.515449	3.598574	4.650425
AT4G07065	0	0.000000	0.000000	0.000000
AT3G45530	0	0.0	0.0	0.0
AT5G04830	105	6.358720	47.934216	61.945225
AT1G55630	9	0.335388	2.341490	3.025899
AT2G09190	0	0.000000	0.000000	0.000000
AT2G37220	1788	96.094086	670.874695	866.969055
AT4G13263	0	0.0	0.0	0.0
AT5G17847	0	0.0	0.0	0.0
AT4G04830	43	4.467805	31.191690	40.308918
AT3G14160	11	0.445918	3.113148	4.023110
AT4G32260	2955	211.608780	1477.333130	1909.152588
AT1G62320	0	0.0	0.0	0.0
AT3G06610	53	4.766515	33.277115	43.003906
AT5G59380	11	0.617134	5.218449	6.743783
AT3G04443	0	0.000000	0.000000	0.000000
AT1G76120	32	1.364425	9.963298	12.875536
AT3G59280	58	3.280739	25.157150	32.510498
AT3G48720	60	2.573046	17.963556	23.214241
AT1G51870	0	0.0	0.0	0.0
AT4G17085	13	1.892485	13.212262	17.074162
AT4G33180	41	1.567949	15.995188	20.670527
AT4G32175	13	1.070419	7.473061	9.657412
AT3G03655	0	0.0	0.0	0.0
AT5G64687	2	0.038597	0.482920	0.624076
AT1G31350	1	0.048046	0.353791	0.457203
AT1G04010	8	0.184927	2.299580	2.971740
AT2G09645	0	0.000000	0.000000	0.000000
AT2G31980	0	0.000000	0.000000	0.000000
AT4G01360	0	0.0	0.0	0.0
AT2G36320	81	3.630778	25.348043	32.757191
AT5G53070	27	1.826460	13.989192	18.078186
AT1G60170	61	2.651309	18.509943	23.920336
AT3G44320	8	0.388413	2.711681	3.504295
AT3G01175	0	0.000000	0.000000	0.000000
AT5G01360	3	0.036236	0.872679	1.127761
AT1G59670	0	0.0	0.0	0.0
AT5G63625	0	0.0	0.0	0.0
ATMG01200	1	0.043127	0.301088	0.389095
AT5G49740	85	2.132978	17.397753	22.483055
AT1G21160	33	0.595747	4.267249	5.514551
AT3G22150	54	1.369724	9.723094	12.565122
AT1G02250	0	0.0	0.0	0.0
AT3G01260	0	0.0	0.0	0.0
AT1G76600	7	0.508858	3.552560	4.590961
AT1G14685	65	2.113598	22.875477	29.561901
AT5G44220	0	0.0	0.0	0.0
AT5G07610	2	0.082344	0.574879	0.742915
AT1G13420	1	0.052899	0.369311	0.477259
AT3G27503	0	0.000000	0.000000	0.000000
AT2G33740	43	3.379138	27.669880	35.757690
AT1G31490	13	0.499274	3.485649	4.504493
AT2G04570	36	1.962199	13.698966	17.703127
AT5G64480	43	3.502596	27.867908	36.013603
AT1G65510	0	0.0	0.0	0.0
AT1G13150	6	0.233351	1.629125	2.105313
AT5G16920	0	0.0	0.0	0.0
AT3G05741	0	0.000000	0.000000	0.000000
AT3G52920	47	3.028409	21.142643	27.322565
AT5G11380	34	1.033435	7.217597	9.327275
AT3G24670	0	0.000000	0.000000	0.000000
AT4G27940	15	0.511780	3.916418	5.061173
AT1G06897	0	0.0	0.0	0.0
AT1G60730	5	0.184197	1.447706	1.870865
AT5G57440	45	2.347797	18.118242	23.414143
AT3G01735	0	0.000000	0.000000	0.000000
AT3G22420	21	0.665016	5.152963	6.659156
AT5G63340	0	0.000000	0.000000	0.000000
AT4G30640	0	0.0	0.0	0.0
AT4G11380	149	2.925006	20.757603	26.824980
AT4G16920	13	0.174265	1.286888	1.663041
AT2G18915	17	0.563140	3.931525	5.080697
AT2G45780	0	0.0	0.0	0.0
AT5G27940	0	0.0	0.0	0.0
AT1G28870	1	0.291667	2.036254	2.631445
AT3G06065	0	0.0	0.0	0.0
AT3G49570	3	0.295699	2.064404	2.667822
AT1G10930	48	0.944155	6.591558	8.518248
AT1G76390	22	0.565406	3.951234	5.106166
AT5G66720	96	4.177915	31.481398	40.683300
AT3G63240	11	0.302173	2.109601	2.726231
AT3G03405	0	0.0	0.0	0.0
AT4G05685	0	0.000000	0.000000	0.000000
AT1G62190	0	0.000000	0.000000	0.000000
AT1G19870	58	1.367717	9.548628	12.339660
AT2G09320	0	0.0	0.0	0.0
AT3G11280	103	3.862588	35.220421	45.515232
AT2G05790	155	6.113412	42.680393	55.155727
AT5G05685	0	0.0	0.0	0.0
AT1G08097	0	0.0	0.0	0.0
AT5G10190	23	0.754119	6.394702	8.263851
AT2G43520	0	0.000000	0.000000	0.000000
AT4G14650	0	0.000000	0.000000	0.000000
AT2G35820	0	0.000000	0.000000	0.000000
AT4G03270	30	1.441023	10.060410	13.001033
AT1G64455	0	0.000000	0.000000	0.000000
AT1G05607	0	0.000000	0.000000	0.000000
AT4G39520	120	2.007801	36.670830	47.389587
AT2G29485	0	0.000000	0.000000	0.000000
AT5G62930	48	2.750000	19.296261	24.936495
AT1G19376	2	1.333333	9.308578	12.029445
AT5G03270	0	0.0	0.0	0.0
AT5G14650	5	0.130990	1.091924	1.411090
AT4G10190	0	0.0	0.0	0.0
AT5G39520	0	0.000000	0.000000	0.000000
AT2G27100	68	1.673356	12.143572	15.693097
AT2G21040	0	0.0	0.0	0.0
AT3G56730	0	0.000000	0.000000	0.000000
AT3G19615	0	0.000000	0.000000	0.000000
AT3G03370	0	0.000000	0.000000	0.000000
AT4G32445	1	0.509434	3.556581	4.596157
AT3G02385	0	0.000000	0.000000	0.000000
AT5G03165	0	0.000000	0.000000	0.000000
AT2G40800	0	0.000000	0.000000	0.000000
AT5G48550	0	0.0	0.0	0.0
AT1G52050	0	0.0	0.0	0.0
AT3G51060	4	0.156568	1.093069	1.412570
AT1G68795	0	0.0	0.0	0.0
AT4G12730	218	9.378641	65.476379	84.614899
AT2G24692	2	0.232484	1.623072	2.097491
AT4G22467	0	0.000000	0.000000	0.000000
AT4G22517	104	13.304867	92.887070	120.037651
AT4G03165	0	0.0	0.0	0.0
AT3G43574	0	0.0	0.0	0.0
AT1G05710	21	0.772538	5.542031	7.161948
AT5G27860	100	6.938005	52.745831	68.163254
AT5G64910	34	0.836735	6.058937	7.829943
AT1G05650	0	0.0	0.0	0.0
AT4G34370	20	0.593233	4.302742	5.560420
AT5G54850	11	0.615267	4.295447	5.550992
AT1G05397	0	0.0	0.0	0.0
AT2G22820	0	0.000000	0.000000	0.000000
AT1G04247	13	0.424269	2.962007	3.827791
AT1G07313	0	0.0	0.0	0.0
AT3G24495	19	0.400333	2.812835	3.635016
AT5G40275	0	0.0	0.0	0.0
AT2G34224	0	0.0	0.0	0.0
AT4G27860	14	0.383406	3.360954	4.343349
AT5G67550	0	0.000000	0.000000	0.000000
AT1G17230	28	0.441079	3.388936	4.379510
AT3G20340	10	0.959318	6.697417	8.655049
AT5G45470	49	1.263096	8.818223	11.395761
AT5G20240	0	0.0	0.0	0.0
AT1G75890	0	0.000000	0.000000	0.000000
AT4G12170	0	0.0	0.0	0.0
AT5G14710	22	2.301434	16.067314	20.763735
AT5G06520	0	0.0	0.0	0.0
AT3G01327	0	0.0	0.0	0.0
AT4G37080	61	1.519774	11.123431	14.374771
AT3G08945	0	0.000000	0.000000	0.000000
AT2G08515	0	0.0	0.0	0.0
AT2G08465	0	0.0	0.0	0.0
AT5G40160	81	3.001412	28.666237	37.045280
AT4G20240	0	0.000000	0.000000	0.000000
AT5G12170	34	0.804440	6.347849	8.203304
AT3G56170	22	1.004009	8.153535	10.536785
AT2G31410	173	13.152819	91.825554	118.665855
AT2G31560	15	0.780105	6.396461	8.266125
AT2G46270	0	0.000000	0.000000	0.000000
AT4G14710	102	6.212815	55.748817	72.044006
AT5G56365	0	0.0	0.0	0.0
AT1G09110	0	0.0	0.0	0.0
AT1G06213	0	0.000000	0.000000	0.000000
AT3G28060	0	0.000000	0.000000	0.000000
AT4G14400	875	20.834326	184.981140	239.050491
AT2G31700	0	0.0	0.0	0.0
AT5G53590	18	1.444106	10.081933	13.028848
AT3G10220	18	1.236464	8.632294	11.155484
AT5G57170	77	5.739047	51.173336	66.131126
AT3G03852	0	0.0	0.0	0.0
AT4G18310	0	0.0	0.0	0.0
AT1G16330	0	0.000000	0.000000	0.000000
AT5G14400	0	0.000000	0.000000	0.000000
AT3G07520	0	0.000000	0.000000	0.000000
AT5G18310	58	2.521306	19.049652	24.617798
AT2G44080	23	1.413364	9.867311	12.751491
AT3G56891	0	0.000000	0.000000	0.000000
AT1G70990	1	0.075569	0.527580	0.681790
AT4G04614	38	2.801734	21.211432	27.411459
AT4G10320	198	3.964921	27.680841	35.771854
AT3G18210	33	1.461276	10.201805	13.183757
AT5G23411	0	0.000000	0.000000	0.000000
AT4G29310	21	0.631373	5.232823	6.762360
AT4G09925	1	0.003229	0.022543	0.029132
AT5G38770	2	0.285714	1.994694	2.577736
AT5G35660	0	0.0	0.0	0.0
AT5G61690	0	0.0	0.0	0.0
AT4G05091	1	0.228013	1.591858	2.057153
AT1G52230	2628	299.386688	2090.148926	2701.092285
AT5G10320	11	0.405364	2.998464	3.874905
AT4G38770	2379	98.338432	686.543457	887.217712
AT5G09925	0	0.000000	0.000000	0.000000
AT3G26860	0	0.0	0.0	0.0
AT2G47370	0	0.000000	0.000000	0.000000
AT5G49430	23	0.303750	2.120611	2.740458
AT1G09863	83	2.837069	20.395832	26.357464
AT4G35660	0	0.0	0.0	0.0
AT2G04090	0	0.0	0.0	0.0
AT5G62623	0	0.0	0.0	0.0
AT5G36925	5	0.417520	2.914889	3.766901
AT1G17050	50	2.194631	15.321676	19.800148
AT1G05400	0	0.000000	0.000000	0.000000
AT4G11373	0	0.0	0.0	0.0
AT1G60440	25	1.175876	8.388746	10.840749
AT4G36925	0	0.0	0.0	0.0
AT3G61200	60	5.010604	34.981209	45.206097
AT3G01445	0	0.0	0.0	0.0
AT2G45900	0	0.000000	0.000000	0.000000
AT2G38910	0	0.0	0.0	0.0
AT1G72970	91	2.821345	19.883591	25.695496
AT5G22660	0	0.000000	0.000000	0.000000
AT1G54210	15	0.991568	8.525618	11.017627
AT4G38130	133	5.299601	38.415962	49.644821
AT1G26590	0	0.0	0.0	0.0
AT5G61300	16	0.512663	3.862975	4.992109
AT2G30920	22	1.038817	7.784853	10.060338
AT2G16640	12	0.210317	1.508004	1.948789
AT4G22660	0	0.0	0.0	0.0
AT2G30362	2	0.041683	0.328944	0.425094
AT5G38130	0	0.0	0.0	0.0
AT1G08577	1	0.215926	1.507473	1.948103
AT1G05127	0	0.0	0.0	0.0
AT3G09080	0	0.000000	0.000000	0.000000
AT4G37445	3	0.289267	2.588751	3.345434
AT3G07385	0	0.000000	0.000000	0.000000
AT1G07902	10	0.272524	3.675356	4.749650
AT5G17730	0	0.0	0.0	0.0
AT1G23201	0	0.0	0.0	0.0
AT4G25080	500	23.343292	193.195557	249.665955
AT3G23230	3	0.278626	1.945209	2.513788
AT1G57050	0	0.0	0.0	0.0
AT1G03130	1377	115.196098	804.234192	1039.309082
AT2G16580	0	0.0	0.0	0.0
AT4G17730	44	2.386261	17.514467	22.633886
AT1G24060	0	0.0	0.0	0.0
AT5G25080	41	3.181510	22.211506	28.703856
AT5G43410	0	0.0	0.0	0.0
AT5G43560	48	0.938588	6.935505	8.962729
AT5G61890	0	0.000000	0.000000	0.000000
AT2G40450	0	0.0	0.0	0.0
AT5G23330	12	0.578881	4.041420	5.222714
AT2G23096	0	0.0	0.0	0.0
AT4G07285	7	1.164772	8.131782	10.508673
AT1G04333	0	0.0	0.0	0.0
AT4G35860	32	2.056705	14.358754	18.555769
AT4G08155	1	0.400000	2.792574	3.608834
AT1G09663	0	0.000000	0.000000	0.000000
AT2G22100	12	0.467418	3.263249	4.217085
AT1G20740	0	0.0	0.0	0.0
AT4G23330	17	0.597826	4.677918	6.045258
AT3G26660	0	0.000000	0.000000	0.000000
AT2G39410	0	0.0	0.0	0.0
AT1G14210	63	5.063316	35.890278	46.380882
AT2G39560	4	0.223915	1.563248	2.020180
AT5G07285	1	0.146719	1.024309	1.323711
AT4G32080	0	0.0	0.0	0.0
AT1G34540	0	0.0	0.0	0.0
AT4G13590	111	5.950908	41.657940	53.834415
AT1G03770	10	0.290108	2.832166	3.659998
AT5G58310	0	0.000000	0.000000	0.000000
AT4G08425	1	0.280533	1.958523	2.530993
AT4G17170	119	6.409582	57.268272	74.007591
AT1G56330	350	27.912176	194.867065	251.826035
AT4G31520	0	0.0	0.0	0.0
AT4G24900	0	0.000000	0.000000	0.000000
AT4G39403	2	0.240924	1.681995	2.173637
AT5G54400	5	0.280367	1.957364	2.529495
AT2G18040	215	14.631084	102.145973	132.002884
AT3G17365	15	0.767472	6.334508	8.186063
AT3G05310	0	0.000000	0.000000	0.000000
AT5G13590	32	0.413760	2.976039	3.845926
AT2G40120	9	0.286957	2.003372	2.588951
AT5G08425	4	1.016080	7.093697	9.167161
AT5G17170	329	18.350803	138.468658	178.942581
AT3G50220	2	0.110553	0.771819	0.997419
AT5G24900	0	0.0	0.0	0.0
AT5G48930	256	11.350000	79.239304	102.400673
AT2G29040	0	0.0	0.0	0.0
AT2G27820	75	3.465658	24.195267	31.267464
AT5G50320	21	0.670407	4.680403	6.048469
AT5G22860	33	0.677863	6.721196	8.685779
AT5G05210	116	2.404632	32.504860	42.005920
AT1G12230	87	3.814365	28.023163	36.214237
AT3G59060	158	4.925029	38.587574	49.866592
AT5G62550	45	1.916252	13.378190	17.288589
AT3G58210	0	0.0	0.0	0.0
AT2G35100	0	0.000000	0.000000	0.000000
ATCG00040	1720	87.002533	607.402588	784.944336
AT4G05210	0	0.0	0.0	0.0
AT4G22860	22	0.739149	5.246549	6.780097
AT2G48110	105	1.041089	7.466932	9.649490
AT1G05807	0	0.0	0.0	0.0
AT1G05523	25	1.672429	11.675955	15.088798
AT1G08173	0	0.0	0.0	0.0
AT1G57230	0	0.0	0.0	0.0
AT3G23050	250	10.450210	90.215714	116.585464
AT2G35620	59	1.727841	12.349895	15.959726
AT4G14850	0	0.000000	0.000000	0.000000
AT1G30000	52	1.546657	10.797887	13.954072
AT3G09445	0	0.0	0.0	0.0
AT2G09965	0	0.000000	0.000000	0.000000
AT2G42370	0	0.000000	0.000000	0.000000
AT5G14850	23	0.724124	5.914289	7.643014
AT1G75300	0	0.000000	0.000000	0.000000
AT3G16170	0	0.000000	0.000000	0.000000
AT5G52170	0	0.000000	0.000000	0.000000
AT2G40600	134	9.419525	65.761810	84.983757
AT1G51355	2	0.143418	1.001263	1.293929
AT2G22345	0	0.0	0.0	0.0
AT3G02520	100	4.851886	33.873127	43.774132
AT5G54710	51	1.282657	14.167483	18.308592
AT3G01080	0	0.0	0.0	0.0
AT1G01110	0	0.000000	0.000000	0.000000
AT2G22620	0	0.000000	0.000000	0.000000
AT2G39700	98	5.220000	36.443092	47.095287
AT1G63090	33	1.817115	12.686071	16.394167
AT4G30960	170	6.293136	43.935123	56.777210
AT5G27660	286	12.134963	84.719467	109.482674
AT1G48267	0	0.0	0.0	0.0
AT3G06285	0	0.0	0.0	0.0
AT5G54650	0	0.0	0.0	0.0
AT1G05850	1196	50.167976	350.579376	453.052551
AT3G21210	0	0.000000	0.000000	0.000000
ATMG00330	1	0.227273	1.586692	2.050477
AT5G46395	0	0.0	0.0	0.0
AT4G27660	0	0.0	0.0	0.0
AT5G43700	72	3.912292	29.193619	37.726814
AT2G24470	0	0.0	0.0	0.0
AT1G08592	3	0.066616	0.465075	0.601015
AT1G08733	0	0.000000	0.000000	0.000000
AT5G50190	0	0.0	0.0	0.0
AT1G75690	511	27.953423	209.717514	271.017212
AT3G30222	0	0.0	0.0	0.0
AT4G21310	0	0.000000	0.000000	0.000000
AT4G01925	0	0.0	0.0	0.0
AT1G57765	19	1.380189	9.916348	12.814862
AT2G40390	11	0.466976	3.260163	4.213098
AT4G06385	0	0.0	0.0	0.0
AT3G11060	0	0.0	0.0	0.0
AT1G12050	67	3.166074	22.103743	28.564590
AT1G04945	30	0.894970	6.613395	8.546468
AT5G06385	8	1.535950	10.723136	13.857472
AT3G15354	63	1.409784	9.929166	12.831427
AT5G01925	0	0.0	0.0	0.0
AT5G41430	0	0.0	0.0	0.0
AT3G16730	16	0.467041	3.263060	4.216842
AT2G35345	0	0.0	0.0	0.0
AT5G52730	0	0.0	0.0	0.0
AT1G06307	0	0.0	0.0	0.0
AT2G01190	32	0.915623	6.392364	8.260829
AT5G02065	16	0.393768	2.778800	3.591034
AT5G60050	9	0.339736	2.371845	3.065127
AT4G05545	0	0.000000	0.000000	0.000000
AT4G17440	0	0.000000	0.000000	0.000000
AT2G09845	0	0.0	0.0	0.0
AT2G07025	0	0.0	0.0	0.0
AT1G48320	25	2.413415	16.849102	21.774036
AT1G72290	0	0.0	0.0	0.0
AT1G78000	14	0.248032	2.489098	3.216653
AT5G05545	0	0.0	0.0	0.0
AT1G32760	2	0.105832	0.738859	0.954825
AT5G17440	34	1.236092	10.323777	13.341382
AT4G26420	0	0.0	0.0	0.0
AT5G51380	8	0.178980	2.328979	3.009732
AT3G12920	43	2.142679	14.958976	19.331432
AT5G56920	0	0.0	0.0	0.0
AT1G07030	53	2.837240	19.808010	25.597822
AT1G76800	5	0.355212	2.479890	3.204753
AT3G51280	24	1.154033	8.056807	10.411784
AT2G41180	27	2.312500	16.144569	20.863573
AT5G07810	0	0.000000	0.000000	0.000000
AT1G20430	45	3.973303	27.739359	35.847481
AT3G04595	0	0.0	0.0	0.0
AT1G59870	775	12.563286	87.709770	113.347038
AT2G25220	0	0.000000	0.000000	0.000000
AT3G05135	0	0.000000	0.000000	0.000000
AT3G62720	12	0.453756	3.169488	4.095919
AT4G30580	104	2.948882	21.282488	27.503286
AT1G50930	0	0.000000	0.000000	0.000000
AT4G37175	0	0.0	0.0	0.0
AT4G13070	9	0.356081	2.485957	3.212593
AT4G18253	13	0.984645	6.874236	8.883552
AT1G06697	0	0.0	0.0	0.0
AT3G24870	33	0.371920	2.718348	3.512911
AT5G23115	0	0.0	0.0	0.0
AT4G24780	187	6.898063	56.497501	73.011528
AT3G45950	0	0.0	0.0	0.0
AT1G06350	8	0.467690	3.265147	4.219539
AT5G13070	52	3.877956	27.073700	34.987251
AT3G56085	0	0.0	0.0	0.0
AT1G28670	55	2.170134	18.294949	23.642502
AT1G46554	7	0.538866	3.762058	4.861695
AT5G24780	2	0.075173	0.828473	1.070633
AT4G30840	27	0.611592	4.269790	5.517835
AT2G32220	30	3.815961	26.640884	34.427925
AT3G08665	1	0.024711	0.172518	0.222945
AT4G05885	0	0.000000	0.000000	0.000000
AT5G37260	0	0.000000	0.000000	0.000000
AT2G09585	0	0.0	0.0	0.0
AT1G53420	0	0.000000	0.000000	0.000000
AT4G26150	20	0.941789	6.575039	8.496901
AT3G05775	0	0.0	0.0	0.0
AT1G80240	0	0.0	0.0	0.0
AT1G70270	5	0.525937	4.675642	6.042316
AT5G05885	0	0.0	0.0	0.0
AT1G67320	37	0.942599	11.721272	15.147360
AT1G19670	126	6.911279	48.250652	62.354149
AT4G37260	36	2.194605	15.321494	19.799913
AT5G26150	0	0.0	0.0	0.0
AT5G02610	321	26.390947	198.325348	256.295166
AT5G00985	0	0.0	0.0	0.0
AT1G07250	36	1.552939	10.841743	14.010749
AT5G19380	0	0.000000	0.000000	0.000000
AT2G44260	15	0.566588	3.955597	5.111805
AT5G54375	0	0.0	0.0	0.0
AT3G27150	0	0.0	0.0	0.0
AT1G06490	9	0.101084	0.705711	0.911988
AT3G54160	0	0.000000	0.000000	0.000000
AT3G09735	81	8.368832	58.426460	75.504311
AT2G46990	0	0.000000	0.000000	0.000000
AT4G00985	0	0.0	0.0	0.0
AT4G02610	20	1.592040	11.114724	14.363521
AT1G10550	0	0.000000	0.000000	0.000000
AT3G28280	0	0.0	0.0	0.0
AT4G19380	8	0.235973	1.647430	2.128968
AT1G15630	0	0.000000	0.000000	0.000000
AT2G24140	6	0.267905	1.870361	2.417062
AT1G08180	9	0.691023	4.824333	6.234468
AT5G60230	4	0.136364	1.222729	1.580128
AT1G01335	0	0.0	0.0	0.0
AT1G25500	6	0.192257	1.489692	1.925124
AT5G36360	0	0.0	0.0	0.0
AT3G60330	0	0.0	0.0	0.0
AT1G25055	31	1.573575	10.985813	14.196928
AT4G35940	11	0.364706	2.828808	3.655659
AT5G28380	0	0.000000	0.000000	0.000000
AT1G46480	6	0.303534	2.119103	2.738510
AT1G11870	58	1.870602	15.077555	19.484673
AT4G36360	144	3.390331	25.196720	32.561634
AT2G01320	61	1.470279	12.483310	16.132139
AT2G44175	0	0.000000	0.000000	0.000000
AT3G19280	13	0.523834	3.664625	4.735783
AT4G28380	0	0.000000	0.000000	0.000000
AT1G48190	0	0.0	0.0	0.0
AT5G35940	0	0.0	0.0	0.0
AT1G66220	0	0.0	0.0	0.0
AT1G67190	8	0.358849	2.505281	3.237566
AT1G08443	0	0.0	0.0	0.0
AT2G39980	6	0.177291	1.237746	1.599535
AT1G63570	0	0.0	0.0	0.0
AT4G09360	0	0.0	0.0	0.0
AT1G55830	14	0.417950	3.387378	4.377498
AT1G18160	41	0.842988	5.922526	7.653661
AT5G04630	2	0.061772	0.431257	0.557312
AT3G06810	17	0.446852	3.119668	4.031537
AT3G09175	0	0.000000	0.000000	0.000000
AT5G10965	11	0.231367	2.192611	2.833503
AT5G09360	0	0.0	0.0	0.0
AT4G04630	16	1.074692	7.502893	9.695963
AT5G43980	5	0.287276	2.005599	2.591829
AT2G16960	0	0.0	0.0	0.0
AT1G51670	0	0.000000	0.000000	0.000000
AT3G16440	0	0.000000	0.000000	0.000000
AT5G52440	222	14.193970	99.412918	128.470978
AT3G08010	126	6.946223	52.692085	68.093803
AT5G41740	16	0.130337	2.005019	2.591080
AT4G22940	0	0.000000	0.000000	0.000000
AT1G29160	2	0.131790	0.920083	1.189021
AT3G09260	194	8.568520	59.820568	77.305923
AT3G57920	0	0.000000	0.000000	0.000000
AT4G02750	9	0.252595	1.763476	2.278934
AT1G32500	103	4.278039	29.866854	38.596832
AT2G44735	0	0.0	0.0	0.0
AT5G55010	5	0.726378	5.071162	6.553444
AT1G49240	150	6.638227	46.344357	59.890652
AT4G29033	0	0.0	0.0	0.0
AT5G22940	0	0.000000	0.000000	0.000000
AT5G03990	0	0.000000	0.000000	0.000000
AT2G15340	0	0.0	0.0	0.0
AT5G02750	2	0.110942	0.774534	1.000928
AT2G14290	0	0.0	0.0	0.0
AT3G27420	8	0.449198	3.245125	4.193664
AT5G27070	0	0.0	0.0	0.0
AT2G06475	0	0.0	0.0	0.0
AT1G67720	24	0.514631	3.764669	4.865069
AT4G33010	1547	34.494980	241.913422	312.623901
AT5G58375	55	5.324767	37.174519	48.040504
AT4G05160	67	2.333188	16.483095	21.301044
AT3G15830	0	0.0	0.0	0.0
AT3G58160	11	0.168094	1.246961	1.611444
AT4G27070	13	0.514985	3.595335	4.646239
AT3G24280	0	0.0	0.0	0.0
AT5G05160	13	0.420012	2.932287	3.789384
AT1G04180	0	0.0	0.0	0.0
AT1G05033	0	0.000000	0.000000	0.000000
AT2G28140	0	0.000000	0.000000	0.000000
AT2G30505	1	0.038320	0.267529	0.345726
AT3G05375	0	0.0	0.0	0.0
AT2G30050	39	2.265441	15.816031	20.439003
AT1G33830	0	0.0	0.0	0.0
AT5G05275	0	0.0	0.0	0.0
AT3G11670	93	2.387887	17.094946	22.091740
AT1G70880	0	0.0	0.0	0.0
AT1G56440	0	0.000000	0.000000	0.000000
AT1G25360	3	0.080510	0.562075	0.726368
AT5G36500	0	0.0	0.0	0.0
AT5G24380	0	0.000000	0.000000	0.000000
AT3G02030	0	0.000000	0.000000	0.000000
AT1G17920	26	0.638185	4.455448	5.757760
AT4G05275	0	0.0	0.0	0.0
AT1G26940	15	0.932163	7.274146	9.400354
AT4G24380	0	0.000000	0.000000	0.000000
AT4G36500	275	21.110470	147.381393	190.460464
AT1G06750	0	0.000000	0.000000	0.000000
AT1G55152	14	1.245198	8.693270	11.234282
AT1G04443	0	0.0	0.0	0.0
AT1G70540	0	0.0	0.0	0.0
AT1G06610	0	0.0	0.0	0.0
AT5G23440	71	5.621891	39.248871	50.721180
AT3G62320	0	0.000000	0.000000	0.000000
AT4G09055	0	0.0	0.0	0.0
AT4G31250	0	0.000000	0.000000	0.000000
AT5G15180	0	0.000000	0.000000	0.000000
AT5G02490	16	0.498694	3.481600	4.499260
AT5G08630	17	0.399270	2.826176	3.652257
AT1G14160	0	0.000000	0.000000	0.000000
ATCG00290	19	15.967391	111.475311	144.059174
AT4G09500	11	0.462335	3.227762	4.171226
AT5G53940	89	2.604318	66.973854	86.550087
AT2G29290	114	4.109033	35.898800	46.391899
AT3G50550	34	2.978022	20.790871	26.867970
AT4G23440	8	0.153524	1.072097	1.385468
AT4G08630	0	0.0	0.0	0.0
AT1G80570	3	0.105439	0.750435	0.969784
AT4G15180	15	0.140403	0.993228	1.283545
AT5G09055	0	0.0	0.0	0.0
AT3G55630	76	2.866127	32.034065	41.397514
AT5G09500	1	0.107195	0.748375	0.967122
AT1G32360	53	2.181021	15.226658	19.677359
AT3G04010	0	0.000000	0.000000	0.000000
AT3G31350	0	0.0	0.0	0.0
AT5G42480	60	1.506646	10.830441	13.996141
AT5G51780	0	0.0	0.0	0.0
AT1G06707	0	0.0	0.0	0.0
AT3G07905	0	0.0	0.0	0.0
AT3G51870	86	4.398837	30.710199	39.686684
AT2G18290	77	5.962462	41.626545	53.793842
AT5G62220	57	2.138810	14.931964	19.296526
AT1G48720	1	0.068336	0.477083	0.616533
AT1G35420	44	1.578733	18.955820	24.496540
AT1G05253	0	0.000000	0.000000	0.000000
AT5G19221	0	0.000000	0.000000	0.000000
AT2G30230	8	0.525469	3.668528	4.740826
AT5G06905	0	0.0	0.0	0.0
AT1G06567	0	0.0	0.0	0.0
AT5G02350	0	0.0	0.0	0.0
AT1G06417	0	0.0	0.0	0.0
AT2G15740	0	0.0	0.0	0.0
AT1G74000	0	0.000000	0.000000	0.000000
AT5G41340	50	2.798301	19.536158	25.246511
AT4G06905	0	0.0	0.0	0.0
AT4G02350	48	1.054411	10.263513	13.263503
AT2G28305	50	1.656735	23.822563	30.785818
AT3G12502	0	0.000000	0.000000	0.000000
AT5G09760	30	1.022203	7.136444	9.222403
AT3G08595	0	0.0	0.0	0.0
AT3G13420	0	0.000000	0.000000	0.000000
AT4G09760	76	3.632795	27.173702	35.116482
AT1G01260	20	0.558824	3.966195	5.125501
AT3G02250	136	4.082579	28.502264	36.833378
ATMG00440	0	0.0	0.0	0.0
AT1G22150	0	0.0	0.0	0.0
AT3G21160	28	0.872611	6.607643	8.539034
AT3G59670	73	2.794388	19.508841	25.211208
AT4G36760	70	2.359289	16.790989	21.698936
AT5G09235	0	0.000000	0.000000	0.000000
AT1G49570	0	0.0	0.0	0.0
AT2G01720	143	6.378863	45.843754	59.243721
AT3G28870	0	0.0	0.0	0.0
AT1G31163	0	0.0	0.0	0.0
AT4G28780	147	5.159594	51.006084	65.914986
AT1G22420	0	0.000000	0.000000	0.000000
AT4G31030	0	0.000000	0.000000	0.000000
AT4G09235	0	0.0	0.0	0.0
AT1G75980	14	0.832829	6.536188	8.446693
AT3G60730	0	0.000000	0.000000	0.000000
AT1G52920	0	0.000000	0.000000	0.000000
AT5G28780	0	0.0	0.0	0.0
AT3G47348	3	2.305882	16.098366	20.803865
AT3G13150	25	0.982639	6.860231	8.865453
AT3G04665	0	0.0	0.0	0.0
AT1G11280	41	1.105660	7.719093	9.975359
AT3G63006	0	0.0	0.0	0.0
AT3G24612	1	0.563931	3.937048	5.087834
AT5G52115	0	0.0	0.0	0.0
AT3G19870	36	0.711716	5.361219	6.928285
AT1G63240	31	0.935321	6.738678	8.708369
AT3G62190	39	1.858592	21.997938	28.427860
AT1G35150	0	0.0	0.0	0.0
AT5G19780	413	18.548449	129.494812	167.345688
AT3G26070	268	8.147703	56.882668	73.509270
AT1G09073	0	0.0	0.0	0.0
AT1G31810	30	0.492972	3.493001	4.513993
AT3G10930	5	0.427230	2.982679	3.854506
AT3G09335	0	0.0	0.0	0.0
AT1G04173	0	0.0	0.0	0.0
AT5G23170	1	0.049966	0.348834	0.450798
AT2G07200	0	0.0	0.0	0.0
AT4G37110	22	0.827756	6.049860	7.818214
AT4G27590	0	0.000000	0.000000	0.000000
AT4G23170	107	4.681469	32.683376	42.236614
AT5G50720	0	0.000000	0.000000	0.000000
AT5G18850	0	0.000000	0.000000	0.000000
AT4G15733	0	0.0	0.0	0.0
AT3G05710	43	1.708333	13.458477	17.392344
AT3G17765	0	0.000000	0.000000	0.000000
AT4G29850	2	0.234309	1.635813	2.113956
AT2G20630	139	5.779289	53.535645	69.183929
AT5G16050	199	10.156170	78.325462	101.219734
AT1G51060	283	26.915375	187.907959	242.832809
AT1G75410	68	1.938666	14.711372	19.011456
AT1G75560	47	1.801347	21.897385	28.297916
AT3G52050	47	1.116647	14.675649	18.965290
AT1G03370	70	1.331743	9.297478	12.015100
AT2G13820	31	1.610407	22.381386	28.923389
AT5G58710	157	12.989496	90.685333	117.192345
AT1G56730	0	0.0	0.0	0.0
AT2G37930	9	0.260220	2.008566	2.595663
AT4G16050	0	0.0	0.0	0.0
AT1G72040	105	3.866133	26.991159	34.880581
AT2G31890	161	3.493611	32.178520	41.584190
AT2G06145	0	0.0	0.0	0.0
AT1G20340	4012	238.272461	1663.483887	2149.714600
AT3G17230	0	0.000000	0.000000	0.000000
AT4G15056	0	0.0	0.0	0.0
AT4G23730	41	1.237476	9.508388	12.287657
AT5G58650	10	1.657476	11.571562	14.953890
AT2G10557	0	0.0	0.0	0.0
AT1G71820	96	2.437280	17.811640	23.017920
AT5G23730	3	0.144068	1.005801	1.299794
AT1G65541	0	0.000000	0.000000	0.000000
AT3G05650	20	0.399119	2.786423	3.600886
AT1G80090	0	0.0	0.0	0.0
AT2G28470	160	3.548284	25.538921	33.003860
AT1G24147	151	12.922830	90.219910	116.590874
AT1G04733	19	7.731874	53.979580	69.757629
AT5G65100	0	0.000000	0.000000	0.000000
AT2G32550	0	0.000000	0.000000	0.000000
AT4G00140	0	0.0	0.0	0.0
AT1G56170	0	0.000000	0.000000	0.000000
AT4G21400	11	0.265661	2.366092	3.057693
AT5G07875	0	0.000000	0.000000	0.000000
AT5G04347	0	0.0	0.0	0.0
AT4G17330	106	1.213822	8.519705	11.009985
AT1G79100	0	0.0	0.0	0.0
AT5G51900	0	0.0	0.0	0.0
AT1G06987	0	0.0	0.0	0.0
AT3G07785	0	0.000000	0.000000	0.000000
AT1G53635	0	0.0	0.0	0.0
AT1G34270	15	0.649133	4.617138	5.966711
AT2G19470	40	1.578078	11.282656	14.580538
AT5G17330	0	0.000000	0.000000	0.000000
AT4G07875	1	0.000532	0.003714	0.004800
AT1G48698	0	0.0	0.0	0.0
AT5G06785	0	0.0	0.0	0.0
AT1G07520	2	0.037052	0.284521	0.367686
AT4G13660	0	0.0	0.0	0.0
AT3G16330	2	0.132855	0.927519	1.198629
AT5G52330	0	0.0	0.0	0.0
AT1G29210	0	0.0	0.0	0.0
AT5G42910	0	0.0	0.0	0.0
AT1G10220	0	0.0	0.0	0.0
AT4G21710	57	1.091215	7.811905	10.095299
AT2G07535	0	0.0	0.0	0.0
AT2G15430	37	1.439469	10.531566	13.609906
AT5G65620	167	5.095413	37.030758	47.854721
AT4G06785	0	0.000000	0.000000	0.000000
AT2G40790	27	0.788227	5.705746	7.373516
AT5G13660	0	0.000000	0.000000	0.000000
AT1G79620	12	0.242291	1.825213	2.358716
AT1G28060	50	0.929845	7.136298	9.222214
AT3G09110	0	0.0	0.0	0.0
AT2G46680	43	1.484756	13.083232	16.907415
AT4G00695	0	0.000000	0.000000	0.000000
AT4G16230	0	0.0	0.0	0.0
ATMG00730	4	0.194195	1.355760	1.752044
AT5G46795	0	0.0	0.0	0.0
AT3G09863	0	0.0	0.0	0.0
AT3G08075	0	0.000000	0.000000	0.000000
AT4G18372	16	1.848869	13.336071	17.234159
AT5G43300	0	0.0	0.0	0.0
AT1G08333	0	0.000000	0.000000	0.000000
AT3G52230	118	10.202615	71.228897	92.048866
AT1G19060	0	0.0	0.0	0.0
AT5G16230	11	0.473627	3.306597	4.273103
AT2G42130	132	5.625536	64.989586	83.985809
AT2G39300	0	0.000000	0.000000	0.000000
AT1G18210	74	4.521605	32.939781	42.567966
AT1G66550	0	0.0	0.0	0.0
AT4G04425	0	0.000000	0.000000	0.000000
AT5G54310	110	4.547619	31.748909	41.029007
AT4G16765	13	0.346014	3.013314	3.894094
AT5G53860	144	5.210240	42.075230	54.373672
AT5G03680	7	0.222511	1.553446	2.007513
AT1G07853	0	0.000000	0.000000	0.000000
AT1G61200	0	0.0	0.0	0.0
AT2G02955	11	0.328999	2.296885	2.968257
AT5G58400	0	0.000000	0.000000	0.000000
AT3G60440	34	1.852921	12.936049	16.717211
AT5G02675	0	0.000000	0.000000	0.000000
AT1G75700	0	0.000000	0.000000	0.000000
AT2G41945	16	0.967290	9.920991	12.820862
AT5G04425	0	0.000000	0.000000	0.000000
AT1G30974	0	0.0	0.0	0.0
AT3G52765	0	0.0	0.0	0.0
AT5G28900	53	1.670818	13.035821	16.846146
AT5G44930	0	0.000000	0.000000	0.000000
AT3G05400	0	0.000000	0.000000	0.000000
AT4G15236	0	0.000000	0.000000	0.000000
AT1G09080	3	0.101176	0.709363	0.916707
AT4G00305	0	0.0	0.0	0.0
AT4G19900	17	0.585182	4.237697	5.476361
AT5G43690	0	0.0	0.0	0.0
AT4G21650	63	1.960173	13.684822	17.684849
AT2G42770	120	7.859852	54.873051	70.912254
AT5G05598	0	0.0	0.0	0.0
AT5G39785	0	0.000000	0.000000	0.000000
AT5G19900	33	0.853881	6.000460	7.754374
AT2G39690	11	0.394917	2.878062	3.719310
AT3G26590	30	1.073093	8.027116	10.373413
AT2G21970	81	7.059852	49.287907	63.694588
ATMG00170	0	0.0	0.0	0.0
AT3G54210	762	60.280201	481.684204	622.478882
AT1G09593	0	0.0	0.0	0.0
AT2G44110	0	0.0	0.0	0.0
AT1G34817	0	0.0	0.0	0.0
AT3G12620	41	1.470852	11.009187	14.227134
AT5G56620	0	0.000000	0.000000	0.000000
AT3G57100	0	0.0	0.0	0.0
AT2G47200	0	0.000000	0.000000	0.000000
AT3G03535	0	0.000000	0.000000	0.000000
AT3G14470	9	0.162899	1.304223	1.685443
AT4G20735	0	0.0	0.0	0.0
AT2G31880	8	0.280448	1.957930	2.530226
AT1G69130	0	0.0	0.0	0.0
ATCG01220	0	0.0	0.0	0.0
AT1G55550	0	0.000000	0.000000	0.000000
AT1G71050	18	1.348544	9.414773	12.166679
AT5G27580	0	0.0	0.0	0.0
AT3G45710	0	0.0	0.0	0.0
AT2G21060	39	3.027532	21.136520	27.314653
AT5G03145	0	0.0	0.0	0.0
AT1G50630	21	0.828373	5.783233	7.473652
AT3G51040	20	0.669968	6.279906	8.115501
AT2G26730	92	2.719584	18.986601	24.536320
AT4G27580	0	0.0	0.0	0.0
AT1G17745	29	0.902690	6.540083	8.451727
AT5G27093	0	0.000000	0.000000	0.000000
AT5G10010	76	3.122534	21.799772	28.171768
AT1G28970	0	0.0	0.0	0.0
AT5G27840	62	2.495856	20.230762	26.144146
AT5G09711	0	0.0	0.0	0.0
AT1G69770	54	1.387149	9.684291	12.514977
AT3G57157	0	0.0	0.0	0.0
AT4G16820	0	0.0	0.0	0.0
AT1G04267	0	0.000000	0.000000	0.000000
AT4G29020	326	28.289902	197.504135	255.233917
AT4G10010	0	0.0	0.0	0.0
AT3G07795	0	0.000000	0.000000	0.000000
AT1G06997	0	0.0	0.0	0.0
AT4G27840	27	1.262285	8.812562	11.388443
AT5G61270	79	3.114909	22.481438	29.052685
AT1G58470	12	0.541264	3.878124	5.011687
AT3G52820	0	0.0	0.0	0.0
AT5G16820	53	1.612292	18.935844	24.470728
AT5G11416	0	0.0	0.0	0.0
AT3G20360	0	0.000000	0.000000	0.000000
AT3G45650	20	0.670588	4.681667	6.050102
AT1G73210	6	0.228992	1.610533	2.081287
AT5G20260	0	0.000000	0.000000	0.000000
AT4G25515	14	0.455379	3.179199	4.108468
AT2G26170	21	0.863346	6.341461	8.195049
AT3G61370	20	1.457372	15.283780	19.751177
AT5G35195	0	0.0	0.0	0.0
AT4G00234	0	0.0	0.0	0.0
AT1G19970	10	0.542756	4.089808	5.285246
AT5G18020	18	2.300166	16.058460	20.752295
AT2G16015	0	0.0	0.0	0.0
AT5G40140	16	0.555506	3.878229	5.011823
AT5G32017	0	0.0	0.0	0.0
AT4G20260	504	18.322697	188.228912	243.247589
AT3G08965	0	0.0	0.0	0.0
AT2G08445	0	0.0	0.0	0.0
AT1G24485	0	0.0	0.0	0.0
AT3G12345	208	16.929735	118.193863	152.741531
AT1G10830	77	3.073293	29.294277	37.856895
AT3G31910	0	0.0	0.0	0.0
AT2G31540	0	0.000000	0.000000	0.000000
AT4G18020	40	0.988661	6.917527	8.939497
AT1G80080	30	1.280175	8.937459	11.549849
AT3G28040	126	2.885123	20.142302	26.029827
AT2G46690	31	2.681920	18.723652	24.196512
AT4G02910	0	0.000000	0.000000	0.000000
AT1G15930	693	49.105495	410.083466	529.949463
AT3G03200	12	0.316374	2.208745	2.854353
AT3G63445	10	0.186236	2.354817	3.043122
AT5G02910	10	0.367891	2.852670	3.686496
AT3G46875	0	0.0	0.0	0.0
AT3G49110	109	4.480062	38.591942	49.872238
AT1G23100	32	4.797077	33.490486	43.279640
AT5G06795	0	0.0	0.0	0.0
AT1G65730	0	0.0	0.0	0.0
AT3G19040	0	0.0	0.0	0.0
AT4G16144	20	0.715086	5.004014	6.466670
AT5G03300	189	6.325659	46.662296	60.301525
AT5G35640	0	0.0	0.0	0.0
AT3G17820	38	1.660419	13.225214	17.090897
AT3G26840	13	0.403707	2.818455	3.642279
AT4G06795	0	0.000000	0.000000	0.000000
AT2G02130	229	25.851484	180.480469	233.234299
AT2G40780	16	1.134058	8.078331	10.439599
AT1G07023	0	0.0	0.0	0.0
AT1G71230	14	0.789247	5.510077	7.120654
AT4G35640	1	0.023917	0.187745	0.242622
AT1G09843	0	0.000000	0.000000	0.000000
AT1G09090	0	0.000000	0.000000	0.000000
AT2G46300	0	0.0	0.0	0.0
AT4G39795	0	0.0	0.0	0.0
AT2G43795	0	0.000000	0.000000	0.000000
AT2G42955	0	0.000000	0.000000	0.000000
AT1G07476	0	0.000000	0.000000	0.000000
AT4G04930	0	0.000000	0.000000	0.000000
AT5G43680	18	1.090196	7.611133	9.835841
AT3G26580	130	5.885274	50.154369	64.814316
AT3G01515	0	0.000000	0.000000	0.000000
AT1G60460	0	0.000000	0.000000	0.000000
AT1G09583	0	0.0	0.0	0.0
AT5G04930	108	1.840094	12.846498	16.601486
AT3G45400	20	0.745525	5.204835	6.726190
AT1G21470	0	0.000000	0.000000	0.000000
AT5G22640	279	5.988700	48.173206	62.254066
AT5G33898	0	0.0	0.0	0.0
AT5G03690	24	0.979028	6.838519	8.837395
AT2G02770	0	0.000000	0.000000	0.000000
AT4G22640	0	0.0	0.0	0.0
AT2G16660	230	5.634538	56.795082	73.396088
AT1G51970	0	0.0	0.0	0.0
AT1G65170	0	0.0	0.0	0.0
AT1G68520	248	7.579289	52.914318	68.380997
AT3G12100	49	1.837429	15.948189	20.609791
AT4G34200	612	15.623003	109.490768	141.494537
AT5G56100	45	3.852090	26.893118	34.753887
AT3G57620	0	0.000000	0.000000	0.000000
AT2G31215	0	0.0	0.0	0.0
AT2G09010	0	0.0	0.0	0.0
AT1G70890	96	7.444229	51.971409	67.162468
AT4G03728	0	0.0	0.0	0.0
AT2G08260	0	0.000000	0.000000	0.000000
AT3G53000	19	0.904050	6.311567	8.156416
AT5G24390	0	0.000000	0.000000	0.000000
AT5G25240	4	0.421808	2.944825	3.805588
AT4G37409	0	0.000000	0.000000	0.000000
AT5G01105	0	0.0	0.0	0.0
AT4G24390	20	0.513374	4.574837	5.912046
AT5G45160	25	0.656944	4.586412	5.927005
AT4G25240	9	0.283068	1.978776	2.557166
ATMG01370	14	3.327381	23.229897	30.019917
AT1G44180	0	0.0	0.0	0.0
AT5G66595	0	0.0	0.0	0.0
AT1G05530	0	0.0	0.0	0.0
AT5G45275	0	0.000000	0.000000	0.000000
AT1G09963	0	0.000000	0.000000	0.000000
AT2G26440	74	2.794677	19.510859	25.213816
AT5G09825	0	0.0	0.0	0.0
AT3G26960	0	0.000000	0.000000	0.000000
AT2G18721	0	0.000000	0.000000	0.000000
AT4G12510	0	0.0	0.0	0.0
AT4G12460	30	0.641298	4.632616	5.986713
AT3G24290	0	0.0	0.0	0.0
AT5G40470	16	0.645128	4.503920	5.820400
AT5G67630	0	0.000000	0.000000	0.000000
AT2G05525	0	0.0	0.0	0.0
AT2G17420	0	0.000000	0.000000	0.000000
AT2G08175	0	0.0	0.0	0.0
AT4G09825	0	0.0	0.0	0.0
AT3G56460	32	1.793261	12.519537	16.178953
AT3G56510	39	1.809214	12.630911	16.322884
AT4G07045	0	0.0	0.0	0.0
AT1G45616	2	0.045455	0.317341	0.410099
AT1G04190	61	3.402680	23.755590	30.699270
AT5G12460	0	0.0	0.0	0.0
AT2G38810	46	4.145927	29.109173	37.617683
AT2G17150	20	0.323874	2.477104	3.201153
AT2G33500	13	0.614626	4.298624	5.555097
AT2G45800	0	0.000000	0.000000	0.000000
AT5G51790	0	0.000000	0.000000	0.000000
AT5G24600	0	0.000000	0.000000	0.000000
AT5G48630	56	3.858254	29.208178	37.745628
AT5G42490	0	0.000000	0.000000	0.000000
AT4G32240	81	6.286413	43.888191	56.716557
AT3G14140	0	0.000000	0.000000	0.000000
AT3G61715	0	0.0	0.0	0.0
AT5G49500	9	0.337090	2.464475	3.184832
AT2G18280	67	2.705672	18.889475	24.410805
AT4G24600	0	0.000000	0.000000	0.000000
AT3G44010	576	55.775757	579.875061	749.370544
AT4G14530	0	0.000000	0.000000	0.000000
AT1G21695	0	0.0	0.0	0.0
AT5G03475	0	0.000000	0.000000	0.000000
AT2G08735	0	0.0	0.0	0.0
ATCG00280	1193	67.116371	468.568634	605.529602
AT5G15190	3	0.243154	1.697564	2.193756
AT2G30820	0	0.000000	0.000000	0.000000
AT5G02480	67	2.087075	14.570780	18.829769
AT3G36659	0	0.0	0.0	0.0
AT2G36010	0	0.000000	0.000000	0.000000
AT5G14530	11	0.604972	4.223573	5.458109
AT1G08720	21	0.429820	3.559178	4.599513
AT1G73885	0	0.000000	0.000000	0.000000
AT1G72870	0	0.000000	0.000000	0.000000
AT4G02480	223	4.061028	28.351807	36.638943
AT5G35737	0	0.0	0.0	0.0
AT4G01340	0	0.0	0.0	0.0
AT2G09665	0	0.000000	0.000000	0.000000
AT1G04320	0	0.0	0.0	0.0
AT1G67865	230	17.078285	133.404388	172.398041
AT2G14870	0	0.0	0.0	0.0
AT5G42350	12	0.442120	3.086632	3.988844
AT3G08585	1	0.117188	0.818141	1.057280
AT5G01340	0	0.000000	0.000000	0.000000
AT5G62830	0	0.0	0.0	0.0
AT1G15002	13	0.475368	3.318751	4.288811
AT1G27000	73	3.845745	26.848824	34.696640
AT2G35920	39	0.820155	5.848125	7.557512
AT2G04335	0	0.0	0.0	0.0
AT1G27555	0	0.0	0.0	0.0
AT1G21140	7	0.470428	3.284263	4.244242
AT5G49760	202	4.428572	31.784681	41.075237
AT1G62010	23	1.102102	7.694254	9.943258
AT4G24120	28	0.733801	5.595844	7.231490
AT3G01240	0	0.0	0.0	0.0
AT2G40900	14	0.575065	4.336952	5.604628
AT1G05205	31	3.805380	31.799910	41.094913
AT1G65440	55	0.748670	5.536432	7.154712
AT5G24120	0	0.000000	0.000000	0.000000
AT1G08117	0	0.000000	0.000000	0.000000
AT2G33760	2	0.047945	0.334725	0.432564
AT1G11290	6	0.150633	1.051635	1.359024
AT2G41720	106	2.869149	22.664413	29.289145
AT1G09570	68	1.019586	8.225785	10.630155
AT5G57460	74	2.469945	17.243761	22.284056
AT4G15320	0	0.000000	0.000000	0.000000
AT5G57510	0	0.0	0.0	0.0
AT1G33220	0	0.0	0.0	0.0
AT5G24450	30	1.073523	7.542360	9.746965
AT4G27960	166	10.348983	72.250763	93.369408
AT2G31018	0	0.000000	0.000000	0.000000
AT4G30660	187	29.323202	210.602356	272.160706
AT5G19790	2	0.138543	0.967229	1.249947
AT2G22920	0	0.0	0.0	0.0
AT3G62180	0	0.0	0.0	0.0
AT5G54950	0	0.0	0.0	0.0
AT3G06045	0	0.0	0.0	0.0
AT5G64810	11	0.529450	3.988690	5.154570
AT5G15320	211	22.253633	165.120026	213.384033
AT1G77670	46	2.154615	15.042307	19.439121
AT2G43137	1	0.662338	4.624071	5.975670
AT5G27960	0	0.0	0.0	0.0
AT4G24450	0	0.000000	0.000000	0.000000
AT1G64030	0	0.0	0.0	0.0
AT3G15220	7	0.193524	1.357205	1.753911
AT3G44665	0	0.000000	0.000000	0.000000
AT2G03905	0	0.000000	0.000000	0.000000
AT3G63260	0	0.000000	0.000000	0.000000
AT4G28790	0	0.0	0.0	0.0
AT3G08845	0	0.000000	0.000000	0.000000
AT1G75990	41	1.680818	12.349399	15.959085
AT1G04645	0	0.0	0.0	0.0
AT2G41190	0	0.000000	0.000000	0.000000
AT3G23326	0	0.000000	0.000000	0.000000
AT4G20110	0	0.000000	0.000000	0.000000
AT3G51290	13	0.317299	2.771567	3.581687
AT4G19120	304	6.772130	65.218948	84.282219
AT1G08320	0	0.0	0.0	0.0
AT2G18870	0	0.0	0.0	0.0
AT3G04585	0	0.0	0.0	0.0
AT2G23150	44	1.744048	12.175959	15.734950
AT3G14067	151	4.141727	28.915201	37.367016
AT5G19120	17	0.928873	6.484867	8.380372
AT1G73160	0	0.0	0.0	0.0
AT5G20110	23	1.396198	13.106256	16.937170
AT4G30590	0	0.0	0.0	0.0
AT2G08335	0	0.000000	0.000000	0.000000
AT1G07533	0	0.0	0.0	0.0
AT2G01180	21	0.742278	5.903419	7.628967
AT5G47810	7	0.282986	1.975648	2.553124
AT1G55220	0	0.0	0.0	0.0
AT1G20925	0	0.000000	0.000000	0.000000
AT2G29870	0	0.0	0.0	0.0
AT1G72280	0	0.000000	0.000000	0.000000
AT5G11800	19	0.584958	4.192282	5.417672
AT4G25570	262	17.017916	118.809479	153.537094
AT2G37630	90	3.717526	25.953669	33.539837
AT1G56242	0	0.0	0.0	0.0
ATMG01130	2	0.457944	3.197107	4.131610
AT2G20930	65	5.443856	38.005928	49.114933
AT5G25570	9	0.813725	6.529116	8.437553
AT4G11800	34	0.721748	5.038837	6.511672
AT5G51390	3	0.451548	3.152453	4.073905
AT5G60553	0	0.0	0.0	0.0
AT1G04117	3	0.134688	0.940316	1.215167
ATCG00870	7	2.271368	15.857409	20.492476
AT2G16070	38	1.764706	13.879598	17.936556
AT3G25740	33	1.788475	12.623050	16.312725
AT4G05895	0	0.000000	0.000000	0.000000
AT5G42567	0	0.0	0.0	0.0
AT5G28450	1041	132.531052	925.257019	1195.706421
AT3G05950	0	0.0	0.0	0.0
AT5G05895	0	0.0	0.0	0.0
AT1G66830	0	0.000000	0.000000	0.000000
AT5G58950	96	3.040127	22.324257	28.849562
AT3G14415	967	44.717178	323.026123	417.445587
AT4G28450	54	2.382613	16.634060	21.496138
AT5G63500	9	1.301370	9.085431	11.741072
AT1G53935	0	0.0	0.0	0.0
AT1G68030	0	0.000000	0.000000	0.000000
AT5G19450	58	1.635256	13.331910	17.228783
AT4G33585	0	0.000000	0.000000	0.000000
AT1G06687	5	0.867749	6.058134	7.828906
AT4G32570	101	3.501749	25.264359	32.649040
AT2G23420	62	2.160194	15.168279	19.601915
AT4G24790	109	1.333797	11.772599	15.213690
AT3G04845	0	0.000000	0.000000	0.000000
AT5G66010	22	1.359839	10.413718	13.457613
AT4G19450	28	1.009637	7.341853	9.487850
AT5G60820	9	0.399272	2.787492	3.602266
AT3G29305	0	0.0	0.0	0.0
AT4G18205	78	3.952471	27.593922	35.659531
AT1G08645	0	0.000000	0.000000	0.000000
AT5G51600	11	0.317733	2.218232	2.866614
AT2G07855	0	0.000000	0.000000	0.000000
AT5G24790	0	0.0	0.0	0.0
AT1G47250	0	0.000000	0.000000	0.000000
AT5G65920	16	0.527790	3.684732	4.761766
AT1G36240	0	0.0	0.0	0.0
AT5G42610	0	0.0	0.0	0.0
AT2G32830	0	0.0	0.0	0.0
AT5G13960	16	0.484338	3.439279	4.444568
AT5G28390	0	0.000000	0.000000	0.000000
AT5G51120	39	1.902349	17.715462	22.893633
AT1G79920	0	0.000000	0.000000	0.000000
AT2G30432	12	1.486572	10.378407	13.411980
AT3G03025	0	0.000000	0.000000	0.000000
AT2G06990	58	0.986363	7.463525	9.645087
AT1G54140	15	1.030728	7.195961	9.299316
AT3G01570	0	0.000000	0.000000	0.000000
AT4G28390	6	0.135916	1.047097	1.353159
AT3G19290	28	0.830868	7.952658	10.277193
AT1G48180	0	0.0	0.0	0.0
AT4G13960	0	0.000000	0.000000	0.000000
AT5G19390	83	1.712357	13.783163	17.811934
AT5G63760	12	0.447529	3.148104	4.068284
AT5G00995	0	0.0	0.0	0.0
AT1G06480	0	0.0	0.0	0.0
AT5G15720	0	0.000000	0.000000	0.000000
AT3G22000	0	0.0	0.0	0.0
AT4G19390	55	3.040138	25.118305	32.460300
AT3G24518	0	0.000000	0.000000	0.000000
AT3G28290	27	1.266447	8.841619	11.425993
AT5G59800	7	0.335984	2.482180	3.207712
AT2G46980	17	0.322056	2.842680	3.673586
AT2G04175	0	0.0	0.0	0.0
AT1G51915	0	0.0	0.0	0.0
AT4G15720	0	0.000000	0.000000	0.000000
AT3G52742	0	0.000000	0.000000	0.000000
AT3G13222	30	1.115914	7.790682	10.067871
AT1G08190	87	1.955694	13.810446	17.847191
AT2G34810	14	0.536883	3.748214	4.843804
AT5G10278	0	0.000000	0.000000	0.000000
AT2G25830	118	5.863891	40.938377	52.904526
AT2G07676	0	0.0	0.0	0.0
AT1G13000	33	1.167685	8.622429	11.142735
AT4G29530	10	0.589661	4.439418	5.737045
AT2G33360	0	0.000000	0.000000	0.000000
AT5G44630	0	0.0	0.0	0.0
AT5G49360	38	0.625497	4.652631	6.012579
AT3G18140	74	3.997949	30.935167	39.977409
AT3G46810	0	0.0	0.0	0.0
AT5G02975	0	0.0	0.0	0.0
AT5G03980	0	0.0	0.0	0.0
AT4G28600	46	1.165061	8.426970	10.890144
AT5G01740	0	0.0	0.0	0.0
AT3G48010	0	0.0	0.0	0.0
AT5G19600	6	0.169935	1.207272	1.560153
AT2G39990	160	8.204765	57.281040	74.024094
AT1G67180	8	0.278385	1.953734	2.524804
AT4G18530	37	1.471582	10.827928	13.992894
AT3G22057	0	0.0	0.0	0.0
AT2G04735	0	0.0	0.0	0.0
AT3G49260	52	2.010264	15.209030	19.654577
AT2G21670	0	0.0	0.0	0.0
AT5G21950	0	0.000000	0.000000	0.000000
AT1G09240	26	1.472559	10.280576	13.285553
AT1G06143	2	0.043339	0.302568	0.391008
AT4G01740	3	0.112302	0.784029	1.013198
AT4G19600	53	1.810427	13.137478	16.977516
AT1G16460	81	3.218419	29.237741	37.783833
AT1G04720	0	0.000000	0.000000	0.000000
AT1G16510	8	0.667431	4.659626	6.021619
AT5G51450	14	0.367156	2.797664	3.615411
AT1G68250	0	0.0	0.0	0.0
AT4G21950	0	0.0	0.0	0.0
AT5G42750	23	0.987076	6.891207	8.905484
AT5G43990	12	0.312892	2.302875	2.975998
AT3G29140	0	0.000000	0.000000	0.000000
AT4G06455	0	0.0	0.0	0.0
AT5G61880	18	1.150866	10.674789	13.794994
AT3G24040	42	0.891105	6.221192	8.039625
AT4G13840	170	6.609436	46.143353	59.630898
AT3G13433	0	0.0	0.0	0.0
AT5G56745	0	0.0	0.0	0.0
AT4G07295	0	0.0	0.0	0.0
AT3G58877	0	0.0	0.0	0.0
AT1G77060	0	0.000000	0.000000	0.000000
AT5G06455	0	0.0	0.0	0.0
AT2G27505	0	0.000000	0.000000	0.000000
AT5G13840	25	1.006586	7.301109	9.435198
AT2G27050	100	3.374947	23.561975	30.449060
AT5G58787	27	0.998113	7.646334	9.881330
AT4G30070	0	0.0	0.0	0.0
AT3G61770	126	7.939969	55.432384	71.635078
AT5G07295	0	0.0	0.0	0.0
AT4G10595	0	0.0	0.0	0.0
AT1G43130	37	1.658937	13.348471	17.250183
AT5G03560	36	0.528532	9.681045	12.510781
AT3G07395	0	0.0	0.0	0.0
AT1G26640	33	1.659227	11.583787	14.969687
AT4G25090	0	0.000000	0.000000	0.000000
AT3G20760	0	0.000000	0.000000	0.000000
AT4G09984	0	0.0	0.0	0.0
AT2G05255	1	0.024047	0.167883	0.216954
AT4G03560	182	5.150622	35.958733	46.469353
AT1G69370	49	3.072025	21.447145	27.716072
AT4G03410	9	0.325475	2.429477	3.139605
AT1G52100	8	0.267832	1.981080	2.560143
AT5G25090	0	0.000000	0.000000	0.000000
AT1G17620	64	3.473433	24.249550	31.337610
AT4G31805	0	0.000000	0.000000	0.000000
AT1G43770	11	0.296473	2.593932	3.352129
AT2G26330	117	2.106706	15.218093	19.666288
AT3G61130	89	1.568051	11.743836	15.176519
AT5G53640	0	0.0	0.0	0.0
AT3G55930	0	0.000000	0.000000	0.000000
AT1G17345	0	0.0	0.0	0.0
AT2G31270	28	1.010560	7.055160	9.117359
AT2G09075	0	0.0	0.0	0.0
AT2G46560	34	0.331436	2.390520	3.089261
AT4G08930	23	1.311428	9.155650	11.831816
AT2G46410	7	0.608852	4.657344	6.018669
AT1G06910	0	0.000000	0.000000	0.000000
AT3G45310	47	2.116913	15.611963	20.175287
AT3G25430	0	0.000000	0.000000	0.000000
AT5G08930	0	0.0	0.0	0.0
AT5G61540	6	0.273067	1.906400	2.463634
AT4G32090	0	0.0	0.0	0.0
AT3G07605	0	0.000000	0.000000	0.000000
AT5G06125	0	0.0	0.0	0.0
AT4G13580	0	0.000000	0.000000	0.000000
AT5G45210	0	0.0	0.0	0.0
AT2G07621	0	0.0	0.0	0.0
AT1G57820	44	1.386941	9.873865	12.759963
AT5G38200	0	0.0	0.0	0.0
AT5G13580	0	0.0	0.0	0.0
AT1G64520	160	9.575280	66.849205	86.388992
AT2G08110	0	0.0	0.0	0.0
AT4G38200	36	0.531441	3.717119	4.803620
AT4G23271	0	0.000000	0.000000	0.000000
AT2G27230	33	0.948633	6.625264	8.561806
AT5G06605	0	0.000000	0.000000	0.000000
AT3G07125	0	0.000000	0.000000	0.000000
AT3G18470	0	0.0	0.0	0.0
AT3G20557	0	0.0	0.0	0.0
AT1G60095	0	0.0	0.0	0.0
AT3G01090	47	1.536877	13.112163	16.944803
AT1G12820	42	1.345111	9.390806	12.135707
AT2G07652	0	0.000000	0.000000	0.000000
AT3G63110	30	1.403962	9.801670	12.666665
AT2G02370	11	0.370658	2.694883	3.482588
AT5G50443	0	0.000000	0.000000	0.000000
AT3G59970	254	9.305925	67.145782	86.772270
AT2G05035	0	0.0	0.0	0.0
AT1G45249	29	0.868370	6.829206	8.825359
AT1G06473	2	0.184810	1.290239	1.667372
AT2G46700	20	0.469618	3.407632	4.403671
AT1G05020	4	0.112304	0.784043	1.013216
AT3G50830	76	4.947282	34.539131	44.634800
AT4G35725	0	0.0	0.0	0.0
AT1G09017	0	0.0	0.0	0.0
AT3G02805	0	0.0	0.0	0.0
AT2G40380	70	4.889667	34.136898	44.114994
AT4G06395	1	0.171765	1.199166	1.549679
AT1G75680	183	6.788812	47.395657	61.249241
AT1G52620	2	0.058587	0.409021	0.528577
AT1G08267	0	0.000000	0.000000	0.000000
AT1G17100	90	7.636557	53.314133	68.897667
AT5G06395	0	0.000000	0.000000	0.000000
AT1G65330	0	0.0	0.0	0.0
AT3G20500	45	1.765957	12.850303	16.606403
AT1G54470	0	0.0	0.0	0.0
AT1G19485	17	0.417211	3.366420	4.350413
AT5G03700	0	0.0	0.0	0.0
AT1G63080	6	0.134763	0.962049	1.243252
AT3G15550	10	0.305265	2.131188	2.754127
AT5G14020	0	0.0	0.0	0.0
AT3G10630	7	0.298514	2.084056	2.693219
AT4G01430	0	0.000000	0.000000	0.000000
AT3G06295	0	0.0	0.0	0.0
AT3G04965	0	0.000000	0.000000	0.000000
AT1G11040	0	0.0	0.0	0.0
AT5G50180	52	1.996585	14.527208	18.773460
AT4G14020	9	0.945714	6.602441	8.532312
AT5G01430	44	3.266355	22.803846	29.469334
AT3G23820	538	16.551750	115.554985	149.331299
AT5G19130	24	0.748732	5.419647	7.003791
AT4G06310	1	0.101064	0.705572	0.911808
AT2G14890	356	16.250429	147.221573	190.253937
AT1G49840	13	0.389920	3.139817	4.057575
AT3G28540	64	2.429880	17.456486	22.558958
AT2G28910	278	11.410164	91.983627	118.870125
AT4G19130	0	0.000000	0.000000	0.000000
AT5G06310	3	0.123537	0.944204	1.220192
AT4G16233	0	0.0	0.0	0.0
AT1G77300	58	0.779566	5.442490	7.033311
AT3G59680	7	0.417814	2.916941	3.769554
AT3G09860	238	27.341499	190.882919	246.677353
AT2G12646	0	0.0	0.0	0.0
AT3G03255	0	0.000000	0.000000	0.000000
AT1G26110	176	5.168077	39.084908	50.509296
AT4G32660	35	1.281444	10.172678	13.146117
ATMG01120	2	0.534799	3.733665	4.825002
AT2G20920	78	4.370968	30.515633	39.435246
AT3G60180	0	0.000000	0.000000	0.000000
AT5G03355	3	0.096596	0.674379	0.871497
AT3G19540	81	2.946575	20.571323	26.584251
AT2G19910	0	0.000000	0.000000	0.000000
AT2G20362	3	0.193211	1.348890	1.743166
AT5G44100	92	2.953977	21.445490	27.713934
AT3G06210	0	0.000000	0.000000	0.000000
AT1G55230	0	0.0	0.0	0.0
AT1G07807	0	0.000000	0.000000	0.000000
AT1G07523	0	0.0	0.0	0.0
AT2G37620	31	1.074033	8.607327	11.123221
AT4G28130	0	0.0	0.0	0.0
AT5G53110	0	0.000000	0.000000	0.000000
AT2G42900	4	0.264921	1.849529	2.390140
AT1G66820	44	4.678813	32.664833	42.212650
AT1G61566	0	0.0	0.0	0.0
AT3G19880	0	0.0	0.0	0.0
AT1G09590	539	49.432339	345.108704	445.982788
AT4G19770	0	0.0	0.0	0.0
AT1G11270	12	0.373274	3.151462	4.072624
AT1G09083	1	0.528986	3.693082	4.772557
AT2G21700	0	0.0	0.0	0.0
AT1G77690	18	0.597252	4.169677	5.388459
AT1G60010	83	6.105263	42.623501	55.082203
AT3G01015	0	0.000000	0.000000	0.000000
AT1G02400	0	0.000000	0.000000	0.000000
AT5G19770	466	18.955448	132.336243	171.017670
AT3G26080	1	0.059813	0.417581	0.539638
AT4G28770	100	5.680203	40.464687	52.292377
AT5G60830	0	0.000000	0.000000	0.000000
AT5G39310	0	0.0	0.0	0.0
AT3G28880	0	0.000000	0.000000	0.000000
AT1G49580	44	1.463528	10.217527	13.204075
AT4G25660	54	2.467808	18.045769	23.320484
AT2G23430	47	2.686869	22.221252	28.716450
AT5G28770	31	1.688150	12.495792	16.148270
AT1G68020	0	0.000000	0.000000	0.000000
AT2G44860	172	11.979039	88.053322	113.791000
AT2G43310	1	0.096207	0.671663	0.867988
AT2G07706	4	0.099285	0.693152	0.895758
AT1G07850	0	0.000000	0.000000	0.000000
AT1G75970	0	0.0	0.0	0.0
AT5G40350	0	0.0	0.0	0.0
AT2G08640	0	0.000000	0.000000	0.000000
AT3G03035	0	0.0	0.0	0.0
AT5G24370	0	0.0	0.0	0.0
AT4G37860	0	0.0	0.0	0.0
AT5G05285	0	0.0	0.0	0.0
AT3G30340	0	0.000000	0.000000	0.000000
AT2G46495	0	0.0	0.0	0.0
AT4G00480	14	0.515829	4.084175	5.277965
AT1G70870	0	0.0	0.0	0.0
AT3G11680	0	0.0	0.0	0.0
AT4G24370	15	1.382774	9.653748	12.475505
AT1G80840	0	0.000000	0.000000	0.000000
AT1G77145	0	0.0	0.0	0.0
ATMG01390	53	2.152972	15.030836	19.424297
AT5G65930	109	1.483060	10.766568	13.913599
AT5G37860	0	0.0	0.0	0.0
AT5G51130	0	0.000000	0.000000	0.000000
AT1G79930	247	3.360716	45.381447	58.646290
AT4G05285	0	0.000000	0.000000	0.000000
AT3G49725	18	0.643490	4.492485	5.805622
AT2G32820	0	0.0	0.0	0.0
AT2G41330	3	0.139313	0.972605	1.256894
AT4G30240	19	0.907854	6.338124	8.190737
AT1G02710	0	0.000000	0.000000	0.000000
AT2G21560	11	0.627094	4.378016	5.657696
AT2G21410	68	1.766949	12.335842	15.941565
AT5G44345	0	0.0	0.0	0.0
AT5G27080	0	0.0	0.0	0.0
AT2G06485	0	0.0	0.0	0.0
AT1G55050	7	0.161463	1.129736	1.459954
AT4G15730	9	0.164115	1.145758	1.480660
AT1G04170	214	7.984565	58.825317	76.019753
AT3G05385	0	0.000000	0.000000	0.000000
AT4G27080	91	3.364953	25.416239	32.845318
AT2G08195	0	0.0	0.0	0.0
AT3G51540	0	0.0	0.0	0.0
AT3G24270	0	0.0	0.0	0.0
AT5G15730	14	0.485131	3.931330	5.080445
AT5G40490	44	1.702663	13.923273	17.992998
AT3G26539	15	0.403464	2.906965	3.756661
AT5G42470	24	1.215974	8.516458	11.005790
AT1G34815	0	0.0	0.0	0.0
AT5G51770	18	0.605366	4.226324	5.461664
AT4G07210	0	0.000000	0.000000	0.000000
AT2G13550	22	1.154049	8.056919	10.411929
AT2G37100	18	0.905318	6.320419	8.167856
AT5G10460	24	1.735545	12.116596	15.658236
AT5G10510	10	0.237447	1.862221	2.406542
AT2G25820	2	0.139048	0.970755	1.254503
AT5G63225	0	0.0	0.0	0.0
AT5G44620	0	0.000000	0.000000	0.000000
AT5G07210	0	0.0	0.0	0.0
AT5G15265	0	0.0	0.0	0.0
AT1G02650	0	0.0	0.0	0.0
AT4G10510	0	0.0	0.0	0.0
AT3G51880	105	7.457551	58.435394	75.515862
AT3G01660	14	0.819853	5.723751	7.396784
AT1G76200	190	24.979372	174.391876	225.366028
AT4G29520	47	3.118834	21.773939	28.138388
AT1G79103	0	0.0	0.0	0.0
AT5G15170	16	0.491145	3.508995	4.534663
AT5G18520	211	9.619211	67.155907	86.785347
AT3G27925	123	5.085162	41.613861	53.777451
AT5G03495	0	0.000000	0.000000	0.000000
AT3G07310	96	4.073301	28.437487	36.749668
AT4G34035	0	0.000000	0.000000	0.000000
AT1G04730	19	0.452564	3.214818	4.154499
AT1G72890	14	0.646028	5.259856	6.797293
AT1G80580	0	0.0	0.0	0.0
AT1G24764	40	1.190768	8.750811	11.308642
AT4G18520	14	0.518169	3.617563	4.674965
AT2G31040	258	11.586382	84.603165	109.332382
AT2G09245	0	0.0	0.0	0.0
AT4G03495	0	0.000000	0.000000	0.000000
AT3G08085	0	0.000000	0.000000	0.000000
AT4G20640	0	0.0	0.0	0.0
AT3G32420	0	0.0	0.0	0.0
AT2G46670	0	0.000000	0.000000	0.000000
AT1G80960	0	0.000000	0.000000	0.000000
AT5G46950	0	0.0	0.0	0.0
AT5G37940	0	0.0	0.0	0.0
AT5G20640	0	0.000000	0.000000	0.000000
AT1G27500	14	0.388830	2.995957	3.871665
AT1G58350	34	0.790196	5.516703	7.129216
AT4G37940	0	0.0	0.0	0.0
AT2G01379	0	0.000000	0.000000	0.000000
AT3G53235	5	0.733598	6.472740	8.364700
AT1G62510	5	0.412823	2.882097	3.724524
AT3G61450	0	0.0	0.0	0.0
AT5G06775	0	0.000000	0.000000	0.000000
AT1G17630	4	0.096492	0.682191	0.881593
AT3G18282	0	0.000000	0.000000	0.000000
AT3G21810	26	0.627149	7.379685	9.536741
AT3G17152	0	0.0	0.0	0.0
AT1G05250	0	0.0	0.0	0.0
AT2G40955	0	0.000000	0.000000	0.000000
AT1G36070	22	0.512850	5.678281	7.338023
AT4G06775	0	0.000000	0.000000	0.000000
AT3G25150	56	1.934046	15.475902	19.999454
AT1G50745	0	0.000000	0.000000	0.000000
AT1G04647	0	0.000000	0.000000	0.000000
AT2G42780	20	1.093505	7.634235	9.865696
AT5G57010	0	0.0	0.0	0.0
AT1G09070	118	5.844334	40.801842	52.728081
AT5G08920	1	0.008431	0.058860	0.076065
AT3G25420	0	0.0	0.0	0.0
AT2G17340	74	1.479086	14.132618	18.263533
AT2G21980	0	0.0	0.0	0.0
ATMG00180	7	0.401766	2.804904	3.624767
AT3G61120	0	0.0	0.0	0.0
AT2G26320	0	0.0	0.0	0.0
AT3G06545	0	0.000000	0.000000	0.000000
AT4G16451	0	0.000000	0.000000	0.000000
AT5G39775	0	0.0	0.0	0.0
AT4G08920	171	4.285400	32.246906	41.672569
AT3G14350	104	2.624127	20.522243	26.520826
AT1G76952	0	0.000000	0.000000	0.000000
AT3G55920	14	0.619584	5.405460	6.985458
AT5G03670	6	0.177419	1.493357	1.929860
AT5G14250	41	1.833902	13.510293	17.459305
AT5G19315	0	0.0	0.0	0.0
AT4G06135	0	0.000000	0.000000	0.000000
AT2G02790	35	0.909002	6.632838	8.571595
AT5G00910	0	0.0	0.0	0.0
AT5G02685	0	0.0	0.0	0.0
AT2G23740	3	0.036806	0.304900	0.394022
AT1G64530	14	0.333333	2.343535	3.028543
AT4G14250	0	0.0	0.0	0.0
AT3G32150	0	0.0	0.0	0.0
AT4G20325	22	1.248262	9.805755	12.671943
AT1G31160	50	3.174070	27.649649	35.731544
AT4G00910	0	0.000000	0.000000	0.000000
AT1G65190	117	5.047671	35.239990	45.540520
AT3G53760	10	0.247632	1.782493	2.303510
AT1G51990	0	0.0	0.0	0.0
AT2G07631	0	0.0	0.0	0.0
AT1G57830	0	0.0	0.0	0.0
AT1G05207	1	0.127095	0.887306	1.146662
AT1G08115	2	0.884848	6.177509	7.983174
AT3G29750	0	0.0	0.0	0.0
AT4G05810	0	0.000000	0.000000	0.000000
AT4G22260	75	3.676799	25.797361	33.337841
AT5G42140	19	0.369697	2.581016	3.335438
AT3G53500	112	3.788804	33.861103	43.758587
AT3G07135	0	0.0	0.0	0.0
AT3G58810	3	0.102482	0.762792	0.985753
AT2G16240	0	0.0	0.0	0.0
AT3G26818	0	0.0	0.0	0.0
AT1G12830	4	0.277571	1.937844	2.504269
AT4G01150	2387	201.344940	1546.407715	1998.417358
AT2G09510	0	0.000000	0.000000	0.000000
AT3G09940	0	0.0	0.0	0.0
AT1G06753	0	0.000000	0.000000	0.000000
AT2G09460	1	0.001254	0.008755	0.011314
AT5G22260	0	0.0	0.0	0.0
AT5G05810	4	0.162360	1.133506	1.464826
AT1G49960	0	0.000000	0.000000	0.000000
AT1G54610	415	8.104413	83.038055	107.309792
AT2G27220	0	0.0	0.0	0.0
AT1G03380	22	0.420512	2.935777	3.793895
AT5G01150	0	0.0	0.0	0.0
AT3G14490	0	0.0	0.0	0.0
AT5G07545	0	0.0	0.0	0.0
AT5G15440	57	3.192931	22.291241	28.806896
AT4G12010	14	0.251322	1.848970	2.389418
AT3G61600	113	3.820436	26.889572	34.749302
AT3G50820	1277	76.951027	537.228638	694.258728
AT1G04183	35	1.389138	9.698177	12.532922
AT1G05030	47	1.405903	11.217771	14.496687
AT5G23180	0	0.0	0.0	0.0
AT4G24715	0	0.0	0.0	0.0
AT3G18750	26	0.748422	6.639631	8.580373
AT3G22360	0	0.0	0.0	0.0
AT1G21350	108	5.180169	56.537754	73.063545
AT4G22758	0	0.000000	0.000000	0.000000
AT5G12010	79	3.183519	22.225533	28.721981
AT3G56010	170	12.102771	84.494713	109.192238
AT4G07545	0	0.0	0.0	0.0
AT4G15440	0	0.000000	0.000000	0.000000
AT5G35735	122	5.677927	39.640083	51.226742
AT4G23180	78	2.240626	18.111345	23.405230
AT5G07885	0	0.000000	0.000000	0.000000
AT1G65320	54	2.222917	15.519153	20.055347
AT1G14810	207	9.228236	71.932709	92.958397
AT5G24655	2	0.192408	1.343284	1.735921
AT2G33000	0	0.000000	0.000000	0.000000
AT1G69790	0	0.0	0.0	0.0
AT1G56180	29	0.734944	5.409726	6.990971
AT1G13360	97	5.141616	36.283669	46.889259
AT1G28990	0	0.0	0.0	0.0
AT4G35260	7	0.311044	2.171534	2.806266
AT5G49555	27	1.122287	7.835175	10.125369
AT5G49000	9	0.464689	3.244196	4.192464
AT3G18610	0	0.000000	0.000000	0.000000
AT1G06977	0	0.000000	0.000000	0.000000
AT3G07775	0	0.000000	0.000000	0.000000
AT1G52630	10	0.395906	2.963745	3.830038
AT5G61290	13	0.604646	4.257663	5.502164
AT2G19480	395	17.423992	126.980637	164.096649
AT5G20447	0	0.000000	0.000000	0.000000
AT5G45277	0	0.0	0.0	0.0
AT1G19990	37	2.600177	18.152969	23.459019
AT2G26190	72	2.201949	17.377932	22.457441
AT4G00026	40	1.492191	12.959326	16.747292
AT3G61390	0	0.000000	0.000000	0.000000
AT3G23830	155	11.440850	79.873558	103.220329
AT5G01420	0	0.0	0.0	0.0
AT4G14030	168	4.471824	50.582409	65.367470
AT1G27760	107	3.803865	29.046104	37.536182
AT3G44510	0	0.0	0.0	0.0
AT2G44940	49	2.977744	20.788929	26.865461
AT3G48298	0	0.0	0.0	0.0
AT3G44460	0	0.000000	0.000000	0.000000
AT2G11045	0	0.0	0.0	0.0
AT2G28480	0	0.000000	0.000000	0.000000
AT1G04440	61	1.613075	14.026682	18.126633
AT1G06613	1	0.005513	0.038489	0.049739
AT4G01420	0	0.0	0.0	0.0
AT3G10620	193	6.649775	60.741604	78.496170
AT5G14030	198	8.150671	63.451534	81.998199
AT2G36510	0	0.0	0.0	0.0
AT2G36460	187	6.974324	59.258907	76.580086
AT1G43600	0	0.0	0.0	0.0
AT3G47950	0	0.000000	0.000000	0.000000
AT2G06983	0	0.0	0.0	0.0
AT3G54810	70	2.320118	20.894934	27.002453
AT3G16180	41	1.430027	10.140828	13.104959
ATCG01230	1	0.021325	0.148879	0.192396
AT3G53360	0	0.0	0.0	0.0
AT5G52180	25	1.255888	8.767901	11.330729
AT1G69120	0	0.0	0.0	0.0
AT2G02390	18	0.776086	8.274292	10.692841
AT3G01070	0	0.000000	0.000000	0.000000
AT3G03525	0	0.0	0.0	0.0
AT5G56630	37	1.319091	9.209148	11.900951
AT2G23340	17	1.071310	7.479282	9.665450
AT1G31885	0	0.0	0.0	0.0
AT3G18490	514	18.644897	130.168152	168.215866
AT3G12630	103	5.564658	38.849304	50.204819
AT2G26720	0	0.0	0.0	0.0
AT1G21065	148	11.642647	86.090736	111.254768
AT3G22500	0	0.0	0.0	0.0
AT3G59990	129	4.713892	37.089554	47.930706
AT2G37435	0	0.0	0.0	0.0
AT1G02816	12	0.593009	4.140054	5.350178
AT1G08183	0	0.000000	0.000000	0.000000
AT3G14750	0	0.000000	0.000000	0.000000
AT2G42380	46	1.779368	13.033697	16.843403
AT4G14368	0	0.0	0.0	0.0
AT1G61800	5	0.199674	1.490236	1.925827
AT1G07253	0	0.0	0.0	0.0
AT2G43375	14	0.692769	4.836522	6.250221
AT5G53260	0	0.0	0.0	0.0
AT2G17740	3	0.208687	1.456935	1.882792
AT1G06493	0	0.0	0.0	0.0
AT1G50620	17	0.512902	3.580792	4.627446
AT1G37150	0	0.0	0.0	0.0
AT1G18810	33	1.583893	11.057847	14.290018
AT1G13500	0	0.0	0.0	0.0
AT4G29030	94	9.016909	62.950970	81.351326
AT5G16830	0	0.000000	0.000000	0.000000
AT4G06375	0	0.0	0.0	0.0
AT3G52830	0	0.0	0.0	0.0
AT2G02600	0	0.0	0.0	0.0
AT1G26260	0	0.000000	0.000000	0.000000
AT3G14610	0	0.000000	0.000000	0.000000
AT3G06160	48	1.189096	9.122949	11.789557
AT1G54490	69	1.512517	10.948071	14.148155
AT4G16830	90	4.459006	31.227243	40.354858
AT3G06275	0	0.0	0.0	0.0
AT1G77980	0	0.0	0.0	0.0
AT3G43800	49	3.725621	26.010183	33.612873
AT4G18030	235	6.916543	48.287399	62.401642
AT1G10820	38	1.332598	9.394618	12.140633
AT3G48510	0	0.0	0.0	0.0
AT1G29810	22	1.673381	12.594531	16.275869
AT3G48460	11	0.500855	3.571989	4.616069
AT2G24480	0	0.000000	0.000000	0.000000
AT1G08440	0	0.0	0.0	0.0
AT1G16010	0	0.000000	0.000000	0.000000
AT3G08636	0	0.0	0.0	0.0
AT5G18030	13	1.224076	8.545808	11.043718
AT1G69450	29	0.734608	5.695183	7.359866
AT3G04085	0	0.000000	0.000000	0.000000
AT4G07275	0	0.000000	0.000000	0.000000
ATCG01050	604	31.732412	221.537796	286.292542
AT3G61790	31	1.566537	10.936677	14.133430
AT4G30090	0	0.000000	0.000000	0.000000
AT1G63960	0	0.0	0.0	0.0
AT1G47530	107	3.442869	25.383511	32.803020
AT5G07275	0	0.000000	0.000000	0.000000
AT1G54350	76	2.389984	17.041677	22.022902
AT1G15920	7	0.275462	2.869538	3.708294
AT1G27360	16	0.454878	3.178020	4.106944
AT1G21610	13	0.304374	2.387407	3.085238
AT4G25070	5	0.135054	0.942871	1.218469
AT1G32763	0	0.0	0.0	0.0
AT2G02120	0	0.000000	0.000000	0.000000
AT3G07375	0	0.000000	0.000000	0.000000
AT5G07160	0	0.0	0.0	0.0
AT1G71220	137	2.106207	14.729902	19.035400
AT2G16570	3	0.102050	0.712456	0.920704
AT1G65720	189	10.615331	74.110252	95.772423
AT5G25070	40	1.138979	7.951708	10.275966
AT3G17830	17	0.647326	4.544489	5.872828
AT3G22235	1723	200.462158	1661.337646	2146.940674
AT1G69390	43	3.132776	21.871273	28.264174
AT1G13760	0	0.0	0.0	0.0
AT3G11990	0	0.0	0.0	0.0
AT4G07160	0	0.000000	0.000000	0.000000
AT1G08647	2	0.412926	2.882816	3.725454
AT2G31290	14	0.427367	3.495424	4.517124
AT2G09095	0	0.0	0.0	0.0
AT3G05905	0	0.000000	0.000000	0.000000
AT5G04920	50	1.942402	14.528872	18.775610
AT1G50100	0	0.0	0.0	0.0
AT2G41440	7	0.216434	1.766094	2.282317
AT1G43790	31	3.081737	21.514948	27.803694
AT5G63000	28	2.022915	16.496819	21.318783
AT2G02450	31	1.287721	8.990142	11.617929
AT1G01940	21	1.838084	12.832465	16.583351
AT4G28405	0	0.0	0.0	0.0
AT4G35335	49	2.690210	18.967222	24.511274
AT4G04920	31	0.469451	3.608118	4.662758
AT3G18350	0	0.000000	0.000000	0.000000
AT4G29250	0	0.000000	0.000000	0.000000
AT1G21750	236	9.381236	66.168022	85.508713
AT3G22760	20	0.481330	3.684048	4.760882
AT3G30430	0	0.0	0.0	0.0
AT5G66460	0	0.000000	0.000000	0.000000
AT5G66510	123	7.749211	55.546223	71.782196
AT5G18250	30	2.245933	15.679837	20.263000
AT2G07644	3	0.495924	3.462261	4.474269
AT3G57630	30	0.677401	5.383113	6.956578
AT4G32070	55	1.394584	9.736198	12.582056
AT1G03780	18	0.495426	3.778653	4.883141
AT1G68530	232	7.067790	57.224003	73.950378
AT4G17180	15	0.659742	4.605947	5.952249
AT3G29350	95	8.099680	60.089649	77.653648
AT4G18250	8	0.259111	1.808967	2.337721
AT2G07800	0	0.0	0.0	0.0
AT3G27884	0	0.0	0.0	0.0
AT1G69600	0	0.0	0.0	0.0
AT3G10745	0	0.0	0.0	0.0
AT5G17180	0	0.0	0.0	0.0
AT1G06353	0	0.0	0.0	0.0
AT5G28370	17	0.478092	3.337769	4.313387
AT4G39710	148	6.414567	74.854347	96.734009
AT2G43710	306	13.286180	92.958923	120.130493
AT5G40750	0	0.0	0.0	0.0
AT1G63840	15	0.970124	6.772859	8.752542
AT4G28370	23	0.769198	5.370107	6.939770
AT3G19270	7	0.289308	2.049072	2.648009
AT3G01590	26	1.113760	8.773738	11.338271
AT5G39710	21	0.632782	4.417727	5.709013
AT1G11880	0	0.000000	0.000000	0.000000
AT5G06650	0	0.0	0.0	0.0
AT1G55365	1	0.004032	0.028149	0.036377
AT2G05535	0	0.0	0.0	0.0
AT2G17430	89	2.271525	15.945927	20.606867
AT2G21300	27	0.593173	4.587927	5.928963
AT5G67620	0	0.0	0.0	0.0
AT5G00975	1	0.045010	0.314234	0.406084
AT5G03615	0	0.0	0.0	0.0
AT5G19370	76	4.913360	34.302307	44.328754
AT1G05520	45	1.217052	8.496771	10.980348
AT1G08170	0	0.0	0.0	0.0
AT4G00975	3	0.239297	7.686630	9.933407
AT2G04195	0	0.0	0.0	0.0
AT3G28270	3	0.107938	0.791890	1.023357
AT4G19370	0	0.000000	0.000000	0.000000
AT5G09835	0	0.0	0.0	0.0
AT4G03755	3	0.261025	1.822329	2.354990
AT1G33050	44	0.984329	8.659082	11.190102
AT2G07696	15	0.964801	6.735696	8.704517
AT3G02850	0	0.0	0.0	0.0
AT1G01860	0	0.000000	0.000000	0.000000
AT1G51680	135	4.166537	33.520546	43.318489
AT1G09467	3	2.897059	20.225632	26.137514
AT1G09517	0	0.000000	0.000000	0.000000
AT5G03755	0	0.0	0.0	0.0
AT5G02995	0	0.0	0.0	0.0
AT5G48620	141	2.688364	19.013451	24.571018
AT3G20000	140	6.367429	44.453793	57.447491
AT3G20555	0	0.0	0.0	0.0
AT2G21690	0	0.0	0.0	0.0
AT5G06710	19	0.532369	5.247806	6.781721
AT5G14520	125	4.597967	32.100414	41.483250
AT3G50808	0	0.0	0.0	0.0
AT1G77700	0	0.0	0.0	0.0
AT3G15050	42	1.373977	9.887669	12.777800
AT1G30825	29	1.636626	11.426000	14.765779
AT1G63580	2	0.132325	0.923818	1.193847
AT2G39970	68	1.371218	24.754036	31.989555
AT1G08730	0	0.000000	0.000000	0.000000
AT3G07400	29	0.658167	4.608257	5.955235
AT5G39650	0	0.0	0.0	0.0
AT5G43970	99	11.331897	79.112907	102.237343
AT2G43650	170	5.529388	38.603065	49.886612
AT4G14520	0	0.000000	0.000000	0.000000
AT5G40610	44	2.141791	15.093570	19.505369
AT1G11540	0	0.000000	0.000000	0.000000
AT2G30830	0	0.000000	0.000000	0.000000
AT3G09185	0	0.0	0.0	0.0
AT1G52347	12	0.704762	5.073256	6.556151
AT4G39650	0	0.0	0.0	0.0
AT2G08725	0	0.0	0.0	0.0
AT1G05853	1	0.534653	3.732646	4.823685
AT1G59880	0	0.0	0.0	0.0
AT1G09660	60	3.084361	22.696829	29.331034
AT5G62820	170	4.411397	32.243008	41.667526
AT2G18890	40	1.248509	12.708237	16.422812
AT4G06400	0	0.0	0.0	0.0
AT3G24540	0	0.0	0.0	0.0
AT3G51270	76	3.091423	24.261698	31.353308
AT2G41170	11	0.434373	3.224181	4.166597
AT2G04325	0	0.0	0.0	0.0
AT2G35930	12	0.520235	3.631987	4.693604
AT3G07710	0	0.0	0.0	0.0
AT4G30570	0	0.000000	0.000000	0.000000
AT2G27550	0	0.0	0.0	0.0
AT5G06400	1	0.021534	0.150338	0.194282
AT1G77560	0	0.0	0.0	0.0
AT3G49640	28	1.255270	10.691182	13.816178
AT1G77410	5	0.115937	0.813784	1.051650
AT1G04330	6	0.625360	4.365911	5.642051
AT4G25590	0	0.0	0.0	0.0
AT5G35110	0	0.0	0.0	0.0
AT2G29890	27	0.598860	4.706535	6.082239
AT5G03060	0	0.000000	0.000000	0.000000
AT5G48100	0	0.0	0.0	0.0
AT5G24130	0	0.0	0.0	0.0
AT1G52155	10	0.491892	3.445750	4.452931
ATCG00890	2645	55.008015	384.210907	496.514465
AT2G16090	8	0.201026	1.453640	1.878533
AT5G25590	22	0.626206	4.371817	5.649684
AT5G51370	2	0.089516	0.624950	0.807621
AT4G31850	62	1.319644	9.213010	11.905941
AT4G35110	10	0.275112	2.201191	2.844591
AT4G24130	0	0.000000	0.000000	0.000000
AT2G09575	0	0.0	0.0	0.0
AT2G22930	0	0.0	0.0	0.0
AT2G46060	27	0.691396	5.096092	6.585662
AT3G05785	0	0.0	0.0	0.0
AT2G41082	8	2.706383	18.894440	24.417219
AT3G58875	0	0.000000	0.000000	0.000000
AT5G15330	16	0.697361	5.003427	6.465912
AT4G05875	0	0.0	0.0	0.0
AT2G41730	8	0.629016	4.391435	5.675036
AT4G11402	0	0.0	0.0	0.0
AT1G19680	14	0.577742	4.033468	5.212438
AT2G27507	0	0.000000	0.000000	0.000000
AT5G67100	38	0.525337	3.667606	4.739635
AT1G02310	0	0.000000	0.000000	0.000000
AT1G70280	76	2.690999	19.557787	25.274462
AT1G33230	42	1.591019	12.813511	16.558857
AT5G05875	0	0.0	0.0	0.0
AT4G15330	0	0.0	0.0	0.0
AT4G24770	1061	48.322506	340.464417	439.981018
AT4G40065	15	1.086796	7.587397	9.805166
AT1G59540	18	0.503615	3.555813	4.595165
AT5G22110	24	0.941476	6.753262	8.727217
AT4G13080	0	0.0	0.0	0.0
AT3G24880	36	0.321095	2.881685	3.723992
AT4G32590	65	3.613541	42.727932	55.217155
AT1G03900	53	3.374496	23.558826	30.444992
AT5G39400	0	0.000000	0.000000	0.000000
AT5G61040	0	0.000000	0.000000	0.000000
AT3G07650	22	0.823529	5.769046	7.455319
AT2G43400	19	0.559046	4.434866	5.731163
AT5G24770	37	1.708227	14.155175	18.292685
AT5G01635	0	0.0	0.0	0.0
AT4G22110	0	0.0	0.0	0.0
AT1G64020	0	0.0	0.0	0.0
AT5G32590	0	0.0	0.0	0.0
AT5G13080	0	0.0	0.0	0.0
AT4G39400	91	1.656914	11.567639	14.948820
AT1G28680	27	1.319018	9.778555	12.636793
AT1G49015	0	0.0	0.0	0.0
AT1G06470	57	1.640384	11.452235	14.799685
AT3G59700	6	0.197010	1.375413	1.777441
AT3G23550	24	1.069686	7.467945	9.650799
AT5G20940	0	0.000000	0.000000	0.000000
AT4G14805	0	0.000000	0.000000	0.000000
AT4G37640	57	1.203601	8.559227	11.061059
AT5G00750	3	1.472222	10.278223	13.282513
AT2G03710	12	0.654533	4.585323	5.925598
AT1G05023	0	0.000000	0.000000	0.000000
AT1G67730	123	5.393073	37.651394	48.656765
AT3G08245	0	0.0	0.0	0.0
AT5G50440	7	0.388467	3.258424	4.210851
AT4G20940	47	1.110250	7.751139	10.016770
AT3G15820	25	1.332661	9.303887	12.023381
AT5G37640	0	0.000000	0.000000	0.000000
AT4G00750	8	0.237818	1.744591	2.254529
AT1G80660	0	0.000000	0.000000	0.000000
AT2G46970	0	0.000000	0.000000	0.000000
AT2G04185	0	0.0	0.0	0.0
AT5G46650	2	0.138707	0.968374	1.251426
AT1G30500	11	0.557051	4.192722	5.418241
AT5G64210	0	0.0	0.0	0.0
AT2G33835	0	0.000000	0.000000	0.000000
AT1G09794	0	0.000000	0.000000	0.000000
AT1G04947	0	0.0	0.0	0.0
AT1G51300	0	0.0	0.0	0.0
AT3G01580	0	0.0	0.0	0.0
AT1G33820	0	0.0	0.0	0.0
AT1G48170	23	1.638393	11.438336	14.781722
AT1G17930	18	0.615961	4.300292	5.557253
AT2G06755	0	0.0	0.0	0.0
AT3G02020	105	1.603429	11.384969	14.712757
AT1G11890	63	2.988081	31.967960	41.312084
AT4G08345	0	0.0	0.0	0.0
AT2G44195	0	0.0	0.0	0.0
AT2G06615	2	0.394668	2.755349	3.560729
AT1G59171	0	0.000000	0.000000	0.000000
AT2G21680	0	0.0	0.0	0.0
AT1G05805	105	4.665738	32.573551	42.094688
AT1G63590	0	0.0	0.0	0.0
AT3G55620	167	10.397036	72.586235	93.802948
AT1G67170	23	0.987574	7.810320	10.093250
AT3G42850	0	0.0	0.0	0.0
AT4G08620	0	0.0	0.0	0.0
AT3G01840	0	0.000000	0.000000	0.000000
AT3G62330	32	0.940265	7.316600	9.455217
AT5G43755	0	0.0	0.0	0.0
AT2G40715	15	0.234335	1.635995	2.114190
AT5G08620	68	2.638132	18.417950	23.801453
AT3G09195	0	0.0	0.0	0.0
AT1G12550	0	0.000000	0.000000	0.000000
AT3G11410	43	1.880000	13.125099	16.961521
AT3G11560	102	2.248333	17.892532	23.122459
AT4G00610	0	0.0	0.0	0.0
AT5G46710	0	0.000000	0.000000	0.000000
AT3G47400	0	0.000000	0.000000	0.000000
AT1G48730	0	0.0	0.0	0.0
AT5G62230	3	0.060016	0.435970	0.563402
AT1G51690	184	3.055394	24.186926	31.256681
AT5G02985	0	0.0	0.0	0.0
AT5G03970	15	0.725405	5.089718	6.577425
AT2G14270	0	0.0	0.0	0.0
AT1G67265	0	0.0	0.0	0.0
AT4G25580	0	0.0	0.0	0.0
AT1G72270	0	0.000000	0.000000	0.000000
AT1G64850	58	4.437379	35.492817	45.867245
AT1G49660	23	1.444006	10.081235	13.027946
AT2G01170	28	0.725413	8.201602	10.598903
AT2G29880	0	0.0	0.0	0.0
AT3G47710	0	0.0	0.0	0.0
AT5G25580	0	0.000000	0.000000	0.000000
AT2G30220	0	0.0	0.0	0.0
AT1G24560	24	0.745604	5.205386	6.726903
ATCG00880	0	0.0	0.0	0.0
AT1G57550	0	0.0	0.0	0.0
AT1G35430	1	0.085055	0.593806	0.767374
AT1G28300	0	0.000000	0.000000	0.000000
AT3G11700	181	6.331421	46.632565	60.263100
AT3G09640	0	0.0	0.0	0.0
AT5G46400	12	0.268981	1.917382	2.477826
AT2G18880	0	0.000000	0.000000	0.000000
AT5G36225	0	0.0	0.0	0.0
AT3G04575	0	0.0	0.0	0.0
AT1G59890	50	0.903014	6.304334	8.147070
AT5G08100	27	1.381913	9.647737	12.467737
AT4G32840	25	0.745020	5.563548	7.189754
AT5G43060	45	1.720567	12.012028	15.523103
AT2G39060	0	0.0	0.0	0.0
AT3G61900	0	0.000000	0.000000	0.000000
AT1G19300	6	0.263815	1.841807	2.380162
AT3G13430	9	0.359113	2.522127	3.259337
AT2G45200	59	2.357895	23.797592	30.753548
AT2G22155	0	0.0	0.0	0.0
AT3G55100	0	0.0	0.0	0.0
AT2G38210	33	2.709959	18.919403	24.449482
AT3G18910	11	0.543202	3.792330	4.900815
AT2G18540	0	0.0	0.0	0.0
AT2G15318	0	0.0	0.0	0.0
AT3G60720	0	0.000000	0.000000	0.000000
AT4G09225	0	0.000000	0.000000	0.000000
AT4G31020	1	0.026120	0.224635	0.290295
AT1G01725	12	1.653543	11.544105	14.918406
AT2G22425	53	4.637277	46.865417	60.564014
AT4G04745	6	0.530120	3.700999	4.782788
AT4G13090	0	0.0	0.0	0.0
AT1G06677	0	0.000000	0.000000	0.000000
AT1G52930	104	6.599200	46.071888	59.538548
AT1G34040	0	0.000000	0.000000	0.000000
AT4G32580	0	0.0	0.0	0.0
AT3G24890	19	0.992568	7.535433	9.738015
AT2G01730	0	0.000000	0.000000	0.000000
AT5G09225	16	1.594872	11.134496	14.389071
AT5G45875	0	0.0	0.0	0.0
AT1G28690	0	0.0	0.0	0.0
AT1G22430	112	4.207917	40.538326	52.387543
AT5G13090	23	1.298091	9.062539	11.711488
AT5G04745	0	0.0	0.0	0.0
AT1G06913	0	0.0	0.0	0.0
AT3G05795	0	0.0	0.0	0.0
AT4G25840	25	1.340801	10.259178	13.257900
AT1G30760	0	0.000000	0.000000	0.000000
AT3G09325	0	0.0	0.0	0.0
AT3G47650	714	62.820484	438.577179	566.771790
AT1G43900	36	2.276124	15.890613	20.535385
AT3G10920	244	18.005545	125.704552	162.447556
AT2G29540	23	1.064429	12.419430	16.049587
AT5G25840	37	3.017418	21.065910	27.223404
AT2G35155	21	0.640637	4.472566	5.779882
AT2G08860	2	1.052473	7.347772	9.495502
ATCG00540	1557	129.319839	902.838135	1166.734619
AT1G19690	25	1.348899	9.975718	12.891585
AT5G62050	77	3.012859	21.034082	27.182272
AT2G44640	74	3.401067	23.744331	30.684717
AT3G59410	25	0.334040	2.568756	3.319595
AT1G70290	55	1.129421	8.636001	11.160275
AT4G34800	4	0.400549	2.796407	3.613787
AT3G59980	273	7.604266	129.226089	166.998444
AT1G67440	30	1.347314	9.406186	12.155582
AT1G08193	0	0.0	0.0	0.0
AT1G53340	0	0.0	0.0	0.0
AT2G42390	39	2.947519	20.577915	26.592768
AT1G06483	0	0.0	0.0	0.0
AT1G10050	12	0.226287	1.668626	2.156360
AT2G28610	0	0.0	0.0	0.0
AT2G37362	6	0.172414	1.203697	1.555534
AT3G16190	27	2.328571	16.256769	21.008566
AT2G37920	66	3.217338	22.461639	29.027098
AT5G52190	31	2.664841	18.604416	24.042423
AT1G56720	16	0.464673	3.872344	5.004217
AT2G20620	0	0.0	0.0	0.0
AT1G13825	0	0.0	0.0	0.0
AT2G19610	0	0.000000	0.000000	0.000000
AT1G62262	0	0.000000	0.000000	0.000000
AT4G32960	12	0.825712	5.764655	7.449644
AT2G02380	0	0.000000	0.000000	0.000000
AT3G18480	28	0.879711	6.141645	7.936828
AT1G09243	0	0.0	0.0	0.0
AT1G06140	2	0.050314	0.351264	0.453937
AT1G77990	22	0.734475	5.127690	6.626496
AT1G71830	7	0.186182	1.299818	1.679750
AT2G19750	321	38.937786	271.841644	351.300049
AT2G34160	60	5.705741	39.834263	51.477684
AT1G04723	0	0.000000	0.000000	0.000000
AT1G63070	0	0.0	0.0	0.0
AT1G62085	14	0.459459	3.756578	4.854613
AT3G26240	18	0.419667	2.929878	3.786272
AT5G23720	11	0.232578	1.788358	2.311088
AT3G17220	0	0.000000	0.000000	0.000000
AT5G50170	0	0.000000	0.000000	0.000000
AT2G42600	575	12.685548	91.081406	117.704193
AT2G24490	117	2.240848	21.909492	28.313560
AT4G23720	0	0.0	0.0	0.0
AT3G46160	0	0.0	0.0	0.0
AT1G78760	0	0.0	0.0	0.0
AT1G32000	0	0.0	0.0	0.0
AT4G26340	0	0.0	0.0	0.0
AT1G53625	0	0.0	0.0	0.0
AT5G25960	0	0.0	0.0	0.0
AT3G08460	0	0.0	0.0	0.0
AT2G40370	0	0.0	0.0	0.0
AT2G08940	0	0.0	0.0	0.0
AT3G08510	215	7.306141	51.007351	65.916626
AT5G17320	0	0.0	0.0	0.0
AT1G75670	28	1.622419	14.655688	18.939495
AT3G03800	0	0.000000	0.000000	0.000000
AT5G26340	57	1.190767	12.144452	15.694234
AT5G02705	2	0.342723	2.392699	3.092076
AT1G48440	104	10.349014	72.250977	93.369690
AT4G25960	67	1.240290	8.872832	11.466331
AT5G55510	45	3.696502	25.806890	33.350159
AT5G55460	0	0.000000	0.000000	0.000000
AT5G65630	116	2.579273	18.007029	23.270422
AT2G07525	0	0.0	0.0	0.0
AT2G15420	0	0.0	0.0	0.0
AT3G27340	20	1.466223	10.236341	13.228390
AT1G10230	12	1.926625	13.450609	17.382175
AT4G05045	0	0.0	0.0	0.0
AT5G60550	65	2.646667	18.477535	23.878456
AT5G02565	14	4.308300	30.078117	38.869850
AT5G02415	1	0.096229	0.671817	0.868186
AT1G79630	18	0.483356	3.374519	4.360879
AT4G20860	11	0.461503	3.221954	4.163720
AT1G07530	22	0.597311	4.170089	5.388991
AT1G74360	6	0.112795	0.787471	1.017646
AT2G24350	0	0.000000	0.000000	0.000000
AT3G11980	0	0.0	0.0	0.0
AT5G52320	29	1.140916	8.797614	11.369127
AT5G05045	0	0.0	0.0	0.0
AT3G16320	0	0.000000	0.000000	0.000000
AT1G78500	0	0.000000	0.000000	0.000000
AT5G20860	0	0.000000	0.000000	0.000000
AT1G73810	0	0.000000	0.000000	0.000000
AT1G69380	8	0.365109	2.741896	3.543343
AT2G42120	12	0.506583	3.542757	4.578293
AT5G16220	0	0.000000	0.000000	0.000000
AT3G04095	0	0.0	0.0	0.0
AT3G13740	88	2.882304	35.269272	45.578358
AT3G52220	58	4.476086	31.249508	40.383629
AT4G15242	0	0.0	0.0	0.0
AT4G27240	17	0.481081	3.671711	4.744940
AT5G47160	1	0.041173	0.325649	0.420835
AT2G26865	0	0.0	0.0	0.0
AT3G61780	12	0.243223	1.698046	2.194379
AT4G30080	19	0.560612	4.071113	5.261085
ATMG00720	0	0.0	0.0	0.0
AT1G04867	0	0.0	0.0	0.0
AT4G16220	0	0.0	0.0	0.0
AT1G08323	0	0.000000	0.000000	0.000000
AT5G27240	1	0.009891	0.084238	0.108860
AT3G01322	0	0.0	0.0	0.0
AT5G04435	0	0.0	0.0	0.0
AT2G20100	12	0.380640	2.657414	3.434167
AT1G22740	0	0.000000	0.000000	0.000000
AT3G01960	11	0.624108	4.357170	5.630756
AT2G01440	31	0.612665	4.277281	5.527516
AT1G03790	0	0.0	0.0	0.0
AT1G02950	23	1.660075	12.457765	16.099127
AT4G17190	63	3.101368	25.751785	33.278946
AT5G44920	0	0.000000	0.000000	0.000000
AT4G13570	0	0.000000	0.000000	0.000000
AT4G04435	11	0.872863	6.093837	7.875045
AT2G42450	18	0.606021	4.387881	5.670444
AT5G17190	129	10.232303	71.436165	92.316711
AT5G13570	32	1.332441	9.500708	12.277732
AT2G09085	0	0.0	0.0	0.0
AT2G31280	35	0.802522	5.907530	7.634281
AT1G43780	0	0.0	0.0	0.0
AT2G47800	14	0.212733	1.511886	1.953805
AT5G14602	0	0.0	0.0	0.0
AT2G11810	19	0.720665	5.335493	6.895039
AT5G02305	1	0.003865	0.026983	0.034870
AT3G23220	0	0.0	0.0	0.0
AT5G26740	33	1.090716	8.285198	10.706933
AT1G06067	0	0.0	0.0	0.0
AT3G48209	0	0.0	0.0	0.0
AT4G17720	66	2.728512	21.111631	27.282488
AT5G06950	15	0.449562	4.416219	5.707065
AT1G03120	0	0.0	0.0	0.0
AT3G06895	3	1.361963	9.508457	12.287746
AT1G78360	0	0.0	0.0	0.0
AT4G26740	0	0.0	0.0	0.0
AT2G28350	21	0.551843	3.992955	5.160082
AT1G78922	0	0.000000	0.000000	0.000000
AT1G74500	0	0.0	0.0	0.0
AT2G40770	23	0.340315	2.375887	3.070351
AT4G06950	0	0.0	0.0	0.0
AT1G74055	0	0.000000	0.000000	0.000000
AT5G17720	0	0.0	0.0	0.0
AT3G16117	0	0.0	0.0	0.0
AT4G03915	2	1.040929	7.267179	9.391350
AT4G23320	0	0.000000	0.000000	0.000000
AT1G08867	0	0.000000	0.000000	0.000000
AT5G44569	1	0.096454	0.673387	0.870216
AT1G04323	0	0.000000	0.000000	0.000000
AT2G19350	18	1.888591	13.185078	17.039030
AT5G03915	0	0.0	0.0	0.0
AT5G23320	1	0.058005	0.878537	1.135330
AT3G62440	0	0.0	0.0	0.0
AT3G02205	0	0.000000	0.000000	0.000000
AT1G62981	3	0.144385	1.105566	1.428719
AT3G50230	0	0.000000	0.000000	0.000000
AT5G08435	0	0.0	0.0	0.0
AT5G02695	0	0.000000	0.000000	0.000000
AT2G40130	20	0.471003	3.297388	4.261203
AT2G02780	19	0.454265	3.611085	4.666593
AT1G21480	27	1.191036	8.808624	11.383355
AT5G48920	11	0.952278	6.648268	8.591534
AT4G08435	0	0.0	0.0	0.0
AT2G46915	45	1.401832	10.823893	13.987679
AT1G65180	0	0.0	0.0	0.0
AT5G64160	50	3.634940	25.377100	32.794739
AT1G51980	312	10.845819	76.635254	99.035469
AT4G31530	120	2.168841	17.450573	22.551315
AT1G56320	5	0.475022	3.316335	4.285689
AT5G40910	18	0.279023	2.005592	2.591820
AT1G12220	26	0.583735	4.562738	5.896411
AT5G43670	14	0.372962	2.603810	3.364895
AT2G43950	65	3.102533	22.543941	29.133459
AT2G42790	59	2.458749	17.165598	22.183044
AT4G39950	61	2.255030	16.940350	21.891954
AT5G64813	64	2.318410	17.600986	22.745697
AT1G69252	57	4.618756	34.123932	44.098240
AT2G27830	5	0.292049	2.038921	2.634891
ATMG00190	0	0.0	0.0	0.0
AT2G21990	0	0.0	0.0	0.0
AT1G09573	0	0.0	0.0	0.0
AT1G45207	15	0.415456	3.220089	4.161311
AT2G39670	145	6.570961	46.242371	59.758858
AT3G26570	386	11.900039	95.401215	123.286659
AT5G39950	0	0.000000	0.000000	0.000000
AT2G21188	0	0.000000	0.000000	0.000000
AT5G50330	15	0.562679	4.249572	5.491707
AT4G38800	108	7.302592	50.982578	65.884613
AT4G33460	47	2.194363	17.243637	22.283892
AT4G33510	183	6.741323	48.779648	63.037773
AT5G02140	0	0.000000	0.000000	0.000000
AT5G23190	0	0.0	0.0	0.0
AT1G35625	0	0.000000	0.000000	0.000000
AT3G49940	21	0.915350	6.390457	8.258366
AT4G40042	7	1.425587	9.952644	12.861768
AT5G27570	0	0.0	0.0	0.0
AT1G04193	0	0.000000	0.000000	0.000000
AT2G30550	24	0.656786	5.690547	7.353875
AT5G38800	0	0.0	0.0	0.0
AT4G02140	0	0.000000	0.000000	0.000000
AT1G57220	0	0.0	0.0	0.0
AT5G45810	0	0.000000	0.000000	0.000000
AT1G05533	0	0.0	0.0	0.0
AT4G39361	3	1.833333	12.799296	16.540487
AT1G09960	4	0.123123	0.903775	1.167945
AT2G35630	112	1.267602	9.057548	11.705037
AT5G41150	26	0.500374	3.749464	4.845419
AT4G23190	8	0.231621	1.689151	2.182884
AT2G24610	0	0.0	0.0	0.0
AT4G27570	0	0.0	0.0	0.0
AT3G02530	179	6.907461	48.719692	62.960289
AT5G36000	0	0.000000	0.000000	0.000000
AT2G31870	0	0.000000	0.000000	0.000000
AT4G36000	0	0.0	0.0	0.0
AT1G22340	4	0.172658	1.205401	1.557735
AT1G03390	0	0.000000	0.000000	0.000000
AT3G14480	0	0.0	0.0	0.0
AT3G61380	3	0.071089	0.544636	0.703831
AT4G09000	627	34.363041	268.029968	346.374207
AT2G26180	18	0.946118	6.605262	8.535957
ATMG00320	0	0.0	0.0	0.0
AT4G09555	0	0.000000	0.000000	0.000000
AT1G19980	8	0.402270	2.808422	3.629314
AT2G38160	9	0.358038	3.257671	4.209877
AT1G08723	0	0.000000	0.000000	0.000000
AT1G70040	0	0.0	0.0	0.0
AT2G05855	0	0.0	0.0	0.0
AT1G64253	0	0.000000	0.000000	0.000000
AT5G09000	0	0.000000	0.000000	0.000000
AT5G09555	0	0.0	0.0	0.0
AT3G13340	49	1.357698	10.046265	12.982754
AT2G22630	0	0.0	0.0	0.0
AT1G80070	177	1.876629	13.101564	16.931107
AT2G28490	0	0.0	0.0	0.0
AT3G50050	12	0.350114	2.460251	3.179374
AT2G13422	0	0.0	0.0	0.0
AT3G50505	0	0.0	0.0	0.0
AT1G24475	0	0.000000	0.000000	0.000000
AT5G01935	0	0.000000	0.000000	0.000000
AT1G36960	0	0.0	0.0	0.0
AT5G07895	0	0.000000	0.000000	0.000000
AT5G52720	0	0.000000	0.000000	0.000000
AT1G56190	262	10.818417	75.528084	97.604683
AT3G04460	16	0.626390	4.711331	6.088437
AT5G13240	101	5.001262	46.582283	60.198124
AT1G28980	0	0.0	0.0	0.0
AT3G16720	13	0.652063	4.552336	5.882968
AT2G04940	0	0.000000	0.000000	0.000000
AT3G04510	7	0.382353	2.669373	3.449621
AT1G69780	34	1.627108	11.942276	15.432963
AT5G41420	0	0.0	0.0	0.0
AT4G01935	16	1.200245	8.411793	10.870530
AT3G27740	200	9.502387	66.340309	85.731346
AT4G07895	0	0.000000	0.000000	0.000000
AT4G13240	0	0.0	0.0	0.0
AT1G34290	0	0.0	0.0	0.0
AT3G07950	60	3.392960	23.687733	30.611576
AT2G19490	18	0.805284	5.631742	7.277882
AT1G03600	605	36.780228	256.778809	331.834351
AT1G35340	133	5.910735	53.945320	69.713356
AT5G61280	0	0.0	0.0	0.0
AT3G60190	139	4.637197	32.374290	41.837189
AT1G68850	0	0.0	0.0	0.0
AT1G07020	0	0.000000	0.000000	0.000000
AT5G56930	9	0.275387	1.922596	2.484565
AT3G12930	103	6.877867	48.017387	62.052704
AT3G21295	14	0.343574	2.573713	3.326001
AT4G26430	20	1.030120	7.191717	9.293831
AT1G09840	33	0.997291	8.181516	10.572946
AT2G32765	7	0.626667	4.375035	5.653843
AT1G28560	9	0.336719	2.390856	3.089694
AT1G28410	26	0.971612	7.512821	9.708793
AT3G49860	0	0.000000	0.000000	0.000000
AT5G46310	0	0.0	0.0	0.0
AT1G24300	37	0.593973	4.169704	5.388494
AT1G36580	0	0.0	0.0	0.0
AT1G48330	25	2.197998	15.345182	19.830526
AT2G07035	0	0.0	0.0	0.0
AT3G51171	2	0.121262	0.846583	1.094036
AT5G50115	0	0.0	0.0	0.0
AT1G56418	0	0.0	0.0	0.0
AT3G62730	0	0.0	0.0	0.0
AT2G14880	148	10.343258	85.811363	110.893730
AT3G08575	0	0.0	0.0	0.0
AT3G05125	0	0.0	0.0	0.0
AT1G50920	252	7.132740	53.906719	69.663475
AT4G24231	0	0.0	0.0	0.0
AT3G46210	43	2.409415	17.547091	22.676046
AT1G66050	9	0.321958	2.247729	2.904733
AT3G59690	4	0.107303	0.912690	1.179466
AT2G25230	0	0.0	0.0	0.0
AT1G20420	0	0.0	0.0	0.0
AT2G39355	0	0.0	0.0	0.0
AT2G34210	0	0.0	0.0	0.0
AT1G19410	0	0.0	0.0	0.0
AT3G14910	11	0.369684	3.639967	4.703917
AT2G14540	0	0.0	0.0	0.0
AT2G02900	0	0.0	0.0	0.0
AT1G61255	0	0.0	0.0	0.0
AT1G20150	0	0.000000	0.000000	0.000000
AT2G06355	1	0.230000	1.605730	2.075080
AT2G35747	1	0.270368	1.887557	2.439283
AT1G49590	31	1.426297	10.191968	13.171045
AT5G59200	0	0.0	0.0	0.0
AT3G28890	0	0.000000	0.000000	0.000000
AT3G05455	0	0.0	0.0	0.0
AT3G17550	0	0.0	0.0	0.0
AT1G51700	31	1.787991	12.482744	16.131407
AT5G08745	0	0.0	0.0	0.0
AT1G67330	0	0.000000	0.000000	0.000000
AT3G46668	0	0.000000	0.000000	0.000000
AT3G19890	0	0.0	0.0	0.0
AT5G37478	0	0.0	0.0	0.0
AT1G32225	0	0.0	0.0	0.0
AT4G00350	0	0.000000	0.000000	0.000000
AT1G09580	13	0.878317	6.131914	7.924251
AT5G04933	0	0.0	0.0	0.0
AT3G59300	99	2.773498	21.447083	27.715990
AT1G77680	36	0.650205	4.857759	6.277667
AT2G04860	0	0.0	0.0	0.0
AT2G32230	133	4.567800	33.130600	42.814560
AT3G26090	74	1.802154	13.063983	16.882542
AT1G15100	9	0.745435	5.204206	6.725379
AT1G53430	60	1.103344	8.986399	11.613093
AT2G03310	48	4.489387	31.342367	40.503632
AT3G62170	0	0.0	0.0	0.0
AT1G70518	0	0.000000	0.000000	0.000000
AT1G63660	101	3.769663	26.317659	34.010223
AT2G07255	0	0.0	0.0	0.0
AT5G21125	0	0.0	0.0	0.0
AT2G06495	0	0.0	0.0	0.0
AT5G60220	0	0.000000	0.000000	0.000000
AT5G27090	0	0.0	0.0	0.0
AT1G15620	0	0.0	0.0	0.0
AT3G05395	1	0.205357	1.433687	1.852748
AT3G04245	0	0.0	0.0	0.0
AT1G30360	426	12.232483	85.400291	110.362511
AT3G09725	0	0.000000	0.000000	0.000000
AT5G40480	98	1.245868	8.697947	11.240328
AT4G27090	1079	118.205482	825.243958	1066.459961
AT1G24145	13	1.003899	7.008657	9.057262
AT2G25050	33	0.533794	14.329279	18.517677
AT1G42710	0	0.0	0.0	0.0
AT3G03828	0	0.0	0.0	0.0
AT1G75060	0	0.000000	0.000000	0.000000
AT3G52550	3	0.248594	1.735543	2.242836
AT1G51410	0	0.000000	0.000000	0.000000
AT2G01330	5	0.167048	1.166235	1.507121
AT1G51560	57	2.470300	19.156691	24.756124
AT5G16550	42	2.263111	18.376640	23.748068
AT3G11690	7	0.285396	1.992474	2.574867
AT4G00490	52	1.958198	14.155678	18.293333
AT1G08947	0	0.0	0.0	0.0
AT1G66230	14	0.796965	5.563960	7.190286
AT5G05295	0	0.0	0.0	0.0
AT5G04345	0	0.000000	0.000000	0.000000
AT1G21910	10	0.520285	3.632336	4.694056
AT3G60320	172	4.756166	33.204868	42.910538
AT1G72540	0	0.000000	0.000000	0.000000
AT4G16550	0	0.0	0.0	0.0
AT1G44170	34	1.284900	9.969267	12.883249
ATMG01380	15	9.533898	66.560303	86.015640
AT4G05295	2	0.178922	1.249132	1.614250
AT4G04345	0	0.000000	0.000000	0.000000
AT5G03485	1	0.136633	0.953894	1.232715
ATCG00270	544	40.938343	285.808411	369.349243
AT1G01640	0	0.000000	0.000000	0.000000
AT1G19700	37	1.004131	8.777955	11.343720
AT5G02470	0	0.000000	0.000000	0.000000
AT4G04620	40	2.507974	17.509258	22.627155
AT4G00872	0	0.0	0.0	0.0
AT1G73875	17	0.602683	4.523523	5.845734
AT3G05605	0	0.0	0.0	0.0
AT1G80590	0	0.000000	0.000000	0.000000
AT5G11200	206	6.416504	52.284828	67.567505
AT1G72880	55	2.294704	17.578117	22.716141
AT5G34828	0	0.0	0.0	0.0
AT5G04620	23	0.811434	6.149814	7.947384
AT1G55820	15	0.426789	2.993102	3.867975
AT5G47210	777	38.531918	283.000916	365.721130
AT3G27430	152	8.685797	60.639328	78.364006
AT1G28700	0	0.0	0.0	0.0
AT3G11300	0	0.0	0.0	0.0
AT1G69900	0	0.000000	0.000000	0.000000
AT2G32050	0	0.000000	0.000000	0.000000
AT2G18270	0	0.000000	0.000000	0.000000
AT3G51890	114	7.480992	52.228062	67.494148
AT3G57930	35	1.398088	9.760661	12.613669
AT1G15820	0	0.000000	0.000000	0.000000
AT1G64310	0	0.000000	0.000000	0.000000
AT2G05370	0	0.0	0.0	0.0
AT1G63860	25	0.482516	3.776782	4.880723
AT2G24285	0	0.0	0.0	0.0
AT1G68400	23	0.674899	4.711764	6.088996
AT5G51200	68	0.899452	6.282594	8.118975
AT1G06287	0	0.000000	0.000000	0.000000
AT1G76770	0	0.000000	0.000000	0.000000
AT1G23550	0	0.000000	0.000000	0.000000
AT1G59700	21	1.428826	9.975257	12.890990
AT3G06470	49	2.426875	16.943073	21.895473
AT2G38995	0	0.000000	0.000000	0.000000
AT5G44050	7	0.271142	1.892961	2.446266
AT3G11890	16	0.445722	4.339340	5.607713
AT1G02020	13	0.409869	2.900717	3.748586
AT3G17930	0	0.000000	0.000000	0.000000
AT3G48170	0	0.000000	0.000000	0.000000
AT1G26515	0	0.0	0.0	0.0
AT1G01580	0	0.000000	0.000000	0.000000
AT3G51300	0	0.000000	0.000000	0.000000
AT1G09195	16	0.409285	2.883033	3.725733
AT1G09447	0	0.000000	0.000000	0.000000
AT1G76130	22	0.776837	6.279334	8.114761
AT1G62330	24	0.751177	5.476419	7.077158
AT4G18395	0	0.000000	0.000000	0.000000
AT1G01840	60	5.785888	40.393806	52.200775
AT1G55620	32	0.891626	6.255646	8.084149
AT5G04820	9	0.474820	3.314925	4.283866
AT3G05805	0	0.0	0.0	0.0
AT2G37230	37	1.021936	7.134581	9.219995
AT1G72680	40	2.174123	15.178500	19.615124
AT3G18295	0	0.000000	0.000000	0.000000
AT2G07900	0	0.0	0.0	0.0
AT2G07773	2	0.089077	0.621885	0.803660
AT3G51690	0	0.0	0.0	0.0
AT3G48730	260	11.710096	81.753288	105.649490
AT1G47400	5	0.471117	3.289073	4.250458
AT3G24700	0	0.0	0.0	0.0
AT5G56550	7	0.518330	3.618687	4.676417
AT1G11560	0	0.000000	0.000000	0.000000
AT3G12550	14	0.379394	2.793084	3.609493
AT2G04015	0	0.0	0.0	0.0
AT1G11410	28	0.722168	5.698199	7.363763
AT1G36325	0	0.0	0.0	0.0
AT1G09640	303	11.711370	102.773689	132.814087
AT1G11700	13	0.867121	6.053749	7.823240
AT3G44330	81	2.688805	18.771721	24.258629
AT3G28300	27	1.266447	8.841619	11.425993
AT4G19200	225	12.090726	91.082672	117.705833
AT3G57550	34	1.222826	9.453297	12.216463
AT3G24560	11	0.377837	2.720707	3.515961
AT1G68650	43	3.352590	23.405891	30.247355
AT1G47710	69	3.328286	24.280373	31.377441
AT2G36330	0	0.000000	0.000000	0.000000
AT5G19200	16	0.788013	5.501462	7.109520
AT1G77540	21	2.881292	20.115555	25.995262
AT3G49660	19	0.933758	6.518971	8.424444
AT3G54910	79	2.415879	17.979731	23.235146
AT2G21270	59	2.591823	18.589544	24.023207
AT3G30235	0	0.0	0.0	0.0
AT4G13918	12	0.277794	2.050050	2.649272
AT5G22090	193	6.786408	51.640457	66.734787
AT5G66170	0	0.000000	0.000000	0.000000
AT1G13430	0	0.0	0.0	0.0
AT2G14680	28	0.746517	6.501999	8.402512
AT3G19300	8	0.266520	1.860692	2.404566
AT4G28200	66	2.130221	15.507019	20.039667
AT1G61900	60	1.986244	16.331142	21.104679
AT5G03040	208	6.858506	51.853134	67.009628
AT4G22090	0	0.0	0.0	0.0
AT2G08590	0	0.0	0.0	0.0
AT3G59890	41	1.771571	13.122971	16.958769
AT5G44230	6	0.163394	1.184450	1.530660
AT4G03040	0	0.0	0.0	0.0
AT2G37050	27	0.587845	4.225396	5.460464
AT4G16930	0	0.0	0.0	0.0
AT3G22430	7	0.227864	1.590818	2.055809
AT3G28690	44	1.271355	8.875883	11.470274
AT2G46040	0	0.000000	0.000000	0.000000
AT4G20070	0	0.000000	0.000000	0.000000
AT3G42310	0	0.0	0.0	0.0
AT3G52930	551	21.442766	150.507736	194.500626
AT5G16930	30	0.988590	6.901778	8.919144
AT4G10115	0	0.0	0.0	0.0
AT1G60720	0	0.000000	0.000000	0.000000
AT1G18910	0	0.000000	0.000000	0.000000
AT5G20070	41	2.058899	14.374071	18.575562
AT1G59560	10	0.447352	3.441555	4.447509
AT2G09330	0	0.0	0.0	0.0
AT4G40045	29	2.946223	20.568867	26.581076
AT3G19690	0	0.000000	0.000000	0.000000
AT5G61060	36	1.136581	7.976381	10.307850
AT5G07470	78	5.987476	41.801178	54.019520
AT5G35090	0	0.0	0.0	0.0
AT1G36640	0	0.0	0.0	0.0
AT1G29910	6861	448.745697	3132.889160	4048.622070
AT5G42210	0	0.000000	0.000000	0.000000
AT1G04077	0	0.000000	0.000000	0.000000
AT1G10920	11	0.249361	1.748843	2.260024
AT1G68710	15	0.233402	1.660786	2.146228
AT2G04660	45	1.129446	7.885155	10.189959
AT1G77880	0	0.000000	0.000000	0.000000
AT5G66730	54	1.528268	11.030982	14.255301
AT4G35090	780	22.524397	167.546402	216.519638
AT3G10050	63	1.994851	13.926924	17.997717
AT3G06483	450	20.387629	142.334915	183.938919
AT1G09177	0	0.000000	0.000000	0.000000
AT1G29480	0	0.0	0.0	0.0
AT4G38600	133	1.519195	10.608487	13.709311
AT5G39530	126	6.307789	46.060013	59.523201
AT3G53340	19	0.924195	7.332260	9.475454
AT2G35830	103	10.309886	76.565758	98.945671
AT3G07205	0	0.000000	0.000000	0.000000
AT2G43530	1	0.119393	0.833535	1.077174
AT2G24810	0	0.0	0.0	0.0
AT5G38600	50	1.342861	13.221645	17.086287
AT2G18990	32	2.108844	15.187687	19.626997
AT5G62920	67	3.258526	25.275145	32.662979
AT2G23360	14	0.326609	2.360012	3.049835
AT1G59980	10	0.132922	1.008566	1.303367
AT4G39530	4	0.099932	0.697669	0.901595
AT5G45610	37	1.168117	9.141387	11.813383
AT1G73350	41	1.887390	18.399889	23.778112
AT4G12720	53	1.935125	16.399706	21.193285
AT1G18480	27	1.445799	10.093753	13.044122
AT4G31950	0	0.0	0.0	0.0
AT4G24025	0	0.000000	0.000000	0.000000
ATCG00990	0	0.0	0.0	0.0
AT3G56720	57	1.597680	18.066761	23.347614
AT5G53240	0	0.0	0.0	0.0
AT1G16190	45	2.024727	14.358432	18.555353
AT2G29990	14	0.539558	3.949314	5.103685
AT2G31670	75	4.535469	31.664085	40.919388
AT2G17760	40	1.501427	10.843218	14.012652
AT4G07305	0	0.0	0.0	0.0
AT2G05655	0	0.0	0.0	0.0
AT5G05975	0	0.000000	0.000000	0.000000
AT4G38390	0	0.0	0.0	0.0
AT2G47790	42	2.369099	16.539713	21.374214
AT1G17220	378	7.953587	55.527458	71.757942
AT1G26240	0	0.0	0.0	0.0
AT4G05975	0	0.0	0.0	0.0
AT5G41763	0	0.0	0.0	0.0
AT1G09737	0	0.0	0.0	0.0
AT3G63070	10	0.178821	1.248427	1.613338
AT5G38390	0	0.0	0.0	0.0
AT1G58248	0	0.0	0.0	0.0
AT2G22830	29	0.871276	7.225339	9.337280
AT3G06140	19	0.944872	6.596563	8.524716
AT3G54480	51	1.658697	19.797955	25.584829
AT5G45750	78	5.081482	35.476040	45.845566
AT3G48440	9	0.331988	2.317753	2.995224
AT1G07119	0	0.000000	0.000000	0.000000
AT5G07695	0	0.0	0.0	0.0
AT1G03800	0	0.0	0.0	0.0
AT1G08510	232	7.495543	57.807491	74.704422
AT1G08460	11	0.261773	2.685828	3.470886
AT5G06530	36	0.860409	6.434712	8.315557
AT4G01000	65	1.817570	20.034536	25.890562
AT2G09115	0	0.000000	0.000000	0.000000
AT1G16320	71	4.827939	33.705944	43.558079
AT1G11980	0	0.0	0.0	0.0
AT3G07530	0	0.000000	0.000000	0.000000
AT1G63940	195	6.672704	53.547760	69.199585
AT5G01555	0	0.000000	0.000000	0.000000
AT5G38450	0	0.0	0.0	0.0
AT1G44085	0	0.0	0.0	0.0
AT3G10230	131	5.299268	36.996494	47.810448
AT3G06695	0	0.0	0.0	0.0
AT1G27340	0	0.000000	0.000000	0.000000
AT5G22570	25	1.508423	10.530957	13.609121
AT5G10330	49	1.415036	11.147182	14.405465
AT5G07140	5	0.152345	1.094954	1.415006
AT1G61780	78	8.975423	62.661335	80.977036
AT5G49420	0	0.0	0.0	0.0
AT2G08070	0	0.0	0.0	0.0
AT2G33420	0	0.0	0.0	0.0
AT4G09935	0	0.0	0.0	0.0
AT1G75280	97	4.621703	32.266125	41.697399
AT4G22570	55	3.835078	26.774349	34.600403
AT5G00875	0	0.000000	0.000000	0.000000
AT4G10330	9	0.519654	3.627931	4.688363
AT1G05777	0	0.000000	0.000000	0.000000
AT4G34790	18	1.762626	12.305660	15.902562
AT1G52220	901	68.438751	542.744019	701.386230
AT1G08667	0	0.000000	0.000000	0.000000
AT1G13740	15	0.630685	4.434335	5.730477
AT2G17500	5	0.153719	2.412219	3.117302
AT2G05405	0	0.000000	0.000000	0.000000
AT5G57720	0	0.000000	0.000000	0.000000
AT2G17055	0	0.0	0.0	0.0
AT2G33150	236	8.799253	61.431423	79.387611
AT5G02895	0	0.000000	0.000000	0.000000
AT2G32788	0	0.0	0.0	0.0
AT2G41460	14	0.444848	3.615504	4.672304
AT2G41510	0	0.000000	0.000000	0.000000
AT4G20590	0	0.0	0.0	0.0
AT1G29071	5	3.476635	24.271902	31.366499
AT4G30110	0	0.000000	0.000000	0.000000
AT3G02950	35	1.707437	12.159518	15.713703
AT3G03790	45	0.837926	5.849926	7.559840
AT5G18748	0	0.000000	0.000000	0.000000
AT1G01960	79	1.077992	7.525931	9.725736
AT3G22740	0	0.000000	0.000000	0.000000
AT5G49150	0	0.000000	0.000000	0.000000
AT1G73490	109	5.986879	46.304756	59.839478
AT5G20590	32	1.366000	9.557181	12.350712
AT1G05953	0	0.0	0.0	0.0
AT3G44115	0	0.0	0.0	0.0
AT5G06205	0	0.000000	0.000000	0.000000
AT5G66440	4	0.232114	1.620489	2.094152
AT2G30930	147	9.604098	67.050392	86.648994
AT1G05137	1	0.297163	2.074625	2.681030
AT5G38120	0	0.000000	0.000000	0.000000
AT5G35570	27	0.768448	5.378554	6.950687
AT5G43870	50	1.248652	10.881203	14.061741
AT1G04597	0	0.0	0.0	0.0
AT2G39870	68	2.435056	17.000187	21.969284
AT1G30925	0	0.0	0.0	0.0
AT4G06205	0	0.0	0.0	0.0
AT2G27630	0	0.0	0.0	0.0
AT4G38120	0	0.000000	0.000000	0.000000
AT4G35570	90	2.500174	23.130836	29.891901
AT2G32920	137	6.302821	44.002743	56.864590
AT5G57190	4	0.112741	0.814782	1.052940
AT5G53570	66	2.186506	15.264951	19.726845
AT3G47341	0	0.000000	0.000000	0.000000
AT1G79830	90	1.760192	13.327889	17.223585
AT5G37960	0	0.0	0.0	0.0
AT4G34450	231	4.489165	31.340815	40.501629
AT5G65830	7	0.325126	2.269846	2.933315
AT4G04223	13	1.801770	12.945537	16.729473
AT1G80940	50	2.295092	23.912878	30.902529
ATMG00513	10	0.357107	2.507816	3.240841
AT3G03120	21	1.146011	8.000802	10.339409
AT1G70970	0	0.0	0.0	0.0
AT1G73610	0	0.0	0.0	0.0
AT5G20660	67	1.555686	11.806543	15.257556
AT5G45350	113	4.283951	42.472359	54.886887
AT2G18917	0	0.000000	0.000000	0.000000
AT1G23220	32	2.764967	19.303438	24.945768
AT1G02205	58	1.289452	10.868615	14.045474
AT1G62440	0	0.0	0.0	0.0
AT4G05071	0	0.0	0.0	0.0
AT2G22121	0	0.0	0.0	0.0
AT5G61670	92	3.204993	23.346968	30.171207
AT1G09337	0	0.0	0.0	0.0
AT5G38790	0	0.0	0.0	0.0
AT1G65010	130	2.172904	15.169990	19.604126
AT2G04070	0	0.000000	0.000000	0.000000
AT1G11475	90	11.841584	82.671257	106.835785
AT4G38790	46	3.172258	22.146914	28.620382
AT1G04667	0	0.0	0.0	0.0
AT2G47390	206	4.997387	34.888935	45.086853
AT4G11393	0	0.0	0.0	0.0
AT3G56320	11	0.263175	2.210378	2.856464
AT5G12320	27	2.551020	17.809782	23.015520
AT3G51980	36	1.972448	13.770519	17.795595
AT2G05315	0	0.0	0.0	0.0
AT2G17360	578	38.148514	266.331390	344.179138
AT2G25920	15	0.869630	6.578014	8.500744
AT1G37000	0	0.0	0.0	0.0
AT4G12320	311	7.277060	58.888798	76.101799
AT3G49070	2	0.075608	0.641775	0.829364
AT3G06565	0	0.0	0.0	0.0
AT3G06415	0	0.0	0.0	0.0
AT3G21480	15	0.335141	2.339765	3.023671
AT5G45307	1	0.556452	3.884834	5.020358
AT3G26512	4	0.224719	3.019994	3.902729
AT5G07705	0	0.0	0.0	0.0
AT5G38317	0	0.0	0.0	0.0
AT1G14071	0	0.0	0.0	0.0
AT3G48115	19	1.538784	11.793726	15.240991
AT3G03450	12	0.411485	2.872756	3.712453
AT1G26570	13	0.538784	3.761486	4.860955
AT2G36854	0	0.000000	0.000000	0.000000
AT1G14687	2	0.150206	1.048653	1.355171
AT2G23760	86	2.366609	18.985483	24.534876
AT2G47844	0	0.0	0.0	0.0
AT1G73750	62	1.178631	9.877991	12.765295
AT1G72990	28	0.827872	5.841339	7.548743
AT1G08597	0	0.000000	0.000000	0.000000
AT1G31140	0	0.0	0.0	0.0
AT2G47600	45	1.524395	10.642466	13.753222
AT3G12220	17	0.718879	5.229850	6.758516
AT3G27825	0	0.0	0.0	0.0
AT3G53740	533	49.339909	433.923767	560.758179
AT4G34120	215	6.306588	97.336777	125.787979
AT5G56220	17	0.314868	2.246724	2.903433
AT1G19396	26	0.939668	7.010758	9.059978
AT4G22240	165	9.295406	64.895279	83.863945
AT5G10170	36	1.457000	10.171952	13.145179
AT3G09960	0	0.0	0.0	0.0
AT4G34600	0	0.000000	0.000000	0.000000
AT4G03290	0	0.0	0.0	0.0
AT3G57220	51	2.379433	16.611858	21.467447
AT2G47120	0	0.0	0.0	0.0
AT1G18975	0	0.0	0.0	0.0
AT5G19025	0	0.000000	0.000000	0.000000
AT1G73065	0	0.000000	0.000000	0.000000
AT1G49940	0	0.000000	0.000000	0.000000
AT2G28810	26	1.015810	8.321062	10.753280
AT5G22240	0	0.0	0.0	0.0
AT5G03290	144	7.804481	54.486485	70.412697
AT4G10170	29	1.745038	12.182871	15.743882
ATCG01100	279	20.565098	143.573914	185.540070
AT2G26010	62	7.966129	55.615017	71.871094
AT4G10265	0	0.0	0.0	0.0
AT1G76405	32	2.889791	20.174891	26.071941
AT1G14480	6	0.130006	1.896716	2.451120
AT2G39280	23	0.573989	4.373353	5.651669
AT5G07565	0	0.0	0.0	0.0
AT5G15460	14	0.609593	5.215796	6.740355
AT5G15510	17	0.604768	4.448556	5.748855
AT5G07415	1	0.000414	0.002890	0.003735
AT5G63420	88	2.077880	14.506585	18.746809
AT1G07907	0	0.0	0.0	0.0
AT2G13630	0	0.000000	0.000000	0.000000
AT4G28025	159	13.194792	92.118591	119.044540
AT2G02525	0	0.0	0.0	0.0
AT3G45030	394	43.888424	306.404205	395.965118
AT4G07565	0	0.0	0.0	0.0
AT4G15460	0	0.000000	0.000000	0.000000
AT4G15510	134	5.823304	65.362694	84.467987
AT5G57320	0	0.000000	0.000000	0.000000
AT5G43280	44	2.390972	17.752645	22.941685
AT2G19810	25	1.132600	7.907174	10.218414
AT2G20820	267	22.813904	159.273804	205.828995
AT1G02530	0	0.0	0.0	0.0
AT1G50050	0	0.0	0.0	0.0
AT1G05377	0	0.0	0.0	0.0
AT4G10730	87	2.553440	18.454567	23.848774
AT4G35240	13	0.269721	1.974008	2.551004
AT4G34390	36	0.597591	4.196444	5.423049
AT1G13340	13	0.647170	4.518176	5.838823
AT5G10730	19	1.111702	7.761276	10.029870
AT5G45490	119	5.314525	38.748192	50.074154
AT3G19980	62	2.976673	21.117413	27.289959
AT5G63150	41	4.111111	28.701458	37.090797
AT1G66920	15	0.386483	3.600759	4.653249
AT1G61380	31	0.720359	5.586077	7.218868
AT2G42800	7	0.213983	1.493909	1.930573
AT3G58480	0	0.000000	0.000000	0.000000
AT3G03600	51	3.473684	24.251301	31.339874
AT4G17585	0	0.0	0.0	0.0
AT1G75870	0	0.000000	0.000000	0.000000
AT1G07950	22	1.720408	12.010918	15.521668
AT4G12190	0	0.0	0.0	0.0
AT3G44440	0	0.000000	0.000000	0.000000
AT1G27740	0	0.0	0.0	0.0
AT3G46613	0	0.0	0.0	0.0
AT2G46290	0	0.000000	0.000000	0.000000
AT1G16720	130	4.244677	31.491705	40.696625
AT3G28980	0	0.0	0.0	0.0
AT1G04510	90	3.239200	22.676136	29.304293
AT5G12190	49	4.069037	28.407721	36.711201
AT5G05480	10	0.368972	2.575954	3.328897
AT3G56190	153	7.368803	51.444824	66.481972
AT2G47450	287	12.609366	88.031479	113.762779
AT5G60930	44	0.759876	5.418795	7.002690
AT2G36440	0	0.0	0.0	0.0
AT2G29680	11	0.380973	2.771714	3.581876
AT3G48330	20	1.168030	10.710780	13.841503
AT5G53090	9	0.494399	3.451615	4.460510
AT3G24300	0	0.0	0.0	0.0
AT1G49860	0	0.0	0.0	0.0
AT3G28410	0	0.0	0.0	0.0
AT4G14455	40	1.479549	10.329376	13.348618
AT3G28560	0	0.0	0.0	0.0
AT5G05910	0	0.0	0.0	0.0
AT1G64650	189	6.361099	55.570747	71.813889
AT3G09840	303	8.366149	58.407734	75.480110
AT2G44580	18	0.833234	6.067406	7.840887
AT1G12930	37	0.848354	5.929578	7.662773
AT3G07020	56	0.969624	11.061861	14.295206
AT3G58910	0	0.0	0.0	0.0
AT4G05910	0	0.000000	0.000000	0.000000
AT1G60190	1	0.023121	0.161418	0.208600
AT3G01195	0	0.0	0.0	0.0
ATCG00680	1842	96.470200	673.500488	870.362366
AT3G19410	0	0.0	0.0	0.0
AT3G19560	0	0.0	0.0	0.0
AT3G20420	0	0.000000	0.000000	0.000000
AT4G32640	141	2.798005	19.592720	25.319609
AT2G18680	10	0.625075	4.363921	5.639480
AT4G24200	16	0.271361	2.090458	2.701492
AT1G59690	0	0.0	0.0	0.0
AT1G31470	0	0.000000	0.000000	0.000000
AT3G50920	20	1.302207	9.091274	11.748623
AT5G24200	0	0.000000	0.000000	0.000000
AT5G48230	108	4.438779	31.100985	40.191696
AT1G62730	8	0.462778	3.230855	4.175223
AT5G67230	9	0.356182	2.628546	3.396860
AT3G51700	0	0.0	0.0	0.0
AT3G24690	0	0.0	0.0	0.0
AT1G06877	0	0.0	0.0	0.0
AT1G33100	0	0.0	0.0	0.0
AT1G17550	61	1.704225	12.514873	16.172928
AT4G07985	0	0.0	0.0	0.0
AT3G21473	0	0.0	0.0	0.0
AT1G28890	0	0.000000	0.000000	0.000000
AT3G49590	0	0.000000	0.000000	0.000000
AT3G20150	29	0.549879	3.950871	5.105698
AT1G14910	32	0.980762	6.959151	8.993287
AT5G07985	0	0.000000	0.000000	0.000000
AT1G62170	0	0.000000	0.000000	0.000000
AT3G47850	19	1.246038	8.699134	11.241861
AT3G53430	739	48.892384	341.339020	441.111267
AT1G76370	0	0.0	0.0	0.0
AT1G26090	28	1.248026	9.187688	11.873218
AT4G25640	132	4.525997	36.030678	46.562325
AT5G26622	60	3.175017	22.166178	28.645275
AT2G44840	3	0.196765	1.373702	1.775231
AT1G45403	0	0.0	0.0	0.0
AT3G09580	68	2.353913	16.433693	21.237204
AT1G11145	0	0.0	0.0	0.0
AT3G24929	0	0.000000	0.000000	0.000000
AT1G08077	0	0.0	0.0	0.0
AT1G64710	66	3.449279	28.806730	37.226841
AT3G23930	7	0.452613	3.159889	4.083513
AT2G08660	0	0.000000	0.000000	0.000000
AT5G25640	78	2.676787	18.687817	24.150202
AT1G19890	0	0.0	0.0	0.0
AT4G37840	0	0.0	0.0	0.0
AT1G68310	51	4.311563	30.625534	39.577274
AT4G39020	0	0.0	0.0	0.0
AT5G66330	7	0.329472	2.300188	2.972525
AT2G43020	73	2.739336	19.124498	24.714523
AT4G14605	28	1.200876	8.388425	10.840333
AT1G64400	52	1.687271	12.150156	15.701605
AT5G37840	0	0.0	0.0	0.0
AT3G15620	0	0.000000	0.000000	0.000000
AT3G44265	0	0.0	0.0	0.0
AT2G09730	0	0.0	0.0	0.0
AT5G46850	0	0.000000	0.000000	0.000000
AT5G39020	21	0.607023	4.237892	5.476614
AT1G80860	44	3.130118	22.125475	28.592676
AT5G01225	0	0.000000	0.000000	0.000000
AT2G35736	0	0.000000	0.000000	0.000000
AT5G48050	0	0.0	0.0	0.0
AT4G30260	85	4.473684	35.534252	45.920792
AT5G61495	0	0.000000	0.000000	0.000000
AT3G01325	0	0.0	0.0	0.0
AT3G44170	0	0.0	0.0	0.0
AT1G60320	0	0.0	0.0	0.0
AT1G07787	0	0.0	0.0	0.0
AT3G06985	0	0.000000	0.000000	0.000000
AT2G21540	32	0.972827	8.116477	10.488896
AT3G21910	0	0.0	0.0	0.0
AT1G77270	5	0.095535	0.777753	1.005087
AT3G08947	13	0.316386	2.235533	2.888971
AT1G11690	0	0.0	0.0	0.0
AT3G51560	0	0.0	0.0	0.0
AT3G51410	0	0.0	0.0	0.0
AT1G52550	12	1.067720	7.454219	9.633061
AT2G36170	352	36.366108	253.887634	328.098145
AT5G25195	0	0.0	0.0	0.0
AT3G61035	0	0.0	0.0	0.0
AT3G55820	1	0.065354	0.456265	0.589629
AT5G10440	5	0.186011	1.866124	2.411585
AT2G09170	0	0.000000	0.000000	0.000000
AT2G06815	0	0.0	0.0	0.0
AT4G15245	0	0.0	0.0	0.0
AT2G21880	14	0.760028	6.608613	8.540288
AT4G00163	0	0.000000	0.000000	0.000000
AT5G08820	1	0.046938	0.327695	0.423479
AT4G10440	0	0.0	0.0	0.0
AT3G19700	0	0.000000	0.000000	0.000000
AT5G67050	0	0.0	0.0	0.0
AT3G01640	33	1.750000	12.217512	15.788650
AT2G36730	3	0.132300	0.923644	1.193622
AT5G06020	0	0.0	0.0	0.0
AT4G37580	0	0.000000	0.000000	0.000000
AT1G51890	6	0.131776	0.979537	1.265853
AT4G00810	360	34.858353	277.647064	358.802338
AT2G31060	96	2.947145	20.575304	26.589394
AT2G09265	0	0.0	0.0	0.0
AT1G11300	0	0.000000	0.000000	0.000000
AT3G44730	22	0.396844	2.843539	3.674695
AT3G28700	16	0.655755	4.702248	6.076699
AT1G27430	37	0.560490	4.025531	5.202179
AT5G52965	0	0.0	0.0	0.0
AT5G00810	0	0.000000	0.000000	0.000000
AT2G03850	0	0.0	0.0	0.0
AT1G47310	20	0.510123	6.163393	7.964931
AT2G08015	0	0.0	0.0	0.0
AT3G08330	0	0.0	0.0	0.0
AT1G09860	0	0.000000	0.000000	0.000000
AT1G59680	0	0.0	0.0	0.0
AT5G45910	0	0.0	0.0	0.0
AT2G18690	44	1.749240	12.212207	15.781793
AT5G38900	0	0.000000	0.000000	0.000000
AT5G62620	10	0.241664	1.865111	2.410277
AT3G47020	0	0.0	0.0	0.0
AT5G64470	14	0.655797	5.057931	6.536347
AT1G28540	0	0.000000	0.000000	0.000000
AT3G49840	0	0.000000	0.000000	0.000000
AT5G55330	0	0.0	0.0	0.0
AT3G13227	0	0.0	0.0	0.0
AT4G21902	0	0.0	0.0	0.0
AT4G38900	25	0.779134	5.819823	7.520937
AT5G53080	0	0.000000	0.000000	0.000000
AT2G29690	82	2.707185	19.410849	25.084574
AT3G55230	0	0.0	0.0	0.0
AT3G20935	0	0.000000	0.000000	0.000000
AT4G08230	55	2.392564	16.721817	21.609547
AT2G31970	23	0.400878	2.804247	3.623919
AT2G45130	0	0.000000	0.000000	0.000000
AT1G09113	0	0.0	0.0	0.0
AT1G06210	37	1.447798	11.753554	15.189078
AT2G44590	0	0.0	0.0	0.0
AT1G19540	0	0.000000	0.000000	0.000000
ATCG00690	194	151.401962	1057.003052	1365.961548
AT3G01185	0	0.0	0.0	0.0
AT4G31650	0	0.000000	0.000000	0.000000
AT3G26110	0	0.0	0.0	0.0
AT5G08230	15	0.188251	1.388468	1.794312
AT4G28652	0	0.000000	0.000000	0.000000
AT3G62245	0	0.0	0.0	0.0
AT3G02400	13	0.454827	3.327115	4.299619
AT2G14560	736	26.297045	224.539886	290.172119
AT4G05675	0	0.0	0.0	0.0
AT1G34355	0	0.000000	0.000000	0.000000
AT4G31710	0	0.000000	0.000000	0.000000
AT3G60010	0	0.0	0.0	0.0
AT1G72700	27	0.427909	3.067838	3.964557
AT1G62978	0	0.0	0.0	0.0
AT2G18300	251	10.151193	79.592346	102.856918
AT3G11270	22	0.998812	7.792154	10.069776
AT3G09590	0	0.0	0.0	0.0
AT5G05675	0	0.000000	0.000000	0.000000
AT5G12236	0	0.0	0.0	0.0
AT5G08765	0	0.0	0.0	0.0
AT1G19880	67	2.332892	16.286936	21.047550
AT2G29300	9	0.550749	4.504590	5.821266
AT3G07850	0	0.0	0.0	0.0
AT4G07995	0	0.000000	0.000000	0.000000
AT3G11165	0	0.0	0.0	0.0
AT5G11370	0	0.0	0.0	0.0
AT2G45770	70	3.289598	24.286669	31.385580
AT3G49580	7	0.580135	5.068446	6.549935
AT1G28880	0	0.000000	0.000000	0.000000
AT2G04840	0	0.000000	0.000000	0.000000
ATCG00300	607	256.835968	1793.083740	2317.196045
AT5G07995	1	0.168254	1.174654	1.518002
AT4G11370	8	0.615707	4.298519	5.554961
AT1G60072	0	0.0	0.0	0.0
AT5G01835	0	0.000000	0.000000	0.000000
AT4G06850	0	0.000000	0.000000	0.000000
AT4G13445	0	0.0	0.0	0.0
AT1G63640	25	0.508361	3.551833	4.590022
AT2G04039	85	4.738445	45.497845	58.796707
AT2G03020	0	0.0	0.0	0.0
AT2G38470	64	2.496572	17.429657	22.524286
AT1G05713	0	0.0	0.0	0.0
AT5G06850	13	0.324103	2.262704	2.924085
AT1G11680	89	3.487673	24.348965	31.466084
AT5G36658	0	0.0	0.0	0.0
AT3G04265	0	0.0	0.0	0.0
AT4G33730	0	0.0	0.0	0.0
AT1G75040	121	8.818265	61.564152	79.559143
AT1G24270	2	0.159912	1.116415	1.442740
AT5G08505	0	0.0	0.0	0.0
AT1G51540	0	0.000000	0.000000	0.000000
AT5G08050	364	31.460541	219.639740	283.839691
AT4G09635	0	0.0	0.0	0.0
AT5G03815	0	0.0	0.0	0.0
AT5G04365	0	0.0	0.0	0.0
AT1G05385	39	3.449831	30.694246	39.666069
AT3G04170	0	0.0	0.0	0.0
AT1G08967	0	0.0	0.0	0.0
AT4G08505	1	0.142308	0.993514	1.283915
AT3G55050	21	0.779390	6.162793	7.964156
AT1G72560	42	0.787828	5.527880	7.143660
AT1G72410	42	0.754398	5.306791	6.857949
AT5G09635	0	0.0	0.0	0.0
AT4G03815	0	0.000000	0.000000	0.000000
AT3G02710	50	1.984554	14.216290	18.371664
AT2G34985	0	0.0	0.0	0.0
AT5G54520	0	0.000000	0.000000	0.000000
AT4G04365	0	0.0	0.0	0.0
AT4G31400	0	0.000000	0.000000	0.000000
AT2G14700	0	0.0	0.0	0.0
AT1G51880	0	0.0	0.0	0.0
AT1G01660	0	0.0	0.0	0.0
AT4G33170	3	0.070736	0.493839	0.638186
AT3G02650	21	0.774379	5.406277	6.986514
AT4G37590	95	2.390066	16.686092	21.563379
AT5G27110	3	0.104535	0.729804	0.943124
AT3G59270	0	0.000000	0.000000	0.000000
AT4G14713	12	0.439520	3.275669	4.233135
AT4G36635	0	0.0	0.0	0.0
AT5G48820	0	0.000000	0.000000	0.000000
AT5G37590	20	0.751465	5.256567	6.793044
AT4G27110	0	0.0	0.0	0.0
AT1G16945	0	0.0	0.0	0.0
AT5G39850	40	3.021133	21.091846	27.256920
AT5G46020	270	20.152765	149.362518	193.020676
AT2G21890	0	0.000000	0.000000	0.000000
AT5G10572	2	1.090226	7.611343	9.836112
AT4G14385	21	0.791237	8.971697	11.594092
AT2G27930	0	0.000000	0.000000	0.000000
AT3G04730	277	10.930864	76.313126	98.619186
AT2G30630	0	0.000000	0.000000	0.000000
AT1G05653	0	0.0	0.0	0.0
AT5G59370	0	0.0	0.0	0.0
AT4G39850	63	0.929372	6.591809	8.518572
AT2G43850	24	0.886194	6.723130	8.688277
AT2G35550	0	0.0	0.0	0.0
AT5G62100	21	0.670554	6.955513	8.988586
AT1G74430	19	0.923384	7.650592	9.886834
AT1G07310	44	1.864865	13.019434	16.824972
AT5G40810	206	6.828893	67.007889	86.594070
AT5G40316	0	0.0	0.0	0.0
AT1G06047	0	0.0	0.0	0.0
AT4G05350	0	0.0	0.0	0.0
AT1G34670	0	0.0	0.0	0.0
AT4G21030	0	0.0	0.0	0.0
AT3G58350	0	0.0	0.0	0.0
AT5G26760	39	1.068750	7.461410	9.642354
AT3G27500	0	0.0	0.0	0.0
AT2G38695	12	0.865455	6.996132	9.041077
AT3G54065	0	0.0	0.0	0.0
AT5G38780	0	0.000000	0.000000	0.000000
AT5G05350	5	0.160864	1.123062	1.451329
AT1G10100	0	0.0	0.0	0.0
AT3G43120	0	0.0	0.0	0.0
AT5G21030	0	0.0	0.0	0.0
AT4G26760	38	1.352227	9.440486	12.199907
AT1G78340	0	0.0	0.0	0.0
AT4G18905	66	2.579911	18.440323	23.830368
AT1G32420	0	0.0	0.0	0.0
AT4G38780	0	0.000000	0.000000	0.000000
AT2G47380	106	9.019831	129.965134	167.953506
AT1G25150	32	1.368791	10.493447	13.560646
AT5G57180	146	3.549200	32.867531	42.474598
AT3G05250	7	0.459193	3.205826	4.142879
AT1G21810	10	0.264929	1.907580	2.465158
ATMG00010	0	0.0	0.0	0.0
AT3G17630	0	0.0	0.0	0.0
AT4G29905	177	19.862165	138.666428	179.198166
AT1G08847	0	0.0	0.0	0.0
AT2G44070	0	0.000000	0.000000	0.000000
AT3G62460	8	0.713647	4.982281	6.438584
AT1G61450	0	0.000000	0.000000	0.000000
AT5G58250	480	34.049732	237.716019	307.199585
AT3G62510	3	0.436093	3.869538	5.000590
AT4G11655	0	0.0	0.0	0.0
AT1G48095	0	0.0	0.0	0.0
AT1G55920	52	2.857931	19.952461	25.784498
AT1G20225	433	35.563656	248.285370	320.858337
AT1G14350	26	0.849765	6.445143	8.329036
AT5G23665	0	0.0	0.0	0.0
AT1G72980	0	0.0	0.0	0.0
AT1G61120	0	0.0	0.0	0.0
AT2G45315	16	0.632560	4.416177	5.707010
AT2G20230	133	7.623631	53.223888	68.781052
AT5G64140	400	33.084736	230.978958	298.493317
AT1G25420	35	1.507027	11.760871	15.198533
AT1G08587	0	0.0	0.0	0.0
AT3G46565	0	0.0	0.0	0.0
AT3G09070	11	0.294333	2.054867	2.655498
AT3G08115	0	0.0	0.0	0.0
AT3G57830	13	0.338462	2.419982	3.127335
AT3G51990	10	0.449755	3.139936	4.057728
AT1G53760	28	1.568068	11.706674	15.128494
AT1G32150	16	0.669533	4.674302	6.040584
AT1G69800	26	1.095898	7.779420	10.053319
AT3G21490	0	0.0	0.0	0.0
AT3G04854	0	0.0	0.0	0.0
AT5G02160	609	49.044315	342.399750	442.482025
AT2G39290	43	2.507429	17.505453	22.622238
AT1G14490	3	0.201843	1.880610	2.430306
AT3G03380	67	1.422758	9.932894	12.836245
AT4G33440	14	0.512582	3.578558	4.624558
AT2G07120	0	0.0	0.0	0.0
AT3G54610	21	0.740792	5.171792	6.683489
AT3G49960	0	0.000000	0.000000	0.000000
AT1G09940	32	1.131758	7.901295	10.210817
AT4G02160	0	0.0	0.0	0.0
AT3G12830	11	0.823951	5.752361	7.433756
AT1G07135	17	1.462555	10.210733	13.195296
AT1G68950	0	0.0	0.0	0.0
AT4G21250	0	0.0	0.0	0.0
AT1G53500	154	4.710924	32.889015	42.502357
AT5G43290	0	0.000000	0.000000	0.000000
AT1G29750	21	0.402928	3.167205	4.092968
AT5G58030	57	4.697963	32.798527	42.385426
AT1G56010	10	0.257520	2.384879	3.081971
AT4G03280	2435	177.810043	1344.179688	1737.078857
AT5G26038	3	1.358207	9.482235	12.253860
AT3G21350	40	2.793411	21.900764	28.302282
AT1G22360	47	1.929933	13.473702	17.412020
AT1G18750	0	0.000000	0.000000	0.000000
AT3G05030	33	0.847693	6.557111	8.473732
AT1G50820	0	0.0	0.0	0.0
ATMG00665	1	1.818182	12.693521	16.403793
AT1G61600	4	0.204802	1.429812	1.847741
AT4G11405	0	0.0	0.0	0.0
AT5G02275	0	0.0	0.0	0.0
AT5G58782	0	0.0	0.0	0.0
AT5G03280	70	1.149248	8.023401	10.368613
AT4G05490	0	0.0	0.0	0.0
AT3G52630	37	4.170697	29.117455	37.628387
AT3G58490	32	1.434500	10.692801	13.818272
AT4G37070	0	0.000000	0.000000	0.000000
AT5G16630	32	0.768186	5.597904	7.234152
AT2G20050	71	1.300873	9.291083	12.006835
AT1G18610	24	0.650035	4.772998	6.168129
AT1G04013	1	0.133252	0.930290	1.202211
AT1G70060	53	0.861392	6.223301	8.042350
AT5G23010	329	12.794734	97.899048	126.514610
AT2G38140	650	76.697197	586.125671	757.448242
AT5G12180	0	0.0	0.0	0.0
AT3G28990	0	0.0	0.0	0.0
AT3G13360	25	0.950629	7.258620	9.380289
AT3G56180	0	0.000000	0.000000	0.000000
AT5G05490	0	0.000000	0.000000	0.000000
AT2G46280	235	9.781951	75.325600	97.343010
AT4G00295	0	0.0	0.0	0.0
AT4G16630	70	1.919461	13.400594	17.317541
AT5G37070	29	2.242786	17.360100	22.434399
AT1G68907	0	0.0	0.0	0.0
AT2G02800	90	3.883532	27.334745	35.324596
AT3G14810	29	0.702128	4.921591	6.360155
AT4G23010	76	3.360502	26.870142	34.724194
AT3G43600	117	1.840075	12.846365	16.601315
AT5G65220	1143	109.607910	765.220581	988.891968
AT5G19855	80	3.806723	31.423895	40.608994
AT1G36940	6	0.347179	2.829618	3.656705
AT1G74740	12	0.431709	3.013949	3.894916
AT1G10620	0	0.000000	0.000000	0.000000
AT4G26055	0	0.000000	0.000000	0.000000
AT5G13260	33	1.239099	8.650690	11.179257
AT4G34380	1	0.033594	0.234534	0.303088
AT3G04440	0	0.000000	0.000000	0.000000
AT4G26500	39	1.607090	11.219796	14.499304
AT1G79220	9	0.381755	2.665198	3.444226
AT5G45480	0	0.000000	0.000000	0.000000
AT3G54750	41	1.420309	9.928949	12.831147
AT1G23830	4	0.219663	1.533563	1.981818
AT1G61390	0	0.0	0.0	0.0
AT2G15000	69	3.766876	45.629807	58.967239
AT3G19990	0	0.000000	0.000000	0.000000
AT2G15555	0	0.0	0.0	0.0
AT4G13260	8	0.272137	1.899907	2.455243
AT1G18490	13	0.607482	4.241097	5.480754
AT1G12630	0	0.0	0.0	0.0
AT2G39518	6	0.459173	3.205687	4.142698
AT3G26618	42	1.608759	11.231448	14.514361
AT2G01667	0	0.0	0.0	0.0
AT1G01070	24	1.044238	7.889190	10.195173
AT3G60075	0	0.0	0.0	0.0
ATCG00980	2	1.648649	11.509936	14.874252
AT1G67510	0	0.000000	0.000000	0.000000
AT5G07571	0	0.000000	0.000000	0.000000
AT1G67460	0	0.000000	0.000000	0.000000
AT3G58610	1707	59.698730	479.850983	620.109802
AT2G29980	243	11.116265	81.236618	104.981812
AT1G53360	0	0.0	0.0	0.0
AT2G03530	38	1.118860	13.805566	17.840885
AT1G16180	188	6.465176	52.624981	68.007080
AT5G05610	75	4.442611	32.083790	41.461769
AT1G64950	128	4.965400	34.665623	44.798264
AT5G43518	0	0.0	0.0	0.0
AT3G50620	24	0.974293	8.475219	10.952496
AT5G54030	0	0.0	0.0	0.0
AT1G29490	1	0.108793	0.759531	0.981540
AT3G61800	16	0.297414	2.076377	2.683295
AT4G32940	186	6.954889	48.555107	62.747604
AT1G14750	0	0.000000	0.000000	0.000000
AT1G73687	0	0.0	0.0	0.0
AT1G59990	120	3.891145	31.297218	40.445286
AT1G65845	53	5.441993	37.992928	49.098125
AT1G22500	4	0.181910	1.269993	1.641208
AT2G18980	0	0.0	0.0	0.0
AT3G54490	0	0.000000	0.000000	0.000000
AT1G09263	0	0.000000	0.000000	0.000000
AT1G06160	25	1.827808	12.760724	16.490641
AT1G14610	239	5.019196	35.794159	46.256664
AT1G08013	0	0.0	0.0	0.0
AT2G34140	0	0.0	0.0	0.0
AT1G52830	4	0.338390	2.362448	3.052984
AT3G13500	0	0.0	0.0	0.0
AT3G46140	0	0.0	0.0	0.0
AT3G18810	0	0.0	0.0	0.0
AT5G05750	19	0.965410	6.739948	8.710011
AT3G23630	0	0.0	0.0	0.0
AT1G78740	0	0.0	0.0	0.0
AT3G16010	27	0.665713	4.647633	6.006120
AT5G52010	43	1.989589	13.890187	17.950243
AT4G38380	13	0.395133	3.033985	3.920809
AT2G08960	0	0.000000	0.000000	0.000000
AT5G25940	33	3.073128	30.928890	39.969299
AT2G47780	0	0.000000	0.000000	0.000000
AT3G29810	0	0.000000	0.000000	0.000000
AT1G48460	52	2.047429	15.021439	19.412153
AT1G48510	0	0.0	0.0	0.0
AT3G10820	0	0.000000	0.000000	0.000000
AT4G05750	0	0.0	0.0	0.0
AT1G43800	0	0.000000	0.000000	0.000000
AT3G58750	70	2.249396	15.704014	20.294243
AT5G26360	246	8.489841	59.271282	76.596069
AT1G35500	0	0.0	0.0	0.0
AT4G39756	0	0.0	0.0	0.0
AT5G55440	0	0.0	0.0	0.0
AT4G25940	61	2.088542	14.631825	18.908659
AT5G38380	24	1.123159	8.275256	10.694085
AT5G46530	0	0.000000	0.000000	0.000000
AT3G27360	93	8.840578	61.719929	79.760452
AT2G46870	30	1.430590	9.987573	12.906905
AT3G15920	45	0.626947	4.384663	5.666285
AT2G18328	118	14.086567	98.344460	127.090210
AT3G54350	48	1.248606	9.114656	11.778838
AT3G47530	5	0.178233	1.244322	1.608033
AT4G20840	23	0.934426	6.523635	8.430471
AT1G61790	217	8.313131	62.303391	80.514450
AT4G05065	0	0.000000	0.000000	0.000000
AT4G17010	13	0.899216	6.277819	8.112803
AT5G34780	0	0.000000	0.000000	0.000000
AT1G75290	0	0.000000	0.000000	0.000000
AT1G74340	68	6.497006	62.395863	80.633957
AT5G41000	0	0.000000	0.000000	0.000000
AT5G20840	48	0.971633	6.783393	8.766156
AT4G14905	7	0.300588	2.158206	2.789042
AT5G05065	0	0.0	0.0	0.0
AT5G17010	43	1.347381	10.824521	13.988491
AT4G34780	0	0.0	0.0	0.0
AT1G11990	0	0.000000	0.000000	0.000000
AT3G13760	0	0.0	0.0	0.0
AT1G17830	5	0.213575	1.491060	1.926892
AT3G02135	0	0.0	0.0	0.0
AT5G36150	0	0.000000	0.000000	0.000000
AT5G09420	15	0.349806	2.457514	3.175837
AT1G33920	0	0.0	0.0	0.0
AT1G34812	0	0.0	0.0	0.0
AT4G27260	0	0.000000	0.000000	0.000000
AT5G47140	35	1.227353	8.568686	11.073284
AT2G19045	0	0.0	0.0	0.0
AT1G04847	0	0.000000	0.000000	0.000000
AT2G22220	0	0.0	0.0	0.0
AT2G48070	193	12.109329	106.537155	137.677597
AT4G09420	0	0.000000	0.000000	0.000000
AT4G36150	0	0.000000	0.000000	0.000000
AT5G54250	18	0.324362	4.131628	5.339288
AT3G21610	40	2.692308	18.925577	24.457457
AT5G27260	0	0.0	0.0	0.0
AT3G06685	0	0.000000	0.000000	0.000000
AT1G22760	0	0.0	0.0	0.0
AT3G21750	26	1.044875	7.294728	9.426951
AT1G71002	0	0.0	0.0	0.0
AT1G18350	0	0.000000	0.000000	0.000000
AT2G45405	0	0.0	0.0	0.0
AT3G13235	27	1.135621	9.156579	11.833015
AT4G36420	66	5.454450	39.788074	51.417992
AT4G09150	44	0.842761	6.295649	8.135846
AT5G42895	0	0.0	0.0	0.0
AT3G01940	9	0.808019	5.641133	7.290017
AT2G01510	1	0.024546	0.172644	0.223107
AT2G01460	11	0.233635	1.669387	2.157343
AT2G40200	0	0.000000	0.000000	0.000000
AT3G42950	24	0.724376	5.057185	6.535382
AT3G43790	0	0.000000	0.000000	0.000000
AT3G28917	0	0.0	0.0	0.0
AT1G04587	0	0.000000	0.000000	0.000000
AT3G50100	36	1.359458	13.122299	16.957903
AT5G36420	0	0.0	0.0	0.0
AT5G09150	0	0.000000	0.000000	0.000000
AT3G04115	0	0.0	0.0	0.0
AT1G10745	0	0.0	0.0	0.0
AT5G03870	12	0.532069	3.714606	4.800372
AT4G20580	0	0.0	0.0	0.0
AT5G02885	2	0.679426	4.743369	6.129839
AT1G29350	31	0.794701	5.548154	7.169860
AT3G03780	781	20.528929	150.963882	195.090118
AT3G02775	0	0.0	0.0	0.0
AT1G57630	7	0.737728	5.150401	6.655845
AT5G20580	20	1.013393	7.093034	9.166304
AT2G35220	0	0.0	0.0	0.0
AT1G73480	69	1.444678	13.560796	17.524570
AT1G30430	0	0.0	0.0	0.0
AT5G20960	24	0.378978	2.738266	3.538651
AT1G73910	0	0.0	0.0	0.0
AT1G70670	34	2.443213	17.057135	22.042877
AT3G11880	33	1.150201	8.999616	11.630172
ATCG00700	33	19.409090	135.503311	175.110474
AT4G07868	0	0.0	0.0	0.0
AT1G01590	0	0.0	0.0	0.0
AT4G11770	0	0.0	0.0	0.0
AT4G37660	25	2.543226	17.755369	22.945202
AT1G19270	71	2.198595	15.895109	20.541195
AT2G34470	8	0.565221	3.946054	5.099472
ATMG09450	1	0.300000	2.094431	2.706626
AT4G20960	54	1.813973	13.197365	17.054909
AT2G29700	54	4.030019	28.135317	36.359173
AT2G32620	0	0.0	0.0	0.0
AT5G50510	0	0.0	0.0	0.0
AT5G50460	191	16.734873	116.833435	150.983459
AT3G08265	0	0.0	0.0	0.0
AT1G80640	53	2.141171	14.948447	19.317827
AT3G09015	0	0.0	0.0	0.0
AT3G46470	0	0.0	0.0	0.0
AT5G37660	2	0.092405	0.748375	0.967122
AT5G11770	243	16.241205	113.386932	146.529541
AT5G04505	0	0.0	0.0	0.0
AT1G28270	0	0.0	0.0	0.0
AT5G04050	7	0.169144	1.180868	1.526032
AT1G04967	0	0.0	0.0	0.0
AT3G05520	45	2.543103	21.095264	27.261341
AT5G05987	13	0.828058	6.283278	8.119859
AT4G04505	0	0.000000	0.000000	0.000000
AT3G26445	0	0.000000	0.000000	0.000000
AT1G06297	0	0.0	0.0	0.0
AT5G61970	89	3.055508	21.331833	27.567055
AT4G31310	20	1.742922	12.168097	15.724792
AT1G76955	21	1.978723	13.814328	17.852207
AT1G72300	35	0.698563	4.876973	6.302495
AT5G58520	16	0.540870	3.776049	4.879776
AT5G55170	0	0.000000	0.000000	0.000000
AT4G08365	0	0.0	0.0	0.0
AT1G66100	269	21.627016	150.987610	195.120789
AT1G07457	2	0.141042	0.984676	1.272493
AT2G18700	36	0.929090	6.486382	8.382329
AT5G11130	0	0.0	0.0	0.0
AT1G20000	0	0.000000	0.000000	0.000000
AT1G07127	0	0.0	0.0	0.0
AT4G11130	0	0.000000	0.000000	0.000000
AT5G44820	17	0.718250	7.023177	9.076028
AT3G01860	64	2.466732	17.221331	22.255068
AT3G51680	0	0.0	0.0	0.0
AT1G02850	0	0.000000	0.000000	0.000000
AT2G25620	118	2.908755	21.556553	27.857458
AT3G17155	0	0.0	0.0	0.0
AT5G55730	124	5.602279	39.189548	50.644520
AT3G11540	35	0.709382	4.952505	6.400105
AT2G11910	265	18.138079	133.138306	172.054184
AT1G80325	18	0.293328	2.215691	2.863330
AT3G63093	0	0.0	0.0	0.0
AT2G47900	77	2.981669	21.802536	28.175341
AT1G07400	7	0.595571	4.157941	5.373292
AT3G08730	63	1.986438	14.456362	18.681908
AT3G53232	2	0.195710	1.366337	1.765712
AT1G15050	0	0.000000	0.000000	0.000000
AT1G72690	0	0.000000	0.000000	0.000000
AT1G78430	7	0.310282	2.166214	2.799391
AT3G04330	0	0.0	0.0	0.0
AT1G49640	0	0.0	0.0	0.0
AT5G59770	71	5.460271	38.120533	49.263031
AT5G22080	91	5.128787	40.519165	52.362778
AT4G13110	6	0.329323	2.299147	2.971180
AT1G07710	0	0.000000	0.000000	0.000000
AT2G14690	0	0.000000	0.000000	0.000000
AT2G08580	0	0.0	0.0	0.0
AT1G51270	6	0.136209	1.330229	1.719050
AT1G24540	0	0.000000	0.000000	0.000000
AT4G22080	0	0.0	0.0	0.0
AT5G13110	29	0.989173	6.905848	8.924403
AT4G14785	0	0.000000	0.000000	0.000000
AT3G09660	7	0.193394	1.367782	1.767580
AT3G59880	3	0.202403	1.413064	1.826097
AT4G21520	17	0.797207	5.596228	7.231987
AT4G34900	30	0.544333	3.800226	4.911019
AT5G18403	0	0.0	0.0	0.0
AT5G43040	1	0.034878	0.243499	0.314672
AT4G32860	0	0.0	0.0	0.0
AT2G25100	16	0.963481	6.726481	8.692608
AT3G52155	35	1.654476	15.830211	20.457327
AT2G37820	0	0.0	0.0	0.0
AT2G39040	0	0.0	0.0	0.0
AT4G07526	0	0.0	0.0	0.0
AT2G07628	0	0.000000	0.000000	0.000000
AT1G69828	0	0.0	0.0	0.0
AT1G66345	1	0.001408	0.009830	0.012703
AT1G44575	2243	99.199112	964.978455	1247.038452
AT1G07607	0	0.000000	0.000000	0.000000
AT5G04230	21	0.630510	4.422202	5.714797
AT4G16155	0	0.000000	0.000000	0.000000
AT2G06040	10	0.275771	1.925278	2.488029
AT2G18560	10	0.370935	2.589659	3.346607
AT2G18410	21	0.914676	7.380767	9.538139
AT3G02310	0	0.0	0.0	0.0
AT1G34060	0	0.000000	0.000000	0.000000
AT1G66620	10	0.542285	3.785928	4.892541
AT4G04765	0	0.0	0.0	0.0
AT5G35080	49	2.404866	18.135738	23.436752
AT3G19680	34	1.422414	9.930491	12.833140
AT5G35732	9	0.726374	6.490480	8.387626
AT5G04765	0	0.0	0.0	0.0
AT5G59130	98	2.924925	20.420177	26.388924
AT1G71930	0	0.0	0.0	0.0
AT4G35080	53	2.483641	18.115284	23.410318
AT1G05785	11	0.409761	4.027946	5.205301
AT1G77890	7	0.188979	1.535734	1.984624
AT2G32100	39	2.361196	16.484539	21.302912
AT3G28680	0	0.0	0.0	0.0
AT5G65550	0	0.000000	0.000000	0.000000
AT1G30740	0	0.0	0.0	0.0
AT4G02210	17	0.590482	4.418907	5.710538
AT4G25860	0	0.000000	0.000000	0.000000
AT5G65005	0	0.0	0.0	0.0
AT2G29560	91	3.640720	25.417452	32.846886
AT5G60630	1	0.071793	0.501218	0.647723
AT2G29410	0	0.000000	0.000000	0.000000
AT3G03773	10	0.529070	3.838735	4.960785
AT3G06868	39	2.067649	14.435158	18.654505
AT1G79550	290	12.390165	93.227898	120.478096
AT1G15230	19	1.229412	8.583060	11.091860
AT4G33330	0	0.0	0.0	0.0
AT5G47470	0	0.0	0.0	0.0
AT1G07650	47	0.862254	6.333796	8.185143
AT3G03900	18	0.977094	7.308021	9.444130
ATCG00410	2	1.698630	11.858876	15.325185
ATCG00560	107	72.529915	506.362915	654.371094
AT1G24880	368	13.744391	186.809021	241.412659
AT5G25860	0	0.0	0.0	0.0
AT5G02210	0	0.0	0.0	0.0
AT5G33330	0	0.000000	0.000000	0.000000
AT3G59540	682	91.573112	639.311768	826.180420
AT2G44660	0	0.000000	0.000000	0.000000
AT1G05313	0	0.0	0.0	0.0
AT1G07397	0	0.0	0.0	0.0
AT5G11960	34	1.731197	12.117943	15.659977
AT2G37750	0	0.0	0.0	0.0
AT1G66810	6	0.252735	1.800736	2.327085
AT1G56950	0	0.0	0.0	0.0
AT5G53120	37	1.459238	13.235140	17.103727
AT2G46740	0	0.0	0.0	0.0
AT3G20880	0	0.0	0.0	0.0
AT4G20770	2	0.038000	0.265295	0.342839
AT5G48350	0	0.0	0.0	0.0
AT3G07190	23	1.409370	9.839426	12.715457
AT4G11960	50	2.527831	18.549864	23.971924
AT3G02585	0	0.000000	0.000000	0.000000
AT3G03570	27	0.914409	6.383887	8.249876
AT1G26450	12	0.769790	5.795562	7.489585
AT3G01025	0	0.0	0.0	0.0
AT5G44065	0	0.000000	0.000000	0.000000
AT1G06002	0	0.000000	0.000000	0.000000
AT1G27290	45	2.912052	20.330303	26.272781
AT5G06645	0	0.0	0.0	0.0
AT4G15953	0	0.000000	0.000000	0.000000
AT5G39320	68	2.661371	18.580191	24.011116
AT5G61760	0	0.000000	0.000000	0.000000
AT5G35790	149	5.685399	40.765503	52.681122
AT3G48250	22	0.696585	4.863163	6.284649
AT3G47180	0	0.0	0.0	0.0
AT1G68010	806	36.002235	261.728699	338.231140
AT4G39320	0	0.000000	0.000000	0.000000
AT1G63855	34	1.468126	15.538818	20.080763
AT1G74280	9	0.449049	3.135007	4.051359
AT1G69260	0	0.000000	0.000000	0.000000
AT2G43320	11	0.265375	1.972996	2.549695
AT5G66030	41	0.984351	7.473348	9.657782
AT4G35790	0	0.000000	0.000000	0.000000
AT4G06320	0	0.0	0.0	0.0
AT5G20130	55	4.638174	35.380066	45.721539
AT2G31360	570	25.123068	186.621185	241.169922
AT2G04405	0	0.000000	0.000000	0.000000
AT1G11000	9	0.249811	1.864539	2.409537
AT2G28920	0	0.0	0.0	0.0
AT2G08315	0	0.0	0.0	0.0
AT1G52695	0	0.0	0.0	0.0
AT4G20130	101	4.012500	29.425432	38.026386
AT5G01980	31	1.064317	7.430460	9.602359
AT5G06320	154	12.376148	86.403282	111.658669
AT5G39645	0	0.0	0.0	0.0
AT5G44567	0	0.000000	0.000000	0.000000
AT2G23670	0	0.000000	0.000000	0.000000
AT1G10875	0	0.0	0.0	0.0
AT5G23950	0	0.0	0.0	0.0
AT5G22790	12	0.310784	2.514901	3.249999
AT1G26120	23	0.668437	4.666650	6.030696
AT1G04953	0	0.000000	0.000000	0.000000
AT5G65613	0	0.000000	0.000000	0.000000
AT2G19920	4	0.084223	0.615888	0.795910
AT3G20540	35	0.767487	5.456215	7.051049
ATMG01110	0	0.0	0.0	0.0
AT5G67350	11	0.567133	3.959403	5.116723
AT3G06220	3	0.225198	1.572205	2.031756
AT5G03740	133	7.876113	54.986576	71.058968
AT1G04137	0	0.0	0.0	0.0
AT5G41990	54	1.902328	13.280981	17.162966
AT2G26135	0	0.0	0.0	0.0
AT4G23950	0	0.000000	0.000000	0.000000
AT4G22790	9	0.361737	2.525444	3.263622
AT3G02845	0	0.000000	0.000000	0.000000
AT1G05597	0	0.0	0.0	0.0
AT1G07463	2	0.258140	1.802188	2.328961
AT5G47830	5	0.322094	2.248678	2.905960
AT1G07513	1	0.013763	0.096085	0.124171
AT5G53450	86	2.366354	18.639065	24.087200
AT2G37610	0	0.0	0.0	0.0
AT4G34570	52	1.837490	14.001904	18.094612
AT1G17140	26	1.194060	8.852007	11.439418
AT4G03740	0	0.0	0.0	0.0
AT3G46830	82	4.459016	31.130331	40.229622
AT4G39190	11	0.625178	4.364640	5.640409
AT1G34825	0	0.0	0.0	0.0
AT2G47570	0	0.0	0.0	0.0
AT4G07220	0	0.0	0.0	0.0
AT1G52140	26	1.942507	13.561488	17.525465
AT3G53290	0	0.000000	0.000000	0.000000
AT5G10520	0	0.000000	0.000000	0.000000
AT2G43190	14	0.751370	5.828487	7.532133
AT3G58196	2	1.298701	9.066798	11.716991
AT2G25810	0	0.000000	0.000000	0.000000
AT5G39190	6	0.368905	2.575486	3.328292
AT2G34830	0	0.000000	0.000000	0.000000
AT1G26600	12	0.880515	7.439620	9.614196
AT5G07220	78	4.110818	28.699409	37.088150
AT5G44610	0	0.0	0.0	0.0
AT1G71160	0	0.0	0.0	0.0
AT5G59960	35	1.169385	10.005172	12.929650
AT4G29460	0	0.0	0.0	0.0
AT2G38152	0	0.0	0.0	0.0
AT4G29510	215	11.132318	77.719559	100.436722
ATMG00950	0	0.0	0.0	0.0
AT2G21150	28	1.324895	9.811507	12.679378
AT4G10520	0	0.0	0.0	0.0
AT5G66250	0	0.000000	0.000000	0.000000
AT5G18460	49	1.420513	10.417084	13.461962
AT5G18510	1	0.031292	0.218463	0.282319
AT3G07320	26	1.003425	7.294406	9.426537
AT5G13800	33	0.914296	7.967124	10.295887
AT5G67490	0	0.000000	0.000000	0.000000
AT1G16530	5	0.471774	3.293660	4.256385
AT2G03180	0	0.0	0.0	0.0
AT4G18460	26	2.022239	16.233452	20.978434
AT4G18510	0	0.0	0.0	0.0
AT2G24762	79	5.897844	41.175415	53.210854
AT5G41109	0	0.000000	0.000000	0.000000
AT3G48030	49	1.814306	13.738111	17.753714
AT5G53390	0	0.0	0.0	0.0
AT4G13800	6	0.187819	1.669638	2.157668
AT3G24000	2	0.043900	0.306485	0.396070
AT2G45243	0	0.000000	0.000000	0.000000
AT3G32980	13	0.667748	4.661839	6.024479
AT2G04715	0	0.0	0.0	0.0
AT2G12280	2	0.275126	1.920775	2.482210
AT1G08377	0	0.000000	0.000000	0.000000
AT5G46180	15	0.519111	3.624140	4.683464
AT2G04655	0	0.0	0.0	0.0
AT2G13275	0	0.000000	0.000000	0.000000
AT5G04975	0	0.0	0.0	0.0
AT4G38240	28	0.580851	7.318674	9.457898
AT5G48490	74	10.222798	71.369812	92.230957
AT5G61500	88	2.085910	16.945257	21.898298
AT5G42630	0	0.000000	0.000000	0.000000
AT1G76070	6	0.359350	2.508779	3.242086
AT3G07645	0	0.0	0.0	0.0
AT1G26390	1	0.041313	0.288424	0.372729
AT4G04975	0	0.0	0.0	0.0
AT2G32810	69	1.667980	11.970880	15.469927
AT5G38240	0	0.000000	0.000000	0.000000
AT5G44750	31	0.574399	4.026117	5.202938
AT4G08480	18	0.437792	3.056417	3.949797
AT1G78870	128	7.370209	62.204342	80.386467
AT1G02720	15	0.422377	3.911063	5.054254
AT3G55480	49	1.069620	7.467484	9.650203
AT5G06190	0	0.000000	0.000000	0.000000
AT2G21420	0	0.000000	0.000000	0.000000
AT3G25980	23	1.395130	11.566257	14.947033
AT5G08480	12	0.487451	3.785265	4.891685
AT5G53600	0	0.0	0.0	0.0
AT3G45330	0	0.0	0.0	0.0
AT5G59840	57	3.314360	23.516302	30.390038
AT5G57020	0	0.000000	0.000000	0.000000
AT1G06930	0	0.0	0.0	0.0
AT3G25410	31	1.147408	8.876449	11.471004
AT3G25560	33	1.080791	7.554821	9.763069
AT5G08910	0	0.0	0.0	0.0
AT5G51195	0	0.0	0.0	0.0
AT1G09257	6	0.759099	5.299601	6.848656
AT3G61110	597	66.023514	460.938934	595.669800
AT2G26310	0	0.000000	0.000000	0.000000
AT3G03090	28	0.963877	7.154743	9.246050
AT2G06925	110	7.452685	56.734165	73.317368
AT4G08910	2	0.153926	1.074624	1.388734
AT2G46430	121	3.061050	26.582468	34.352428
AT3G22040	0	0.0	0.0	0.0
AT3G55910	0	0.000000	0.000000	0.000000
AT3G21371	0	0.0	0.0	0.0
AT5G00920	0	0.000000	0.000000	0.000000
AT1G54100	27	0.821236	6.265615	8.097034
AT2G04852	5	0.279211	1.949294	2.519066
AT2G15680	0	0.000000	0.000000	0.000000
AT2G08130	0	0.000000	0.000000	0.000000
AT3G42075	0	0.0	0.0	0.0
AT4G00920	0	0.0	0.0	0.0
AT1G08125	16	0.872816	6.215118	8.031776
AT1G17470	106	4.790671	34.956985	45.174789
AT1G05575	3	0.309859	2.163261	2.795574
AT5G45230	0	0.0	0.0	0.0
AT4G01700	34	2.748070	19.185472	24.793322
AT4G19640	71	3.033843	30.160995	38.976952
AT1G09200	172	17.984293	125.556183	162.255814
AT1G06103	1	0.025000	0.174536	0.225552
AT3G32410	0	0.0	0.0	0.0
AT1G31550	33	1.425166	10.690456	13.815240
AT3G29100	6	0.248356	2.335981	3.018781
AT1G68862	8	0.383248	7.147943	9.237262
AT5G01700	0	0.0	0.0	0.0
AT5G19640	0	0.0	0.0	0.0
AT5G48675	0	0.0	0.0	0.0
AT3G18100	7	0.181783	1.286343	1.662337
AT4G03430	54	0.936259	7.274160	9.400373
AT5G59580	0	0.0	0.0	0.0
AT1G62520	4	0.253705	1.771225	2.288948
AT1G30870	0	0.000000	0.000000	0.000000
AT4G28640	18	1.086442	7.590901	9.809695
AT1G61080	0	0.000000	0.000000	0.000000
AT5G03430	75	2.540610	17.737106	22.921600
AT3G46614	0	0.000000	0.000000	0.000000
AT2G08770	5	1.630402	11.382546	14.709626
AT3G21820	36	1.527997	10.667613	13.785720
AT1G50350	0	0.0	0.0	0.0
AT1G61732	0	0.0	0.0	0.0
AT1G05077	0	0.000000	0.000000	0.000000
AT4G34090	89	2.806734	21.756947	28.116426
AT1G13040	0	0.000000	0.000000	0.000000
AT5G28640	43	1.388637	13.456222	17.389429
AT1G65310	35	2.241158	15.980492	20.651535
AT1G14820	23	1.111927	9.429609	12.185851
AT2G47090	12	0.348651	2.524299	3.262142
AT4G11840	45	0.322282	7.623008	9.851188
AT4G05553	0	0.0	0.0	0.0
AT5G63880	25	1.696445	12.751223	16.478361
AT2G14835	42	1.732040	12.437798	16.073324
AT1G09037	0	0.0	0.0	0.0
AT3G18620	0	0.000000	0.000000	0.000000
AT5G11840	48	2.366355	21.734013	28.086790
AT2G20480	0	0.000000	0.000000	0.000000
AT4G37022	0	0.0	0.0	0.0
AT1G20990	0	0.0	0.0	0.0
AT5G45050	23	0.401719	2.950201	3.812535
AT4G21534	11	0.406516	2.965923	3.832853
AT5G01410	468	21.035494	146.884628	189.818497
AT5G01560	22	0.555205	3.876128	5.009107
AT2G07732	6	0.541216	3.778465	4.882897
AT1G50490	40	2.851447	19.907194	25.725998
AT1G06623	0	0.0	0.0	0.0
AT5G56985	0	0.000000	0.000000	0.000000
AT2G36520	0	0.0	0.0	0.0
AT4G01410	33	2.032540	14.190047	18.337751
AT3G10610	0	0.000000	0.000000	0.000000
AT4G01560	122	6.738260	47.701588	61.644600
AT3G13970	0	0.000000	0.000000	0.000000
AT4G26485	0	0.0	0.0	0.0
AT3G10750	0	0.0	0.0	0.0
AT2G33270	0	0.0	0.0	0.0
AT3G58820	0	0.000000	0.000000	0.000000
AT5G51640	0	0.000000	0.000000	0.000000
AT3G63130	563	12.914171	93.739990	121.139870
AT1G52470	0	0.0	0.0	0.0
AT1G54620	0	0.000000	0.000000	0.000000
AT5G05820	63	2.200794	16.738661	21.631315
AT1G76590	23	0.714517	8.566361	11.070279
AT1G23985	0	0.000000	0.000000	0.000000
AT5G18245	26	0.601610	4.572694	5.909276
AT2G27210	40	0.776215	5.450023	7.043046
AT3G04805	0	0.0	0.0	0.0
AT5G49270	0	0.000000	0.000000	0.000000
AT1G22970	27	1.244910	9.143370	11.815946
AT4G12020	19	0.216753	1.589854	2.054564
AT3G49370	0	0.000000	0.000000	0.000000
AT3G07568	45	6.810909	47.549923	61.448605
AT3G60950	0	0.0	0.0	0.0
AT4G11580	0	0.0	0.0	0.0
AT3G50810	0	0.000000	0.000000	0.000000
AT5G63540	0	0.000000	0.000000	0.000000
AT3G56020	791	121.100578	845.455872	1092.579712
AT3G25700	19	0.783262	5.468293	7.066657
AT5G12020	0	0.0	0.0	0.0
AT5G11580	83	2.688010	18.766169	24.251455
AT2G17060	0	0.0	0.0	0.0
AT2G05015	0	0.0	0.0	0.0
AT1G18820	0	0.0	0.0	0.0
AT4G09731	0	0.0	0.0	0.0
AT2G40940	54	1.727080	12.415052	16.043930
AT1G01046	0	0.000000	0.000000	0.000000
AT2G08370	0	0.0	0.0	0.0
AT1G50750	0	0.000000	0.000000	0.000000
AT4G10030	24	0.619576	6.531133	8.440161
AT4G26970	149	3.250330	22.766882	29.421562
AT5G56470	0	0.0	0.0	0.0
AT3G12470	0	0.0	0.0	0.0
ATMG01260	2	0.236246	1.649336	2.131432
AT1G21100	5	0.236893	1.653853	2.137269
AT5G10030	27	0.781365	7.563813	9.774690
AT3G14620	19	0.632283	4.646893	6.005163
AT5G26970	0	0.0	0.0	0.0
AT2G26650	13	0.297642	2.287649	2.956321
AT3G01200	22	0.994305	7.547735	9.753912
AT1G76660	52	1.523827	11.075587	14.312943
AT5G01300	0	0.000000	0.000000	0.000000
AT1G27040	0	0.0	0.0	0.0
AT3G48520	0	0.0	0.0	0.0
AT3G45170	0	0.0	0.0	0.0
AT1G29820	6	0.163454	1.261776	1.630589
AT1G10810	0	0.0	0.0	0.0
AT1G30280	33	1.328441	10.802159	13.959593
AT1G16020	40	1.306865	9.770304	12.626129
AT1G73230	363	31.906490	222.753113	287.863068
AT5G41680	91	4.192710	31.386686	40.560905
AT3G54820	16	0.695531	4.855805	6.275140
AT4G30996	47	2.988755	20.865801	26.964804
AT4G14245	0	0.0	0.0	0.0
AT4G23387	0	0.0	0.0	0.0
AT2G10606	1	0.152318	1.063398	1.374226
AT2G23755	35	2.524619	17.625465	22.777328
AT2G03945	0	0.000000	0.000000	0.000000
AT3G03515	0	0.0	0.0	0.0
AT3G03465	0	0.0	0.0	0.0
AT3G08805	0	0.000000	0.000000	0.000000
AT2G26710	10	0.332428	2.320825	2.999194
AT5G01690	0	0.0	0.0	0.0
AT3G06550	128	3.837787	28.682390	37.066154
AT3G45730	15	1.285401	8.973945	11.596997
AT4G01690	201	5.065471	61.177914	79.060005
AT3G10490	25	0.742981	5.274642	6.816402
AT1G53970	0	0.0	0.0	0.0
AT4G32535	0	0.000000	0.000000	0.000000
AT1G50610	0	0.0	0.0	0.0
AT3G01535	0	0.0	0.0	0.0
AT1G60530	0	0.000000	0.000000	0.000000
AT1G65650	53	2.821259	20.301220	26.235195
AT5G04910	19	1.436628	10.029726	12.961381
AT5G49880	33	0.958271	6.690108	8.645603
AT5G10250	2	0.064779	0.452250	0.584442
AT4G07005	0	0.0	0.0	0.0
AT3G49770	0	0.0	0.0	0.0
AT2G45580	0	0.0	0.0	0.0
AT2G33880	0	0.0	0.0	0.0
AT4G04910	70	2.011965	14.046405	18.152121
AT2G26400	32	2.281250	16.319826	21.090054
AT5G07550	0	0.0	0.0	0.0
AT4G10250	0	0.0	0.0	0.0
AT5G07005	0	0.0	0.0	0.0
AT1G67785	132	13.906456	97.087029	125.465233
AT5G66520	0	0.000000	0.000000	0.000000
AT1G16916	30	3.395848	30.399107	39.284660
AT5G01145	1	0.470968	3.288033	4.249114
AT1G58100	43	1.815931	12.677806	16.383484
AT2G23060	0	0.0	0.0	0.0
AT5G09890	51	1.923591	13.448695	17.379704
AT1G78815	0	0.0	0.0	0.0
AT1G73050	0	0.000000	0.000000	0.000000
AT4G25200	0	0.0	0.0	0.0
AT3G10350	133	4.998581	38.262177	49.446079
AT3G24225	0	0.0	0.0	0.0
AT3G09955	0	0.000000	0.000000	0.000000
AT2G05590	24	1.161755	8.335437	10.771855
AT4G09890	49	5.786885	40.400764	52.209770
AT5G25200	0	0.0	0.0	0.0
AT3G53040	0	0.0	0.0	0.0
AT3G25690	160	2.863503	20.371586	26.326130
AT5G02930	0	0.000000	0.000000	0.000000
AT1G04455	1	0.206215	1.439677	1.860489
AT1G47278	57	3.153846	32.386311	41.852722
AT4G36890	33	0.929971	7.327995	9.469942
AT3G49130	0	0.0	0.0	0.0
AT4G02930	127	5.340347	37.559902	48.538532
AT1G15910	28	0.705165	5.278643	6.821572
AT5G63270	0	0.0	0.0	0.0
AT5G36890	63	2.187228	17.072140	22.062265
AT3G14100	213	10.575665	73.833328	95.414551
AT4G32200	0	0.000000	0.000000	0.000000
AT3G63370	10	0.171891	1.273156	1.645295
AT1G21620	0	0.0	0.0	0.0
AT5G38090	0	0.0	0.0	0.0
AT5G49540	72	4.420515	46.891296	60.597458
AT3G27970	0	0.000000	0.000000	0.000000
AT1G71210	91	2.241379	15.648044	20.221912
AT4G24640	0	0.0	0.0	0.0
AT1G65710	6	0.255949	1.786891	2.309194
AT2G45840	0	0.000000	0.000000	0.000000
AT2G33540	25	0.397280	2.773585	3.584294
AT4G38090	48	3.635071	25.378014	32.795921
AT3G57470	56	1.278496	9.135564	11.805859
AT5G24640	0	0.0	0.0	0.0
AT4G28811	0	0.0	0.0	0.0
AT4G22390	0	0.000000	0.000000	0.000000
AT3G26800	0	0.0	0.0	0.0
AT1G09803	0	0.0	0.0	0.0
AT1G09527	0	0.000000	0.000000	0.000000
AT4G03340	3	0.092698	0.647165	0.836329
AT4G35600	22	0.953292	6.666601	8.615226
AT2G02498	0	0.000000	0.000000	0.000000
AT4G21323	0	0.000000	0.000000	0.000000
AT2G22241	0	0.000000	0.000000	0.000000
AT5G22390	28	1.777599	12.410193	16.037651
AT2G38830	0	0.000000	0.000000	0.000000
AT5G48610	13	0.319288	2.421022	3.128679
AT3G19000	31	1.587444	11.898210	15.376016
AT5G03340	0	0.000000	0.000000	0.000000
AT5G35600	0	0.0	0.0	0.0
AT4G17950	51	1.896381	13.239463	17.109312
AT2G36030	0	0.000000	0.000000	0.000000
AT1G15480	19	0.620915	4.449604	5.750208
AT3G03240	0	0.0	0.0	0.0
AT1G02190	0	0.0	0.0	0.0
AT5G14460	56	2.207047	15.532243	20.072264
AT5G06720	0	0.0	0.0	0.0
AT5G14510	0	0.000000	0.000000	0.000000
AT5G37793	0	0.000000	0.000000	0.000000
AT1G23140	13	0.966571	7.030062	9.084925
AT3G22290	69	3.065995	21.405046	27.661669
AT5G65685	50	1.194107	10.649600	13.762443
AT2G17670	18	0.708887	4.949049	6.395639
AT4G14510	0	0.000000	0.000000	0.000000
AT2G31760	0	0.0	0.0	0.0
AT5G17950	0	0.0	0.0	0.0
AT5G40620	0	0.0	0.0	0.0
AT1G43260	0	0.0	0.0	0.0
AT2G08715	0	0.0	0.0	0.0
AT1G04377	0	0.0	0.0	0.0
AT4G22600	0	0.0	0.0	0.0
AT4G39720	1	0.021264	0.446665	0.577224
AT2G08655	0	0.000000	0.000000	0.000000
AT1G01453	0	0.0	0.0	0.0
AT1G31220	37	1.934332	13.504415	17.451708
AT5G08975	0	0.0	0.0	0.0
AT2G43720	7	0.505429	3.528620	4.560024
AT4G34240	128	3.721491	31.805361	41.101959
AT4G35390	0	0.0	0.0	0.0
AT5G56140	147	4.450304	47.810402	61.785217
AT1G13290	0	0.0	0.0	0.0
AT3G12140	65	2.006238	17.595865	22.739075
AT5G22600	0	0.0	0.0	0.0
AT3G20270	33	0.708494	5.298463	6.847186
AT5G44490	0	0.000000	0.000000	0.000000
AT4G08975	0	0.0	0.0	0.0
AT5G39720	0	0.0	0.0	0.0
AT5G61360	0	0.000000	0.000000	0.000000
AT3G61175	0	0.0	0.0	0.0
AT5G35390	0	0.000000	0.000000	0.000000
AT5G48750	0	0.000000	0.000000	0.000000
AT4G04480	0	0.000000	0.000000	0.000000
AT1G74870	0	0.000000	0.000000	0.000000
AT5G67610	21	0.794118	6.141318	7.936404
AT3G61260	183	12.889479	89.987068	116.289978
AT1G62250	28	0.453551	5.949726	7.688811
AT2G01905	3	0.065244	0.455497	0.588637
AT3G56530	0	0.0	0.0	0.0
AT2G45960	684	34.200375	252.950058	326.886505
AT3G45440	0	0.000000	0.000000	0.000000
AT5G20370	0	0.0	0.0	0.0
AT5G03625	0	0.0	0.0	0.0
AT1G05510	0	0.000000	0.000000	0.000000
AT1G05460	24	0.562685	3.928349	5.076592
AT5G04480	44	0.668994	5.021041	6.488675
AT2G46340	198	3.835272	26.938847	34.812981
AT4G12530	0	0.0	0.0	0.0
AT4G03625	0	0.000000	0.000000	0.000000
AT4G20370	0	0.0	0.0	0.0
AT3G51000	25	1.452901	10.143335	13.108197
AT1G52565	0	0.000000	0.000000	0.000000
AT1G52415	0	0.0	0.0	0.0
AT4G35450	472	20.175402	159.055313	205.546631
AT5G64830	33	1.491279	10.478283	13.541050
AT5G49215	44	1.635558	12.228850	15.803302
AT5G44350	0	0.0	0.0	0.0
AT1G20680	0	0.0	0.0	0.0
AT1G02320	0	0.000000	0.000000	0.000000
AT5G03105	0	0.0	0.0	0.0
AT2G40860	16	0.489266	3.544810	4.580946
AT5G57530	0	0.0	0.0	0.0
AT5G35450	16	0.281923	1.968227	2.543533
AT2G40113	0	0.0	0.0	0.0
AT5G22120	32	1.384102	10.148146	13.114413
AT1G26790	0	0.0	0.0	0.0
AT1G77150	0	0.000000	0.000000	0.000000
AT3G15578	0	0.000000	0.000000	0.000000
AT2G27160	0	0.000000	0.000000	0.000000
AT3G44250	0	0.0	0.0	0.0
AT1G08777	0	0.000000	0.000000	0.000000
AT1G64010	0	0.0	0.0	0.0
AT4G22120	21	0.487991	3.474039	4.489489
AT2G05070	3300	230.957123	1612.412354	2083.714844
AT1G78280	20	0.466367	3.255911	4.207603
AT3G57140	10	0.208452	1.791674	2.315374
AT2G36250	106	3.512500	24.522293	31.690075
AT1G05667	0	0.0	0.0	0.0
AT2G47240	217	4.747180	46.533791	60.135456
AT5G40100	0	0.000000	0.000000	0.000000
AT5G52950	14	0.340888	2.379888	3.075521
AT5G53790	0	0.0	0.0	0.0
AT2G08405	0	0.000000	0.000000	0.000000
AT5G62810	18	0.738431	5.155308	6.662188
AT3G16950	100	3.416281	23.850548	30.821980
AT2G31500	0	0.000000	0.000000	0.000000
AT5G20852	0	0.0	0.0	0.0
AT2G04315	0	0.000000	0.000000	0.000000
AT2G09250	1	0.072548	0.506489	0.654534
AT5G35407	0	0.0	0.0	0.0
AT5G22450	43	0.834548	5.864818	7.579084
AT4G40100	0	0.0	0.0	0.0
AT3G07720	16	0.868623	6.064236	7.836791
AT1G77420	89	2.233835	17.045238	22.027502
AT1G08953	0	0.000000	0.000000	0.000000
AT5G01475	0	0.0	0.0	0.0
AT4G27800	218	10.535751	77.642937	100.337708
AT5G35120	0	0.0	0.0	0.0
AT5G38570	0	0.000000	0.000000	0.000000
AT4G15802	125	11.749117	82.025703	106.001541
AT2G07774	0	0.000000	0.000000	0.000000
AT1G08137	0	0.0	0.0	0.0
AT3G17261	0	0.0	0.0	0.0
AT5G27800	0	0.0	0.0	0.0
AT5G15802	25	2.936202	20.965496	27.093639
AT4G35120	0	0.0	0.0	0.0
AT4G38570	23	1.371515	11.244433	14.531142
AT1G62030	8	0.226904	1.584116	2.047147
AT2G06625	0	0.000000	0.000000	0.000000
AT1G15490	12	0.324397	2.320957	2.999365
AT2G39340	77	1.507631	10.900373	14.086516
AT1G02180	0	0.000000	0.000000	0.000000
AT3G55610	114	3.262805	23.102695	29.855534
AT1G66045	0	0.0	0.0	0.0
AT1G06630	35	0.692759	9.072411	11.724245
AT5G43340	0	0.0	0.0	0.0
AT2G36792	13	0.503458	3.668947	4.741367
AT3G29633	0	0.0	0.0	0.0
AT5G08610	140	3.958022	27.632677	35.709614
AT3G11420	14	0.339495	2.686296	3.471491
AT4G23375	0	0.0	0.0	0.0
AT4G00620	0	0.000000	0.000000	0.000000
AT4G22380	50	5.100645	35.609825	46.018456
AT5G46720	4	0.392622	2.741065	3.542269
AT3G43240	23	0.584988	4.215489	5.447661
AT1G42190	0	0.0	0.0	0.0
AT3G04030	8	0.338710	2.497008	3.226875
AT3G23160	12	0.381261	2.661749	3.439769
AT5G22380	5	0.385272	2.689752	3.475957
AT2G15980	4	0.187709	1.310478	1.693527
AT5G18404	0	0.000000	0.000000	0.000000
AT1G03260	17	0.918919	6.415374	8.290565
AT1G68845	0	0.0	0.0	0.0
AT4G04490	0	0.000000	0.000000	0.000000
AT1G47845	0	0.0	0.0	0.0
AT5G19940	1029	70.965080	539.365234	697.019836
AT2G03720	0	0.0	0.0	0.0
AT1G05013	0	0.0	0.0	0.0
AT4G19940	0	0.0	0.0	0.0
AT5G65305	0	0.0	0.0	0.0
AT3G11150	0	0.0	0.0	0.0
AT1G12160	0	0.000000	0.000000	0.000000
AT5G04490	39	1.950476	19.234951	24.857262
AT3G15810	51	3.676685	25.668541	33.171368
AT3G07865	0	0.0	0.0	0.0
AT1G68585	21	1.802942	13.624984	17.607519
AT4G33030	206	6.901639	49.730232	64.266212
AT2G41905	5	0.539589	3.767106	4.868218
AT1G75740	0	0.0	0.0	0.0
AT5G08750	13	0.399299	2.787680	3.602510
AT5G64220	38	0.658155	4.594867	5.937931
AT4G35380	0	0.000000	0.000000	0.000000
AT3G05440	0	0.0	0.0	0.0
AT4G12334	0	0.0	0.0	0.0
AT1G13280	28	1.633656	11.405265	14.738984
AT1G27870	0	0.0	0.0	0.0
AT3G55750	505	44.321350	309.426666	399.871033
AT5G44480	0	0.000000	0.000000	0.000000
AT1G33810	156	15.050971	105.077385	135.791153
AT4G28940	0	0.0	0.0	0.0
AT3G02010	1	0.023411	0.163442	0.211216
AT1G34360	7	0.213294	1.489727	1.925169
AT5G35380	0	0.0	0.0	0.0
AT3G60400	6	0.191183	1.334732	1.724869
AT5G58440	52	1.702703	11.887311	15.361932
AT2G14000	0	0.0	0.0	0.0
AT1G61240	21	0.600818	5.612257	7.252701
AT1G26780	0	0.000000	0.000000	0.000000
AT1G01715	7	0.519115	4.025049	5.201557
AT4G29654	0	0.0	0.0	0.0
AT1G35670	33	1.436612	10.029614	12.961236
AT4G04350	82	2.055869	14.352918	18.548227
AT3G60710	0	0.0	0.0	0.0
AT4G31010	28	1.159604	8.346593	10.786273
AT1G72000	0	0.000000	0.000000	0.000000
AT3G18362	0	0.0	0.0	0.0
AT4G08065	0	0.0	0.0	0.0
AT4G16545	0	0.0	0.0	0.0
AT1G78290	10	0.356677	2.608446	3.370886
AT5G04350	0	0.0	0.0	0.0
AT5G09215	8	0.489906	8.554074	11.054400
AT2G37480	118	5.605673	44.296505	57.244221
AT5G08065	0	0.0	0.0	0.0
AT1G57160	0	0.0	0.0	0.0
AT1G06923	0	0.0	0.0	0.0
AT1G24150	0	0.000000	0.000000	0.000000
AT3G13670	111	3.267693	22.813189	29.481405
AT3G04250	0	0.0	0.0	0.0
AT3G09315	0	0.0	0.0	0.0
AT5G06865	4	0.176782	1.287893	1.664340
AT3G12685	26	2.288613	15.977805	20.648062
AT3G10910	3	0.200180	1.397544	1.806041
AT1G31830	36	1.352579	9.442943	12.203083
AT4G03153	0	0.0	0.0	0.0
AT2G45070	264	24.226698	188.194839	243.203537
AT2G13895	0	0.0	0.0	0.0
AT1G20690	9	0.360309	2.515474	3.250739
AT3G59420	6	0.125601	0.876875	1.133183
AT2G07240	0	0.0	0.0	0.0
AT4G06865	0	0.000000	0.000000	0.000000
AT4G33250	232	14.390831	100.468666	129.835312
AT1G54920	48	1.146356	8.118593	10.491630
AT2G43865	0	0.0	0.0	0.0
AT1G15350	35	1.703310	13.066833	16.886223
AT5G18085	0	0.0	0.0	0.0
AT1G22670	0	0.000000	0.000000	0.000000
AT4G39865	0	0.000000	0.000000	0.000000
AT3G59150	0	0.000000	0.000000	0.000000
AT5G65140	67	2.483553	18.955965	24.496731
AT1G24420	0	0.0	0.0	0.0
AT3G47720	0	0.000000	0.000000	0.000000
AT2G30210	0	0.0	0.0	0.0
AT4G00100	604	49.589928	346.208893	447.404572
AT5G39865	0	0.0	0.0	0.0
AT4G21440	0	0.0	0.0	0.0
AT1G06437	0	0.0	0.0	0.0
AT5G51940	0	0.000000	0.000000	0.000000
AT5G53780	0	0.0	0.0	0.0
AT1G48953	0	0.0	0.0	0.0
AT1G20300	20	0.809649	5.652512	7.304722
AT2G06105	0	0.0	0.0	0.0
AT5G07152	23	0.653297	5.361282	6.928366
AT3G53870	656	47.262398	329.959381	426.405365
AT2G38220	0	0.0	0.0	0.0
AT3G60650	0	0.0	0.0	0.0
AT3G02665	0	0.0	0.0	0.0
AT4G37770	0	0.000000	0.000000	0.000000
AT4G11660	30	1.041340	7.270048	9.395059
AT2G20750	28	1.440367	10.055829	12.995114
ATMG00400	1	0.120605	0.841996	1.088109
AT1G04713	0	0.000000	0.000000	0.000000
AT1G70760	107	10.326221	72.091850	93.164047
AT5G23710	0	0.000000	0.000000	0.000000
AT3G17210	203	5.865726	122.720306	158.591034
AT3G05265	0	0.0	0.0	0.0
AT5G11660	0	0.0	0.0	0.0
AT1G30290	8	0.242343	1.755761	2.268964
AT5G37770	38	1.494024	23.015720	29.743135
AT1G56650	12	0.856628	5.980494	7.728571
AT4G23710	90	4.516677	35.586479	45.988285
AT5G41300	0	0.0	0.0	0.0
AT1G74040	178	6.044757	43.787594	56.586555
AT4G06945	0	0.0	0.0	0.0
AT1G25270	0	0.0	0.0	0.0
AT3G05170	9	0.503704	3.516577	4.544461
AT3G08520	836	24.827120	1758.132690	2272.028809
AT5G17310	85	2.733225	23.023666	29.753403
AT5G05365	0	0.000000	0.000000	0.000000
AT1G71692	0	0.000000	0.000000	0.000000
AT3G27060	10	0.429392	2.997773	3.874011
AT1G59835	0	0.0	0.0	0.0
AT4G34332	0	0.0	0.0	0.0
AT5G06945	0	0.0	0.0	0.0
AT3G54050	905	43.785713	311.699768	402.808533
AT4G17310	11	0.501714	3.588814	4.637812
AT5G55520	16	0.451308	3.228202	4.171794
AT5G58170	0	0.0	0.0	0.0
AT4G05365	0	0.0	0.0	0.0
AT1G63200	0	0.0	0.0	0.0
AT1G03445	0	0.0	0.0	0.0
AT5G51860	0	0.0	0.0	0.0
AT5G01680	0	0.0	0.0	0.0
AT1G16850	0	0.000000	0.000000	0.000000
AT5G37130	35	0.822044	6.265852	8.097340
AT3G10480	36	0.981586	10.520961	13.596202
AT4G01680	11	0.539341	3.858793	4.986705
AT4G37130	30	1.186653	8.284542	10.706085
AT3G17668	5	0.329720	2.474005	3.197147
AT2G28620	19	0.405853	2.835001	3.663661
AT2G43945	119	7.597765	53.043308	68.547684
AT1G29050	24	1.341085	9.362699	12.099383
AT5G58730	10	0.476067	3.323631	4.295117
AT2G39851	0	0.0	0.0	0.0
AT3G28674	0	0.0	0.0	0.0
AT4G23650	138	5.400000	37.699753	48.719261
AT5G41690	7	0.179052	1.250040	1.615422
AT3G46550	80	3.327586	23.231329	30.021765
AT1G32270	0	0.0	0.0	0.0
AT1G56710	0	0.000000	0.000000	0.000000
AT2G37910	0	0.000000	0.000000	0.000000
AT2G19620	0	0.000000	0.000000	0.000000
AT1G04653	0	0.0	0.0	0.0
AT2G20610	213	9.059232	67.805389	87.624680
AT1G18050	0	0.0	0.0	0.0
AT3G05730	500	28.675520	200.196304	258.712982
AT2G23970	0	0.0	0.0	0.0
AT5G23650	0	0.0	0.0	0.0
AT1G75430	0	0.000000	0.000000	0.000000
AT1G26900	6	0.219786	1.534422	1.982928
AT5G43822	15	0.380320	2.890056	3.734810
AT5G21170	40	1.922983	14.971779	19.347980
AT4G36540	60	3.494724	24.398191	31.529699
ATMG00650	2	0.280528	1.958488	2.530948
AT5G59660	0	0.000000	0.000000	0.000000
AT5G09880	77	2.385972	18.050941	23.327171
AT5G44910	16	0.996010	6.953580	8.986088
AT2G05580	0	0.0	0.0	0.0
AT5G65470	38	1.164150	9.588988	12.391816
AT5G54330	0	0.0	0.0	0.0
AT3G09770	22	0.927215	6.780866	8.762890
AT1G56400	0	0.0	0.0	0.0
AT1G26773	0	0.0	0.0	0.0
AT4G21170	11	0.463253	3.234171	4.179508
AT5G36540	0	0.0	0.0	0.0
AT4G09880	0	0.0	0.0	0.0
AT1G79470	0	0.000000	0.000000	0.000000
AT5G47550	15	1.351039	9.432193	12.189189
AT1G53060	0	0.0	0.0	0.0
AT2G28100	11	0.470515	3.284870	4.245027
AT2G44130	0	0.000000	0.000000	0.000000
AT3G54230	43	0.814699	5.867324	7.582323
AT5G52797	0	0.0	0.0	0.0
AT5G49890	39	0.747987	7.178096	9.276229
AT2G45590	52	1.315301	9.182690	11.866758
AT2G33890	0	0.000000	0.000000	0.000000
AT2G34208	0	0.0	0.0	0.0
AT1G44125	0	0.000000	0.000000	0.000000
AT1G01370	14	0.617201	5.239658	6.771193
AT5G02155	0	0.000000	0.000000	0.000000
AT5G60160	54	2.351800	16.418941	21.218142
AT2G15560	23	0.800725	5.590210	7.224209
AT4G04675	0	0.0	0.0	0.0
AT3G07945	0	0.0	0.0	0.0
AT1G06747	0	0.0	0.0	0.0
AT2G07515	0	0.000000	0.000000	0.000000
AT1G29230	0	0.0	0.0	0.0
AT5G26060	0	0.0	0.0	0.0
AT5G42930	0	0.0	0.0	0.0
AT5G02425	0	0.0	0.0	0.0
AT3G09130	0	0.0	0.0	0.0
AT4G19860	63	2.203097	17.725943	22.907175
AT5G38080	0	0.0	0.0	0.0
AT2G04955	15	7.724832	53.930420	69.694092
AT5G04675	0	0.0	0.0	0.0
AT4G26060	17	0.950145	7.990065	10.325533
AT3G16310	36	1.898406	13.253599	17.127581
AT2G36724	0	0.0	0.0	0.0
AT4G02425	8	0.413745	2.888534	3.732843
AT5G52310	77	2.289899	15.986783	20.659664
AT1G73820	27	2.121635	15.940447	20.599785
AT1G63535	0	0.0	0.0	0.0
AT4G38080	4	0.305470	2.132619	2.755976
AT5G19860	87	5.765534	40.251701	52.017139
AT4G28860	47	1.630197	12.880560	16.645504
AT5G53900	30	0.955303	9.003483	11.635170
AT2G42110	4	0.354142	2.472420	3.195099
AT4G23400	297	17.837349	124.530304	160.930084
AT3G52210	19	1.036706	7.715820	9.971128
AT3G25680	34	1.403209	9.796413	12.659871
AT5G16210	85	1.055930	7.632461	9.863404
AT4G36880	0	0.000000	0.000000	0.000000
AT4G06688	0	0.0	0.0	0.0
AT5G09540	1	0.052708	0.367977	0.475536
ATMG00710	0	0.0	0.0	0.0
AT1G04403	0	0.0	0.0	0.0
AT2G05840	157	8.056554	59.780922	77.254677
AT4G16210	21	1.266616	8.842797	11.427518
AT1G70500	4	0.159802	1.174333	1.517587
AT5G23400	11	0.341515	2.384265	3.081177
AT2G44770	38	1.668154	11.646110	15.050228
AT5G36880	83	1.788101	16.335520	21.110336
AT1G08313	0	0.0	0.0	0.0
AT1G22060	52	0.600305	4.293653	5.548673
AT3G05330	21	0.671548	4.688369	6.058764
AT2G15690	57	1.630974	11.386540	14.714787
AT5G35900	0	0.0	0.0	0.0
AT3G43583	0	0.0	0.0	0.0
AT5G48910	39	1.301607	9.087086	11.743210
AT1G25540	37	0.914562	6.384956	8.251257
AT5G58330	476	21.979073	153.800690	198.756104
AT1G19086	0	0.0	0.0	0.0
AT4G35900	0	0.000000	0.000000	0.000000
AT1G56310	19	0.731738	5.176211	6.689200
AT1G12210	4	0.092146	0.695114	0.898293
AT2G17970	7	0.212045	1.664123	2.150540
AT5G17650	4	0.188667	1.797503	2.322907
AT4G05230	0	0.0	0.0	0.0
AT1G79985	31	1.899529	13.261439	17.137712
AT3G04184	0	0.0	0.0	0.0
AT2G24100	0	0.000000	0.000000	0.000000
AT2G48130	0	0.000000	0.000000	0.000000
AT3G58230	0	0.0	0.0	0.0
AT3G03080	0	0.0	0.0	0.0
AT3G02075	0	0.000000	0.000000	0.000000
AT4G17650	26	1.486212	10.375894	13.408731
AT1G67455	0	0.000000	0.000000	0.000000
AT2G04046	0	0.0	0.0	0.0
AT5G05230	23	0.949944	7.691803	9.940092
AT1G32880	0	0.000000	0.000000	0.000000
AT3G23210	17	0.851804	6.080014	7.857181
AT5G22900	0	0.0	0.0	0.0
AT5G59590	0	0.0	0.0	0.0
AT1G49200	3	0.235669	1.645308	2.126226
AT2G15300	11	0.293405	2.048388	2.647125
AT1G61090	0	0.0	0.0	0.0
AT1G03110	36	1.805961	12.608200	16.293535
AT4G05765	0	0.0	0.0	0.0
AT4G17710	0	0.0	0.0	0.0
AT5G52400	0	0.0	0.0	0.0
AT2G08955	0	0.0	0.0	0.0
AT5G08675	0	0.0	0.0	0.0
AT3G16400	73	1.998266	20.625668	26.654480
AT4G22900	3	0.141382	0.987049	1.275560
AT5G41700	340	18.841082	202.290253	261.419006
AT4G14301	0	0.000000	0.000000	0.000000
AT5G05765	0	0.0	0.0	0.0
AT1G32540	103	3.317595	26.757286	34.578350
AT5G17710	188	9.431990	73.587570	95.096970
AT4G34080	0	0.000000	0.000000	0.000000
AT4G24860	0	0.000000	0.000000	0.000000
AT3G13060	73	1.741441	15.667704	20.247318
AT5G64550	24	0.752862	5.256057	6.792385
AT5G37370	66	2.046058	14.284422	18.459711
AT4G03925	3	1.382173	9.649551	12.470083
AT1G14230	34	1.276397	9.594084	12.398402
AT2G39430	0	0.000000	0.000000	0.000000
AT4G23310	5	0.120301	0.839874	1.085366
AT1G08403	0	0.0	0.0	0.0
AT5G24860	0	0.0	0.0	0.0
AT1G53683	0	0.0	0.0	0.0
AT4G37370	5	0.191839	1.411891	1.824582
AT5G43430	28	1.785126	15.584239	20.139460
AT5G57850	62	2.633780	20.559238	26.568634
AT2G45660	71	3.643271	27.603745	35.672226
AT2G20350	0	0.0	0.0	0.0
AT1G04313	1	0.166667	1.163575	1.503684
AT1G07247	0	0.0	0.0	0.0
AT5G03925	0	0.000000	0.000000	0.000000
AT3G27495	1	0.082397	0.575249	0.743393
AT5G23310	95	5.522377	41.377380	53.471844
AT1G70360	0	0.0	0.0	0.0
AT5G12850	78	2.149874	15.009207	19.396347
ATMG00310	0	0.0	0.0	0.0
AT5G26147	0	0.0	0.0	0.0
AT3G56850	22	0.897346	6.264764	8.095932
AT2G44370	2	0.126388	0.882370	1.140283
AT1G20980	113	2.143301	14.963318	19.337046
AT1G08713	0	0.000000	0.000000	0.000000
AT2G35470	37	2.501704	17.465485	22.570587
AT1G50480	192	6.535698	45.628555	58.965626
AT4G12850	5	0.171348	1.812199	2.341899
AT1G76840	0	0.0	0.0	0.0
AT1G01130	0	0.0	0.0	0.0
AT3G21230	6	0.172441	1.440354	1.861364
AT4G19185	15	0.508757	3.610338	4.665627
AT5G05050	0	0.000000	0.000000	0.000000
AT2G30160	12	0.599198	4.183262	5.406015
AT1G78040	1021	43.020557	487.803925	630.387329
AT5G17400	26	1.315385	9.183275	11.867516
AT5G05505	0	0.0	0.0	0.0
AT1G05967	2	0.726368	5.071092	6.553354
AT5G63890	108	4.639593	35.365128	45.702232
AT3G04520	45	2.246330	16.728832	21.618612
AT3G16710	5	0.155121	1.542506	1.993376
AT5G52710	0	0.0	0.0	0.0
AT5G41560	16	1.523868	11.317564	14.625648
AT5G41410	50	1.498290	10.460215	13.517700
AT2G25295	0	0.0	0.0	0.0
AT1G06347	0	0.0	0.0	0.0
AT2G38823	9	0.249148	1.744033	2.253807
AT4G05050	417	23.230425	173.948090	224.792511
AT3G58050	34	0.623496	4.355983	5.629222
AT4G21330	0	0.0	0.0	0.0
AT2G09805	0	0.000000	0.000000	0.000000
AT2G20490	114	14.764992	109.656685	141.708969
AT4G36270	0	0.000000	0.000000	0.000000
AT3G27355	0	0.000000	0.000000	0.000000
AT5G54170	46	1.749761	12.907537	16.680365
AT4G33520	107	1.876876	13.493320	17.437372
AT2G22470	6	0.513740	3.586643	4.635006
AT1G01770	25	0.522119	3.871639	5.003306
AT4G31075	0	0.0	0.0	0.0
AT1G48605	0	0.000000	0.000000	0.000000
AT4G11590	0	0.000000	0.000000	0.000000
AT5G52650	476	38.195782	266.661407	344.605591
AT3G16650	5	0.194489	1.357813	1.754696
AT2G16019	0	0.0	0.0	0.0
AT5G27238	0	0.0	0.0	0.0
AT1G57210	0	0.0	0.0	0.0
AT5G45820	157	6.494020	45.337585	58.589603
AT5G09270	11	0.628215	6.416233	8.291676
AT3G44805	0	0.000000	0.000000	0.000000
AT2G24620	0	0.0	0.0	0.0
AT5G11590	11	0.678179	4.734663	6.118589
AT1G80200	0	0.000000	0.000000	0.000000
AT5G54730	19	0.457622	3.238904	4.185625
AT5G09165	0	0.000000	0.000000	0.000000
AT2G32295	23	0.719298	5.386555	6.961026
AT3G09370	0	0.000000	0.000000	0.000000
AT4G30800	40	3.102463	21.659645	27.990686
AT4G09165	0	0.000000	0.000000	0.000000
AT1G08653	0	0.0	0.0	0.0
AT1G76580	19	0.364962	2.640609	3.412451
AT4G11911	0	0.0	0.0	0.0
AT5G27944	0	0.0	0.0	0.0
AT1G23995	0	0.000000	0.000000	0.000000
AT2G38550	87	4.194445	29.283249	37.842640
AT3G14920	34	1.072555	7.487973	9.676682
AT3G55350	19	0.849815	5.932929	7.667104
AT5G46871	18	2.154600	15.042201	19.438986
AT4G08350	73	1.643446	11.473613	14.827311
AT1G34760	0	0.000000	0.000000	0.000000
AT3G14362	0	0.000000	0.000000	0.000000
AT1G19150	130	8.941481	62.424374	80.670807
AT4G04065	0	0.000000	0.000000	0.000000
AT1G76960	47	6.808394	47.532364	61.425911
AT5G26670	37	1.408545	9.833667	12.708014
AT2G26950	0	0.000000	0.000000	0.000000
AT3G43570	0	0.0	0.0	0.0
AT1G74290	0	0.000000	0.000000	0.000000
AT1G75340	0	0.000000	0.000000	0.000000
AT5G08350	0	0.000000	0.000000	0.000000
AT3G47190	0	0.0	0.0	0.0
AT2G40640	0	0.000000	0.000000	0.000000
AT5G04065	0	0.000000	0.000000	0.000000
AT4G35780	19	0.652193	4.553244	5.884141
AT1G05085	0	0.0	0.0	0.0
AT4G26670	137	8.169542	57.035133	73.706314
AT3G09405	0	0.000000	0.000000	0.000000
AT1G30040	6	0.169629	1.521771	1.966580
AT2G37975	43	4.225191	36.032654	46.564877
AT3G20890	26	1.160855	8.104435	10.473333
AT1G28150	79	5.177049	43.485947	56.196739
AT3G08250	0	0.0	0.0	0.0
AT1G05847	0	0.000000	0.000000	0.000000
AT5G00745	0	0.0	0.0	0.0
AT3G07180	34	1.188441	8.894796	11.494715
AT3G02595	0	0.0	0.0	0.0
AT1G27280	0	0.0	0.0	0.0
AT5G55250	0	0.000000	0.000000	0.000000
AT1G13870	16	0.992806	6.931211	8.957181
AT2G33796	0	0.000000	0.000000	0.000000
AT2G03320	0	0.0	0.0	0.0
AT5G59070	0	0.000000	0.000000	0.000000
AT5G22780	72	1.414016	9.871861	12.757373
AT1G61570	110	11.547963	80.621361	104.186707
AT1G07010	85	2.988701	22.943817	29.650217
AT1G28420	79	1.073283	7.493056	9.683251
AT1G05587	0	0.0	0.0	0.0
AT4G22780	15	0.558908	3.970433	5.130977
AT5G41980	7	0.385609	2.692104	3.478997
AT5G46320	0	0.0	0.0	0.0
AT5G37715	0	0.000000	0.000000	0.000000
AT3G22870	0	0.0	0.0	0.0
AT3G17160	39	3.511101	24.512526	31.677454
AT3G05115	0	0.0	0.0	0.0
AT4G01990	12	0.522539	3.648072	4.714392
AT5G43740	0	0.000000	0.000000	0.000000
AT1G60850	39	1.847957	13.761484	17.783920
AT3G46220	28	0.778488	5.593820	7.228874
AT1G50910	0	0.000000	0.000000	0.000000
AT3G01855	0	0.0	0.0	0.0
AT1G53670	134	6.377245	44.790535	57.882660
AT5G07830	31	1.095088	7.908179	10.219713
AT2G39740	61	1.877825	14.622597	18.896730
AT5G01990	0	0.000000	0.000000	0.000000
AT2G34220	0	0.0	0.0	0.0
AT1G20560	32	1.232592	8.605262	11.120550
AT1G20410	26	1.119649	7.855560	10.151713
AT4G16160	0	0.0	0.0	0.0
AT3G06830	0	0.000000	0.000000	0.000000
AT1G62421	0	0.0	0.0	0.0
AT1G20700	0	0.0	0.0	0.0
AT2G22140	0	0.000000	0.000000	0.000000
AT2G03190	0	0.0	0.0	0.0
AT3G24503	213	6.796029	51.484451	66.533180
AT5G67480	79	2.522280	20.440058	26.414618
AT4G04610	120	4.951901	34.571381	44.676476
AT5G16160	0	0.000000	0.000000	0.000000
AT5G53380	0	0.0	0.0	0.0
AT1G51150	0	0.0	0.0	0.0
AT3G52160	2	0.055991	0.390898	0.505156
AT2G42260	12	0.497197	4.556685	5.888589
AT1G55810	13	0.397609	2.962084	3.827890
AT5G47220	15	0.892694	6.232286	8.053962
AT1G65950	7	0.232569	1.821715	2.354196
AT5G04610	0	0.000000	0.000000	0.000000
AT3G09655	0	0.000000	0.000000	0.000000
AT4G39180	15	0.430603	3.940329	5.092074
AT2G43180	80	2.799175	25.137526	32.485138
AT3G53280	20	0.936033	6.534854	8.444970
AT3G08030	254	10.604505	83.083931	107.369087
AT5G39180	0	0.0	0.0	0.0
AT1G15750	102	1.863314	13.552070	17.513294
AT1G27752	22	0.545248	3.806614	4.919274
AT5G18636	0	0.0	0.0	0.0
AT5G06180	0	0.000000	0.000000	0.000000
AT3G55490	15	0.991266	8.385110	10.836048
AT4G02630	17	0.728182	5.083756	6.569720
AT1G49952	0	0.0	0.0	0.0
AT5G60210	48	0.847743	10.209477	13.193672
AT2G16800	63	3.433793	23.972805	30.979975
AT2G35140	0	0.000000	0.000000	0.000000
AT1G15610	0	0.0	0.0	0.0
AT4G11070	0	0.000000	0.000000	0.000000
AT2G29000	0	0.0	0.0	0.0
AT3G25990	55	1.131169	8.138156	10.516910
AT3G12977	0	0.0	0.0	0.0
AT5G02630	21	1.104508	7.711052	9.964966
AT5G08490	2	0.020922	0.366393	0.473488
AT1G64585	0	0.0	0.0	0.0
AT5G11070	42	3.489407	24.361071	31.481728
AT5G46190	62	1.195324	8.648379	11.176270
AT2G12290	0	0.0	0.0	0.0
AT5G04750	11	0.655559	5.042809	6.516806
AT1G51420	0	0.0	0.0	0.0
AT5G24940	0	0.000000	0.000000	0.000000
AT1G26380	3	0.119541	0.834568	1.078509
AT1G34500	0	0.0	0.0	0.0
AT1G21920	32	1.200288	9.096251	11.755055
AT5G55508	0	0.0	0.0	0.0
AT3G60310	0	0.000000	0.000000	0.000000
AT5G48480	94	3.822708	26.687990	34.488800
AT4G04750	48	1.921819	13.417056	17.338816
AT4G24940	46	2.423280	18.671522	24.129143
AT3G27670	0	0.000000	0.000000	0.000000
AT2G18000	0	0.000000	0.000000	0.000000
AT5G54440	41	0.637948	5.020587	6.488089
AT2G16390	0	0.000000	0.000000	0.000000
AT5G51070	102	2.268856	16.242199	20.989738
AT4G04810	0	0.000000	0.000000	0.000000
AT1G69570	11	0.435683	3.041693	3.930769
AT4G03360	0	0.0	0.0	0.0
AT2G33980	4	0.087925	0.993947	1.284474
AT3G06630	5	0.076403	0.617285	0.797715
AT5G04810	132	3.236891	23.140617	29.904541
AT5G49980	60	1.818217	13.146574	16.989273
AT1G22280	52	2.074280	18.585470	24.017937
AT1G55610	0	0.000000	0.000000	0.000000
AT3G02180	126	8.489001	82.999672	107.260193
AT5G03360	0	0.0	0.0	0.0
AT3G15490	0	0.0	0.0	0.0
AT3G03175	0	0.000000	0.000000	0.000000
AT5G50805	0	0.0	0.0	0.0
AT3G03260	0	0.000000	0.000000	0.000000
AT5G14440	101	4.264641	49.108925	63.463299
AT4G09990	0	0.000000	0.000000	0.000000
AT1G23160	0	0.0	0.0	0.0
AT3G09855	3	0.493965	3.448585	4.456594
AT3G55672	0	0.0	0.0	0.0
AT1G04030	5	0.182019	1.270754	1.642191
AT1G05183	1	0.017679	0.123425	0.159501
AT1G78915	68	3.094102	25.891939	33.460064
AT1G33490	47	2.418742	23.007574	29.732607
AT2G31740	58	1.578066	11.516876	14.883220
AT5G09990	0	0.000000	0.000000	0.000000
AT4G14440	40	2.337547	16.319435	21.089548
AT1G11420	7	0.255329	1.863792	2.408572
AT2G04025	0	0.0	0.0	0.0
AT2G16600	1063	63.757690	445.120209	575.227356
AT3G03735	0	0.0	0.0	0.0
AT2G21237	0	0.0	0.0	0.0
AT1G64320	0	0.000000	0.000000	0.000000
AT1G15810	4232	118.926743	937.083252	1210.989502
AT3G12160	0	0.000000	0.000000	0.000000
AT5G13380	0	0.0	0.0	0.0
AT4G34260	63	1.555730	10.861229	14.035929
AT5G56160	0	0.000000	0.000000	0.000000
AT4G02830	0	0.0	0.0	0.0
AT4G36990	19	0.817162	5.704964	7.372506
AT4G13380	0	0.0	0.0	0.0
AT4G20535	0	0.0	0.0	0.0
AT5G02830	99	2.748270	19.186871	24.795126
AT5G61340	14	0.714100	5.399854	6.978213
AT3G61240	81	2.643971	18.458714	23.854132
AT1G60400	0	0.0	0.0	0.0
AT1G02010	0	0.000000	0.000000	0.000000
AT2G45940	0	0.000000	0.000000	0.000000
AT3G45510	0	0.0	0.0	0.0
AT5G27780	4	0.402022	2.806691	3.627077
AT3G45460	0	0.0	0.0	0.0
AT1G55750	24	0.654959	4.572555	5.909096
AT4G15030	56	2.064233	14.491666	18.727531
AT3G27870	7	0.118561	0.849005	1.097167
AT2G46360	0	0.0	0.0	0.0
AT5G10605	0	0.000000	0.000000	0.000000
AT3G13280	0	0.0	0.0	0.0
AT1G17545	0	0.0	0.0	0.0
AT1G05440	5	0.226065	1.578258	2.039578
AT4G27780	17	0.783383	5.643290	7.292804
AT2G26530	23	1.096894	7.657896	9.896272
AT5G15030	0	0.0	0.0	0.0
AT4G19070	20	0.750127	8.097691	10.464618
AT1G09783	0	0.000000	0.000000	0.000000
AT4G26870	92	3.784536	26.421494	34.144409
AT1G60710	66	2.905629	22.129593	28.598000
AT3G01715	0	0.000000	0.000000	0.000000
AT2G40840	304	6.903152	49.777290	64.327019
AT5G19070	19	0.944984	7.029580	9.084302
AT3G26780	0	0.000000	0.000000	0.000000
AT2G02570	118	4.434886	33.406727	43.171402
AT5G62480	0	0.0	0.0	0.0
AT4G28070	0	0.000000	0.000000	0.000000
AT3G20690	0	0.0	0.0	0.0
AT2G27140	14	1.181818	8.250786	10.662463
AT5G46845	0	0.0	0.0	0.0
AT5G42220	46	1.005198	7.604445	9.827198
AT1G10910	58	1.865432	13.858681	17.909525
AT1G29920	9546	581.126709	4057.098877	5242.975098
AT2G20875	0	0.000000	0.000000	0.000000
AT1G04250	75	4.509491	31.482723	40.685013
AT2G16120	0	0.0	0.0	0.0
AT1G68720	41	0.707146	5.067985	6.549339
AT1G13670	1	0.058494	0.408372	0.527738
AT2G47260	8	0.268684	2.398081	3.099032
AT3G24150	14	0.651066	4.771518	6.166216
AT1G05647	0	0.0	0.0	0.0
AT3G57160	0	0.0	0.0	0.0
AT2G16450	0	0.0	0.0	0.0
AT3G08905	0	0.0	0.0	0.0
AT4G20200	0	0.0	0.0	0.0
AT2G17290	18	0.511892	3.692635	4.771979
AT1G47720	15	1.057587	7.417377	9.585451
AT3G24420	0	0.0	0.0	0.0
AT3G23685	0	0.0	0.0	0.0
AT5G20200	27	0.802632	5.603524	7.241415
AT3G22670	1	0.041023	0.286399	0.370113
AT3G15350	30	0.869383	7.519320	9.717192
AT3G54920	48	1.712313	11.954404	15.448634
AT3G01655	0	0.000000	0.000000	0.000000
AT1G60650	15	0.480279	3.612795	4.668803
AT5G44578	0	0.000000	0.000000	0.000000
AT4G31180	124	4.367933	30.561941	39.495090
AT5G15250	0	0.000000	0.000000	0.000000
AT1G53870	26	1.131210	8.057820	10.413093
AT3G20300	53	1.673956	14.212688	18.367008
AT5G06595	0	0.000000	0.000000	0.000000
AT1G64190	77	3.386401	23.641941	30.552399
AT5G10455	0	0.0	0.0	0.0
AT4G15250	0	0.0	0.0	0.0
AT1G33350	2	0.058517	0.417916	0.540071
AT1G04207	0	0.0	0.0	0.0
AT5G07630	9	0.189803	1.535734	1.984624
AT2G40580	0	0.000000	0.000000	0.000000
AT3G25165	0	0.0	0.0	0.0
AT2G40960	26	0.998032	8.776537	11.341889
AT5G25370	0	0.000000	0.000000	0.000000
AT5G51590	10	0.382226	2.668486	3.448476
AT3G56650	129	6.547254	48.827190	63.099213
AT3G30290	0	0.0	0.0	0.0
AT2G33700	18	0.526117	4.129443	5.336464
AT1G69090	0	0.0	0.0	0.0
AT1G17210	50	0.987766	7.891305	10.197906
AT2G13985	0	0.0	0.0	0.0
AT3G45245	0	0.0	0.0	0.0
AT5G64930	16	0.468158	3.451594	4.460483
AT4G25370	685	23.180355	161.832169	209.135147
AT5G49700	2	0.089525	0.625013	0.807702
ATMG01240	1	0.240924	1.681995	2.173637
AT3G07075	0	0.0	0.0	0.0
AT1G76640	0	0.000000	0.000000	0.000000
AT4G12650	237	7.310358	51.036793	65.954674
AT4G04285	0	0.000000	0.000000	0.000000
AT1G07333	0	0.0	0.0	0.0
AT5G63690	0	0.000000	0.000000	0.000000
AT4G22035	0	0.0	0.0	0.0
AT4G30390	8	0.736573	5.142337	6.645424
AT2G08535	0	0.0	0.0	0.0
AT2G31430	0	0.0	0.0	0.0
AT1G54050	13	0.918239	6.927211	8.952011
AT4G14730	0	0.000000	0.000000	0.000000
AT1G27060	6	0.273341	1.908313	2.466106
AT3G20475	0	0.0	0.0	0.0
AT3G04385	0	0.0	0.0	0.0
AT2G09605	0	0.000000	0.000000	0.000000
AT1G08520	337	6.995840	50.400459	65.132339
AT1G05170	0	0.000000	0.000000	0.000000
AT3G25270	0	0.0	0.0	0.0
AT5G14730	2	0.087678	0.612118	0.791038
AT3G29050	0	0.0	0.0	0.0
AT1G10480	0	0.0	0.0	0.0
AT1G06053	0	0.0	0.0	0.0
AT3G28635	0	0.000000	0.000000	0.000000
AT2G24820	121	5.272989	36.813030	47.573357
AT4G32370	0	0.0	0.0	0.0
AT5G62910	8	0.341798	2.420722	3.128291
AT3G16850	149	4.724591	33.931091	43.849033
AT5G52850	3	0.065977	0.460614	0.595250
AT5G45620	79	3.299790	28.357153	36.645851
AT2G03965	0	0.0	0.0	0.0
AT3G03445	0	0.000000	0.000000	0.000000
AT3G63200	43	1.841876	12.858938	16.617563
AT5G63300	0	0.000000	0.000000	0.000000
AT4G12710	11	0.480620	3.355418	4.336195
AT5G14170	45	1.517925	10.779141	13.929848
AT4G30600	135	4.031799	30.107615	38.907970
AT1G05730	7	0.347232	2.480120	3.205051
AT4G24015	32	1.511859	15.088684	19.499054
AT3G18050	154	7.538177	52.627300	68.010078
AT2G09395	0	0.000000	0.000000	0.000000
AT3G56710	76	4.199860	29.403246	37.997711
AT4G14170	2	0.070977	0.496974	0.642237
AT2G05725	0	0.0	0.0	0.0
AT1G08853	0	0.000000	0.000000	0.000000
AT4G27900	27	0.934419	7.854576	10.150441
AT5G57400	0	0.0	0.0	0.0
AT2G07643	0	0.0	0.0	0.0
AT2G15890	194	3.833829	66.534546	85.982368
AT2G42080	20	1.289540	9.002841	11.634340
AT5G57710	74	1.494267	10.432129	13.481404
AT3G56400	187	9.015097	71.046936	91.813713
AT1G09770	151	3.481780	26.356213	34.060043
AT2G41520	16	0.298311	2.116897	2.735659
AT4G01270	0	0.000000	0.000000	0.000000
AT5G12400	32	0.418828	3.008636	3.888050
AT4G19590	0	0.000000	0.000000	0.000000
AT4G30120	0	0.0	0.0	0.0
AT1G09903	0	0.000000	0.000000	0.000000
AT5G01270	27	0.650823	4.794969	6.196522
AT4G12400	0	0.000000	0.000000	0.000000
AT5G19590	162	7.927696	82.414070	106.503418
AT3G26900	136	7.821480	62.622452	80.926781
AT4G28590	17	0.934520	6.524292	8.431319
AT5G01165	0	0.000000	0.000000	0.000000
AT2G02090	32	0.930505	6.496261	8.395096
AT3G01370	88	1.990283	14.324901	18.512020
AT5G45100	32	1.706566	12.668137	16.370989
AT2G23040	14	0.818792	6.167030	7.969632
AT5G17850	7	0.196577	1.504821	1.944674
AT5G38110	22	1.389942	9.703791	12.540175
AT4G00889	0	0.000000	0.000000	0.000000
AT5G28590	0	0.0	0.0	0.0
AT2G09455	0	0.000000	0.000000	0.000000
AT1G54230	0	0.0	0.0	0.0
AT2G01023	0	0.0	0.0	0.0
AT3G53060	0	0.0	0.0	0.0
AT2G08200	0	0.0	0.0	0.0
AT1G47389	0	0.0	0.0	0.0
AT3G29765	0	0.0	0.0	0.0
AT4G17850	0	0.0	0.0	0.0
AT3G08785	0	0.000000	0.000000	0.000000
AT3G47965	14	2.024904	14.136738	18.268858
AT2G09125	0	0.0	0.0	0.0
AT1G16310	0	0.000000	0.000000	0.000000
AT5G18330	0	0.0	0.0	0.0
AT4G08875	0	0.0	0.0	0.0
AT1G06233	0	0.000000	0.000000	0.000000
AT1G09130	247	12.156251	95.219917	123.052368
AT5G08875	0	0.000000	0.000000	0.000000
AT3G29230	37	1.113481	7.773696	10.045920
AT4G18330	0	0.0	0.0	0.0
AT5G17523	0	0.000000	0.000000	0.000000
AT4G30450	7	0.675462	4.715694	6.094076
AT5G63145	0	0.0	0.0	0.0
AT4G24660	11	0.604057	4.371552	5.649341
AT2G27470	39	2.773611	19.363787	25.023756
AT5G06075	0	0.0	0.0	0.0
AT5G49560	9	0.673846	4.704412	6.079496
AT5G49410	8	0.443603	3.496687	4.518757
AT2G33560	59	3.060547	21.408823	27.666550
AT4G08406	0	0.0	0.0	0.0
AT2G33410	68	2.892324	20.192575	26.094795
AT2G45860	105	12.398066	86.556297	111.856415
AT3G18230	18	0.573838	4.006213	5.177216
AT4G29330	35	1.018284	13.574906	17.542805
AT5G24660	55	5.307412	37.053356	47.883926
AT1G49938	0	0.000000	0.000000	0.000000
AT5G57650	0	0.0	0.0	0.0
AT4G06075	4	1.658031	11.575437	14.958898
AT1G74970	634	45.397491	316.939667	409.580048
AT5G12310	40	2.088313	14.579424	18.840940
AT2G09795	23	0.535018	4.302812	5.560510
ATMG00850	0	0.0	0.0	0.0
AT3G56310	133	6.469226	45.164486	58.365910
AT5G59860	0	0.000000	0.000000	0.000000
AT5G09680	39	2.419279	21.638247	27.963034
AT2G34930	29	0.739695	5.164134	6.673592
AT1G43090	0	0.0	0.0	0.0
AT2G25910	41	1.721249	14.276289	18.449200
AT3G25540	36	1.551247	11.621892	15.018930
AT5G63700	31	0.736922	6.436842	8.318309
AT3G06425	1	0.289062	2.018068	2.607942
AT4G12310	85	2.787835	19.463091	25.152086
AT4G09680	31	0.501356	3.546779	4.583490
AT1G05330	1	0.050872	0.355160	0.458972
AT1G21050	20	0.950434	10.929123	14.123669
AT3G46930	0	0.000000	0.000000	0.000000
AT3G22060	48	3.326638	23.224710	30.013212
AT4G24590	23	1.177492	8.846373	11.432137
AT5G49690	0	0.0	0.0	0.0
AT4G32770	33	1.346272	9.398911	12.146181
AT5G25130	15	0.554188	4.647674	6.006174
AT1G03080	58	0.718049	5.356115	6.921690
AT2G11620	0	0.0	0.0	0.0
AT5G24590	28	0.940145	7.722501	9.979762
AT5G61430	0	0.0	0.0	0.0
AT1G07173	0	0.000000	0.000000	0.000000
AT1G58230	32	0.298200	2.082855	2.691667
AT4G25130	339	22.962711	168.457840	217.697479
AT4G00342	0	0.000000	0.000000	0.000000
AT2G33690	0	0.0	0.0	0.0
AT5G13900	0	0.000000	0.000000	0.000000
AT4G34110	557	16.180531	112.963333	145.982132
AT5G56210	32	1.143905	8.925863	11.534863
AT3G12210	31	1.703856	11.937598	15.426918
AT3G04785	0	0.000000	0.000000	0.000000
AT2G32910	38	1.051507	7.377213	9.533547
AT4G19660	17	0.544016	4.082904	5.276323
AT5G14330	0	0.000000	0.000000	0.000000
AT4G04875	0	0.000000	0.000000	0.000000
AT1G16400	17	0.657582	4.590867	5.932761
AT3G03110	38	0.805009	5.620119	7.262860
AT4G30790	85	1.256581	8.931707	11.542414
AT3G61090	0	0.000000	0.000000	0.000000
AT5G19660	9	0.197259	1.390248	1.796613
AT1G73620	18	1.290441	9.009131	11.642469
AT3G49200	0	0.0	0.0	0.0
AT1G55675	43	3.730853	26.046711	33.660076
AT4G14330	22	0.564317	3.939743	5.091316
AT1G23210	0	0.0	0.0	0.0
AT5G45745	0	0.0	0.0	0.0
AT4G36680	46	2.124337	14.830921	19.165951
AT4G25770	44	1.694949	12.360576	15.973530
AT3G06155	0	0.0	0.0	0.0
AT5G49300	7	0.481759	3.760921	4.860225
AT1G26255	0	0.0	0.0	0.0
AT4G28660	328	26.611565	194.671539	251.573349
AT3G06778	0	0.000000	0.000000	0.000000
AT3G25880	0	0.0	0.0	0.0
AT1G07733	5	1.349200	9.419353	12.172598
AT5G36680	0	0.0	0.0	0.0
AT1G65020	20	1.051492	7.883535	10.187865
AT3G13229	0	0.0	0.0	0.0
AT4G32130	67	4.666957	32.582058	42.105686
AT5G43401	0	0.0	0.0	0.0
AT3G14230	139	5.335099	45.640881	58.981548
AT5G25770	9	0.332426	2.540091	3.282551
AT5G28660	0	0.0	0.0	0.0
AT2G33300	0	0.000000	0.000000	0.000000
AT1G13060	130	6.860726	49.397583	63.836327
AT1G78970	34	0.863332	6.348889	8.204648
AT1G13755	0	0.0	0.0	0.0
AT1G21230	0	0.0	0.0	0.0
AT1G68568	0	0.000000	0.000000	0.000000
AT4G29730	12	0.483180	3.408037	4.404194
AT3G01130	144	6.865707	71.512886	92.415855
AT4G11860	22	0.687109	4.836683	6.250429
AT1G36370	49	1.784059	12.455294	16.095932
AT3G50480	86	6.081631	46.481953	60.068466
AT5G08285	0	0.000000	0.000000	0.000000
AT5G07155	0	0.0	0.0	0.0
AT3G20980	0	0.0	0.0	0.0
AT3G52526	2	0.111617	2.598155	3.357587
AT1G56850	0	0.0	0.0	0.0
AT4G08285	0	0.0	0.0	0.0
AT5G11860	21	0.822597	5.875066	7.592329
AT1G66910	15	0.513920	3.650816	4.717937
AT1G73100	28	0.769451	5.371873	6.942053
AT2G04535	0	0.000000	0.000000	0.000000
AT1G78206	7	4.146342	28.947420	37.408649
AT1G58050	0	0.0	0.0	0.0
AT5G15853	0	0.000000	0.000000	0.000000
AT5G38197	0	0.0	0.0	0.0
AT1G53815	0	0.0	0.0	0.0
AT4G18730	540	50.730385	354.170929	457.693848
AT5G01540	6	0.190658	1.331067	1.720133
AT1G16710	44	0.472214	3.518525	4.546978
AT1G04520	36	1.823454	12.730328	16.451359
AT5G18730	0	0.000000	0.000000	0.000000
AT4G01540	0	0.000000	0.000000	0.000000
AT1G77932	0	0.000000	0.000000	0.000000
AT3G57210	0	0.000000	0.000000	0.000000
AT1G16650	15	0.560649	4.102208	5.301269
AT5G01880	5	0.274153	1.913981	2.473432
AT5G51660	26	0.392228	2.875947	3.716576
AT2G47110	533	59.811527	420.125031	542.926086
AT3G01770	38	1.195132	8.530966	11.024537
AT1G31814	8	0.275699	1.924775	2.487380
AT4G29170	0	0.000000	0.000000	0.000000
AT4G01880	0	0.000000	0.000000	0.000000
AT1G71470	0	0.0	0.0	0.0
AT2G26020	39	5.059114	35.319878	45.643761
AT5G18170	53	2.256078	15.750664	20.354528
AT5G15520	47	2.933124	20.477417	26.462896
AT5G07425	0	0.0	0.0	0.0
AT1G58007	0	0.000000	0.000000	0.000000
AT1G19835	115	2.044177	16.447390	21.254906
AT5G63410	62	1.835832	12.821546	16.569241
AT5G63560	0	0.0	0.0	0.0
AT5G47930	702	78.206131	545.991089	705.582397
AT3G14050	28	0.745560	5.347535	6.910602
AT2G02515	0	0.0	0.0	0.0
AT3G02945	0	0.000000	0.000000	0.000000
AT4G23850	195	5.592006	39.380577	50.891384
AT5G41890	0	0.000000	0.000000	0.000000
AT2G04037	0	0.0	0.0	0.0
AT4G18170	5	0.233999	1.633649	2.111159
AT4G15520	32	2.469226	17.238743	22.277569
AT1G09370	2	0.223228	1.558452	2.013982
AT2G20810	7	0.278292	1.942878	2.510774
AT1G04853	0	0.000000	0.000000	0.000000
AT2G19820	0	0.0	0.0	0.0
AT2G17040	28	1.517857	12.048408	15.570117
AT5G23850	25	0.855752	6.259667	8.089346
AT2G46760	0	0.000000	0.000000	0.000000
AT3G05085	0	0.0	0.0	0.0
AT5G11940	0	0.000000	0.000000	0.000000
AT4G27380	83	7.641039	54.101204	69.914803
AT2G14935	0	0.0	0.0	0.0
AT5G03235	0	0.000000	0.000000	0.000000
AT5G63980	71	5.315443	37.109425	47.956383
AT1G57613	0	0.0	0.0	0.0
AT4G11940	0	0.0	0.0	0.0
AT3G19150	8	0.370159	3.187298	4.118934
AT1G65486	15	0.991119	18.008900	23.272839
AT5G27380	192	4.266259	52.275627	67.555618
AT1G55350	51	0.521750	3.741170	4.834701
AT1G14920	84	2.758833	19.260614	24.890427
AT4G24070	0	0.0	0.0	0.0
AT3G13870	157	3.989494	28.711641	37.103954
ATMG01090	5	0.501688	3.502502	4.526272
AT1G31630	0	0.0	0.0	0.0
AT3G27280	28	1.461796	11.785229	15.230011
AT5G06665	0	0.000000	0.000000	0.000000
AT4G13780	131	3.264127	24.700815	31.920778
AT1G07180	64	2.335177	16.302887	21.068167
AT4G33905	2	0.116022	0.810000	1.046760
AT2G07719	6	0.264803	1.848705	2.389075
AT5G61740	0	0.000000	0.000000	0.000000
AT5G24070	0	0.0	0.0	0.0
AT3G03335	0	0.0	0.0	0.0
AT4G06665	0	0.000000	0.000000	0.000000
AT1G08250	7	0.279171	1.949014	2.518705
AT1G64720	504	21.470753	158.332062	204.611969
AT3G28150	3	0.146372	1.025119	1.324758
AT5G13780	140	11.130084	77.703972	100.416573
AT1G20890	15	0.824468	6.578691	8.501619
AT1G69240	0	0.0	0.0	0.0
AT1G22870	51	0.579305	4.154408	5.368727
AT3G04905	0	0.0	0.0	0.0
AT3G12545	0	0.000000	0.000000	0.000000
AT2G31340	12	0.300921	2.244036	2.899960
AT4G17616	17	0.553743	3.865921	4.995917
AT5G05920	17	0.650370	5.893945	7.616724
AT3G28420	2	0.135359	0.945000	1.221220
AT3G07010	99	2.286916	18.130054	23.429409
AT2G07659	0	0.0	0.0	0.0
AT3G61570	13	0.360436	2.683552	3.467945
AT5G40230	0	0.000000	0.000000	0.000000
AT1G71695	203	9.881491	77.350494	99.959770
AT4G25315	0	0.000000	0.000000	0.000000
AT3G58920	0	0.0	0.0	0.0
AT4G05920	0	0.0	0.0	0.0
AT3G20410	49	1.542346	10.767789	13.915177
AT3G20560	25	1.091237	7.618401	9.845234
AT3G19420	89	2.714231	19.762531	25.539051
AT1G66480	0	0.000000	0.000000	0.000000
AT1G45242	0	0.0	0.0	0.0
AT5G03760	140	4.592684	32.063530	41.435589
AT1G68190	62	2.234461	20.030661	25.885553
AT3G53670	86	4.565596	34.259262	44.273125
AT2G16790	8	0.439577	4.150352	5.363485
AT3G50910	12	0.448341	3.130064	4.044971
AT3G60850	13	0.432546	3.019792	3.902467
AT1G08207	0	0.0	0.0	0.0
AT1G17160	16	0.465807	4.464342	5.769254
AT4G03500	0	0.000000	0.000000	0.000000
AT3G55810	0	0.0	0.0	0.0
AT1G33750	0	0.0	0.0	0.0
AT4G08810	59	2.184063	15.247895	19.704803
AT1G32990	622	45.060745	314.588715	406.541870
AT2G41250	35	2.029091	14.165968	18.306631
AT1G52160	42	1.128933	7.881573	10.185330
AT3G51150	40	0.739916	5.503857	7.112615
AT5G03500	22	0.969944	7.028253	9.082587
AT5G08810	0	0.000000	0.000000	0.000000
AT5G03055	0	0.0	0.0	0.0
AT2G02240	0	0.0	0.0	0.0
AT2G23290	7	0.337917	2.359146	3.048716
AT3G20700	0	0.0	0.0	0.0
AT4G29440	29	0.612835	4.324336	5.588325
AT1G06830	75	10.863636	75.843781	98.012650
AT5G59940	0	0.0	0.0	0.0
AT1G71140	22	0.961032	6.709383	8.670513
AT5G06010	0	0.0	0.0	0.0
AT5G18440	33	1.314198	9.174989	11.856807
AT1G77000	9	0.320058	2.574572	3.327111
AT4G00820	0	0.000000	0.000000	0.000000
AT3G15750	15	0.965561	6.875471	8.885148
AT1G08030	13	0.462922	3.560986	4.601851
AT1G53280	38	1.731102	12.085577	15.618151
AT4G06010	0	0.0	0.0	0.0
AT4G18440	245	9.440637	65.909203	85.174232
AT5G00820	1	0.038126	0.266174	0.343976
AT2G32480	16	0.818921	5.731934	7.407358
AT2G08025	0	0.000000	0.000000	0.000000
AT4G26280	0	0.0	0.0	0.0
AT1G68320	0	0.0	0.0	0.0
AT4G39010	11	0.417307	2.963473	3.829686
AT2G43010	201	6.184443	47.755047	61.713680
AT1G13448	0	0.000000	0.000000	0.000000
AT4G38260	0	0.000000	0.000000	0.000000
AT5G40050	0	0.0	0.0	0.0
AT5G26280	8	0.402749	2.811766	3.633636
AT4G23496	0	0.0	0.0	0.0
AT4G03038	0	0.0	0.0	0.0
AT3G07665	0	0.0	0.0	0.0
AT3G15610	46	2.150000	15.010088	19.397484
AT5G01215	0	0.000000	0.000000	0.000000
AT5G39010	0	0.0	0.0	0.0
AT5G38260	0	0.0	0.0	0.0
AT4G40050	40	1.281764	10.526462	13.603311
AT1G55490	1112	32.490505	259.207672	334.973175
AT1G09383	0	0.000000	0.000000	0.000000
AT5G35525	0	0.000000	0.000000	0.000000
AT1G27670	0	0.0	0.0	0.0
AT3G01315	0	0.0	0.0	0.0
AT3G21920	0	0.0	0.0	0.0
AT1G67792	11	0.281391	1.964513	2.538734
AT3G26380	39	1.336647	9.563144	12.358417
AT2G25480	43	1.810753	12.662077	16.363157
AT2G46500	34	1.017769	7.105489	9.182399
AT3G51420	147	5.270234	40.270885	52.041924
AT1G30970	44	1.586718	11.227622	14.509418
AT1G33610	25	1.110987	7.756284	10.023419
AT3G27290	2	0.073256	0.511432	0.660922
AT5G64630	25	1.034987	7.263626	9.386759
AT3G60020	0	0.0	0.0	0.0
AT4G31720	58	2.896574	26.166052	33.814297
AT1G09453	0	0.000000	0.000000	0.000000
ATMG01080	2	0.274471	1.916202	2.476301
AT3G26450	48	3.413177	29.869635	38.600426
AT1G03570	0	0.0	0.0	0.0
AT4G13790	0	0.0	0.0	0.0
AT4G12950	0	0.0	0.0	0.0
AT1G76940	40	2.081673	14.544236	18.795465
AT1G07190	0	0.0	0.0	0.0
AT3G28958	0	0.000000	0.000000	0.000000
AT2G25350	9	0.193577	1.798250	2.323873
AT2G40660	91	3.987363	31.006287	40.069321
AT1G75360	3	0.100720	0.748249	0.966960
AT1G20880	9	0.287767	2.058309	2.659945
AT3G56950	1703	48.914974	378.760864	489.471344
AT5G12950	131	2.251943	21.188057	27.381254
AT5G04045	0	0.0	0.0	0.0
AT5G13790	0	0.000000	0.000000	0.000000
AT3G05095	0	0.0	0.0	0.0
AT4G27657	4	0.417952	2.917905	3.770799
AT1G30060	0	0.0	0.0	0.0
AT2G09905	0	0.000000	0.000000	0.000000
AT4G27390	50	3.603934	25.160633	32.514999
AT5G00765	0	0.000000	0.000000	0.000000
AT1G05867	0	0.000000	0.000000	0.000000
AT5G62750	0	0.0	0.0	0.0
AT5G63990	0	0.000000	0.000000	0.000000
AT1G49405	0	0.000000	0.000000	0.000000
AT5G27390	133	8.088889	63.232296	81.714874
AT4G00230	45	0.727403	6.088978	7.868765
AT4G16695	38	2.411245	19.998350	25.843800
AT1G66490	0	0.0	0.0	0.0
AT5G05435	11	0.486683	4.497658	5.812307
AT5G17530	75	2.312673	18.120478	23.417030
AT5G45920	0	0.000000	0.000000	0.000000
AT1G67250	105	11.524862	80.460083	103.978287
AT5G62610	48	2.538461	18.553604	23.976761
AT4G14226	0	0.0	0.0	0.0
AT3G47010	5	0.167354	1.296145	1.675004
AT1G68180	0	0.0	0.0	0.0
AT4G05435	1	0.155340	1.084496	1.401491
AT4G17530	114	8.764107	61.186047	79.070526
AT2G16780	44	2.211055	15.436339	19.948328
AT3G11000	0	0.000000	0.000000	0.000000
AT2G32350	0	0.0	0.0	0.0
AT3G17140	0	0.0	0.0	0.0
AT4G27600	168	6.019527	44.947536	58.085548
AT5G43760	157	5.649978	39.444962	50.974583
AT2G39760	36	1.093139	11.350425	14.668116
AT1G09123	0	0.0	0.0	0.0
AT4G30900	23	1.039823	7.259458	9.381372
AT1G06220	117	2.551866	18.134182	23.434740
AT1G20540	36	1.715295	13.746259	17.764242
AT5G27600	19	0.595277	4.155888	5.370640
AT3G26120	0	0.0	0.0	0.0
AT1G66350	20	0.743036	5.187458	6.703734
AT2G22160	0	0.0	0.0	0.0
AT4G16140	55	3.862622	31.764944	41.049732
AT1G72150	505	17.101229	119.391129	154.288742
AT4G35800	230	1.959530	14.352044	18.547096
AT1G09603	0	0.0	0.0	0.0
AT5G27120	394	14.888363	103.942146	134.324081
AT3G26600	37	1.177180	8.359467	10.802910
AT2G39500	37	2.991003	20.881496	26.985085
AT4G14723	0	0.000000	0.000000	0.000000
AT2G01250	994	60.985424	544.435608	703.572205
AT1G21326	3	0.177904	1.242025	1.605065
AT1G08533	0	0.000000	0.000000	0.000000
AT5G48810	149	14.927997	104.218849	134.681671
AT2G42240	12	0.503799	4.325021	5.589209
AT5G43500	0	0.000000	0.000000	0.000000
AT1G53290	18	0.797830	5.569999	7.198091
AT3G52140	143	2.328644	16.609449	21.464334
AT5G16140	23	1.313571	10.663507	13.780415
AT4G27120	34	1.418912	11.883486	15.356988
AT2G38630	51	1.568750	13.014673	16.818819
AT1G32980	0	0.0	0.0	0.0
AT5G46010	0	0.000000	0.000000	0.000000
AT5G09475	1	0.305785	2.134818	2.758818
AT1G24000	0	0.0	0.0	0.0
AT2G07335	1	0.042725	0.298282	0.385469
AT1G57565	0	0.0	0.0	0.0
AT1G48030	310	10.121511	80.312103	103.787056
AT5G52530	64	1.325013	9.250493	11.954381
AT3G16530	184	12.298994	85.864632	110.962578
AT4G09475	0	0.000000	0.000000	0.000000
AT1G07320	674	34.449776	276.573486	357.415009
AT1G60787	0	0.0	0.0	0.0
AT2G17870	69	3.110920	21.718687	28.066986
AT5G40820	7	0.055191	0.385312	0.497938
AT1G49715	0	0.0	0.0	0.0
AT3G59000	17	0.588105	4.915196	6.351891
AT1G09393	0	0.0	0.0	0.0
AT5G62065	0	0.0	0.0	0.0
AT1G07645	0	0.0	0.0	0.0
AT3G26390	0	0.0	0.0	0.0
AT2G03010	0	0.000000	0.000000	0.000000
AT2G35160	5	0.090750	0.780001	1.007993
AT1G35181	0	0.0	0.0	0.0
AT1G05723	0	0.000000	0.000000	0.000000
AT2G08855	0	0.000000	0.000000	0.000000
AT3G15536	7	1.036364	7.235309	9.350164
AT1G67030	0	0.0	0.0	0.0
AT2G25490	177	4.618283	32.242245	41.666546
AT1G30755	14	0.321260	2.337727	3.021036
AT5G22800	126	2.710341	19.806780	25.596233
AT4G00050	23	0.971898	7.275137	9.401635
AT2G30470	31	0.693211	4.966216	6.417824
AT5G03825	0	0.000000	0.000000	0.000000
AT4G26290	0	0.000000	0.000000	0.000000
AT5G57950	14	1.000000	7.131083	9.215474
AT1G74670	422	32.386623	269.786835	348.644623
AT5G24960	0	0.0	0.0	0.0
AT4G27450	11	0.592776	4.138428	5.348076
AT1G72420	9	0.321323	2.673478	3.454926
AT5G26290	0	0.0	0.0	0.0
AT5G54510	80	2.462727	19.186913	24.795181
AT5G54460	0	0.0	0.0	0.0
AT1G55480	318	7.664575	55.364117	71.546860
AT3G02720	62	3.175874	22.172161	28.653008
AT5G27450	21	0.783038	5.768620	7.454769
AT2G06500	0	0.0	0.0	0.0
AT4G24960	59	4.353376	35.213970	45.506893
AT5G49680	0	0.000000	0.000000	0.000000
AT1G65850	0	0.0	0.0	0.0
AT1G55910	53	2.946366	20.569864	26.582365
AT1G22040	16	0.624312	4.358594	5.632596
AT4G24580	0	0.0	0.0	0.0
AT1G03090	19	0.470438	3.431529	4.434554
AT2G07727	16	0.385137	2.688809	3.474739
AT1G61110	0	0.0	0.0	0.0
AT2G19230	0	0.000000	0.000000	0.000000
AT1G34430	150	6.492180	45.324738	58.573002
AT5G24580	12	0.528921	4.031598	5.210020
AT1G25560	51	2.302444	16.074366	20.772846
AT1G25410	0	0.0	0.0	0.0
AT5G36300	0	0.0	0.0	0.0
AT3G06930	77	2.916108	20.387936	26.347260
AT2G33680	1	0.024278	0.176323	0.227862
AT5G09690	0	0.000000	0.000000	0.000000
AT3G17470	31	1.172833	8.475386	10.952713
AT3G05575	0	0.000000	0.000000	0.000000
AT3G08125	0	0.0	0.0	0.0
AT2G09785	0	0.000000	0.000000	0.000000
AT1G43080	0	0.0	0.0	0.0
AT4G09690	0	0.0	0.0	0.0
AT1G47056	7	0.263590	1.840237	2.378132
AT5G55125	43	5.325395	37.178902	48.046169
AT3G61172	0	0.0	0.0	0.0
AT5G58575	0	0.000000	0.000000	0.000000
AT3G54100	10	0.242384	1.836683	2.373539
AT2G44200	50	1.968796	13.745023	17.762646
AT1G55591	0	0.0	0.0	0.0
AT2G28230	22	1.719352	12.630590	16.322468
AT2G04066	0	0.000000	0.000000	0.000000
AT3G44785	0	0.0	0.0	0.0
AT4G36690	130	4.401193	32.619057	42.153492
AT1G59359	470	29.163143	203.600616	263.112366
AT4G05745	0	0.0	0.0	0.0
AT1G35040	0	0.0	0.0	0.0
AT3G25890	58	2.059795	15.265893	19.728062
AT1G29100	0	0.0	0.0	0.0
AT5G36690	0	0.0	0.0	0.0
AT2G16900	14	0.424231	3.419416	4.418900
AT5G50250	103	7.188380	50.185211	64.854179
AT3G08455	0	0.0	0.0	0.0
AT3G43110	1	0.076923	0.537033	0.694006
AT1G32560	0	0.0	0.0	0.0
AT5G05745	0	0.000000	0.000000	0.000000
AT3G31550	0	0.0	0.0	0.0
AT1G32410	45	2.720679	21.349991	27.590521
AT3G09200	1434	42.370514	296.025757	382.553070
AT5G09300	6	0.209747	1.725706	2.230124
AT1G46336	0	0.0	0.0	0.0
AT3G04795	0	0.0	0.0	0.0
AT3G13040	118	3.565614	30.928158	39.968353
AT4G24840	61	1.732830	12.119431	15.661899
AT2G30695	86	3.028825	38.978962	50.372379
AT1G80370	0	0.000000	0.000000	0.000000
AT3G05936	8	0.748404	5.397257	6.974857
AT1G10417	0	0.000000	0.000000	0.000000
AT3G50350	9	0.517516	4.853403	6.272037
AT4G30780	0	0.000000	0.000000	0.000000
AT4G09300	0	0.000000	0.000000	0.000000
AT3G61080	77	4.143826	32.305012	41.747654
ATMG00020	1532	47.723518	333.178680	430.565674
AT3G19552	0	0.0	0.0	0.0
AT5G24840	37	3.102281	21.658377	27.989044
AT1G70340	0	0.000000	0.000000	0.000000
AT1G07267	0	0.0	0.0	0.0
AT1G18100	0	0.000000	0.000000	0.000000
AT2G45640	104	8.626041	66.299622	85.678780
AT2G19050	0	0.0	0.0	0.0
AT1G04023	0	0.000000	0.000000	0.000000
AT1G63770	772	16.256721	129.563873	167.434952
AT1G18620	86	1.490681	11.164454	14.427785
AT5G42053	0	0.0	0.0	0.0
AT5G23020	31	1.221770	20.888609	26.994278
AT5G15805	0	0.0	0.0	0.0
AT2G26850	0	0.0	0.0	0.0
AT3G08395	0	0.0	0.0	0.0
AT1G76860	31	4.188708	29.243195	37.790878
AT2G13542	0	0.0	0.0	0.0
AT2G05185	13	1.183414	8.261929	10.676863
AT4G23020	42	1.443299	12.393655	16.016277
AT3G14820	0	0.0	0.0	0.0
AT1G78060	172	5.502201	38.413261	49.641327
AT5G65210	18	0.470389	3.986930	5.152297
AT1G32700	81	2.714768	33.028351	42.682423
AT4G16892	0	0.000000	0.000000	0.000000
AT4G02005	7	0.242783	1.964457	2.538661
AT1G13970	0	0.000000	0.000000	0.000000
AT2G30140	24	1.086413	7.584723	9.801711
AT1G10610	22	0.527786	6.319757	8.166999
AT2G28050	3	0.098710	0.689138	0.890570
AT4G02550	28	1.241127	8.803723	11.377021
AT1G29620	0	0.0	0.0	0.0
AT5G41540	0	0.0	0.0	0.0
AT1G79210	61	4.128949	30.300934	39.157791
AT1G05947	0	0.0	0.0	0.0
AT5G02550	6	0.657143	4.587801	5.928800
AT4G08295	0	0.000000	0.000000	0.000000
AT3G22970	100	4.126098	28.806089	37.226009
AT4G16470	12	0.454639	3.174033	4.101792
AT5G41880	26	1.221165	8.525484	11.017455
AT2G07110	0	0.0	0.0	0.0
AT5G50030	0	0.0	0.0	0.0
AT3G54620	64	2.355924	18.446293	23.838081
AT4G37200	120	7.482405	58.635349	75.774261
AT5G63063	0	0.0	0.0	0.0
AT3G52470	26	1.827493	12.758525	16.487799
AT5G16470	123	8.493934	59.299850	76.632996
AT3G08605	0	0.000000	0.000000	0.000000
AT1G63130	12	0.337823	2.522107	3.259310
AT5G37200	0	0.0	0.0	0.0
AT1G10750	4	0.142996	0.998317	1.290122
AT5G56369	0	0.0	0.0	0.0
AT5G09145	0	0.0	0.0	0.0
AT2G42465	0	0.0	0.0	0.0
AT5G01890	19	0.365365	2.550772	3.296354
AT5G07930	0	0.0	0.0	0.0
AT1G56020	12	0.551149	3.847811	4.972513
AT2G15270	37	3.232120	22.564838	29.160463
AT1G02965	0	0.0	0.0	0.0
AT4G09145	0	0.000000	0.000000	0.000000
AT1G60950	5101	414.286285	2892.312988	3737.726074
AT4G01890	0	0.0	0.0	0.0
AT4G30380	0	0.0	0.0	0.0
AT4G11640	11	0.622695	4.347305	5.618008
AT1G01200	0	0.000000	0.000000	0.000000
AT2G19365	0	0.0	0.0	0.0
AT5G63680	43	1.528986	11.018856	14.239630
AT1G08023	0	0.0	0.0	0.0
AT1G70740	11	0.387981	3.000342	3.877331
AT1G14620	34	2.297800	16.041945	20.730947
AT3G21100	14	0.410145	2.880778	3.722819
AT1G12470	49	1.155596	8.067719	10.425886
AT3G44713	0	0.0	0.0	0.0
AT5G09700	0	0.0	0.0	0.0
AT5G11640	48	1.875743	13.482499	17.423388
AT3G04395	0	0.0	0.0	0.0
AT3G05245	0	0.0	0.0	0.0
AT1G80770	95	3.838940	28.454643	36.771835
AT1G13485	0	0.0	0.0	0.0
AT2G14635	0	0.0	0.0	0.0
AT1G25145	11	0.718015	5.012776	6.477993
AT3G50750	29	1.452046	10.137366	13.100483
AT3G18820	152	11.273655	78.706299	101.711876
AT1G74060	426	17.715946	175.645325	226.985855
AT4G06965	0	0.0	0.0	0.0
AT5G51580	5	0.405010	2.827551	3.654035
AT2G24050	74	2.140167	14.941439	19.308769
AT5G52020	2	0.131769	0.919937	1.188831
AT3G16020	0	0.000000	0.000000	0.000000
AT3G30280	0	0.0	0.0	0.0
AT1G69080	0	0.000000	0.000000	0.000000
AT3G10810	62	2.284916	16.511848	21.338207
AT1G31930	70	1.530058	11.849730	15.313366
AT1G45170	24	1.856725	12.962606	16.751532
AT5G06965	0	0.0	0.0	0.0
AT1G48520	127	4.610247	33.252781	42.972454
AT3G27040	0	0.0	0.0	0.0
AT4G04295	0	0.0	0.0	0.0
AT1G06823	0	0.0	0.0	0.0
AT1G06507	0	0.0	0.0	0.0
AT5G51840	31	1.645777	11.489886	14.848341
AT1G03515	0	0.0	0.0	0.0
AT1G67520	4	0.090966	0.635073	0.820703
AT4G05620	0	0.0	0.0	0.0
AT1G80130	45	2.430508	16.968433	21.928251
AT3G58620	22	0.563672	4.443656	5.742521
AT2G09385	0	0.0	0.0	0.0
AT5G05620	39	1.645644	11.488957	14.847141
AT2G04621	0	0.000000	0.000000	0.000000
AT1G54820	129	4.643600	33.215202	42.923889
AT3G50610	0	0.0	0.0	0.0
AT5G11325	0	0.0	0.0	0.0
AT5G36700	273	10.273972	101.073662	130.617142
AT3G53970	23	1.301576	9.086869	11.742930
AT1G10490	141	2.848426	20.099386	25.974367
AT1G06550	56	2.677691	19.626471	25.363220
AT3G23470	0	0.000000	0.000000	0.000000
AT4G36700	0	0.0	0.0	0.0
AT1G14345	157	12.362376	86.307137	111.534416
AT2G02080	59	1.972585	14.056039	18.164570
AT4G28580	0	0.0	0.0	0.0
AT1G18745	40	3.302677	23.057426	29.797033
AT2G01520	0	0.0	0.0	0.0
AT1G49770	0	0.0	0.0	0.0
AT4G36410	29	3.147139	22.305832	28.825752
AT4G36560	0	0.0	0.0	0.0
AT1G32690	5	0.378804	2.644596	3.417602
AT5G36410	0	0.0	0.0	0.0
AT1G25300	0	0.0	0.0	0.0
AT3G60530	44	2.351536	16.417099	21.215759
AT5G41270	12	0.842012	5.878452	7.596704
AT1G68945	40	6.441718	44.972443	58.117729
AT1G53040	31	0.907825	7.239455	9.355524
AT3G04125	0	0.0	0.0	0.0
AT2G42090	0	0.0	0.0	0.0
AT2G15880	28	0.814323	5.685144	7.346892
AT4G19580	0	0.0	0.0	0.0
AT5G05100	47	2.234663	15.601155	20.161320
AT1G10350	25	0.978744	6.833038	8.830312
AT5G60140	0	0.0	0.0	0.0
AT5G19580	0	0.000000	0.000000	0.000000
AT3G58100	6	0.205557	1.435083	1.854553
AT2G35210	0	0.0	0.0	0.0
AT4G04972	0	0.000000	0.000000	0.000000
AT2G22668	0	0.0	0.0	0.0
AT2G24230	18	0.464953	3.246039	4.194846
AT4G05100	0	0.000000	0.000000	0.000000
AT5G26040	19	0.851768	6.162673	7.964003
AT2G07445	0	0.0	0.0	0.0
AT3G15910	0	0.0	0.0	0.0
AT3G07965	0	0.0	0.0	0.0
AT4G19840	121	6.343461	44.286465	57.231247
AT4G17020	20	0.738881	5.271850	6.812793
AT1G49130	13	0.538300	3.758107	4.856589
AT1G32300	0	0.0	0.0	0.0
AT4G26040	0	0.0	0.0	0.0
AT3G04455	0	0.0	0.0	0.0
AT5G19840	19	0.593931	4.964876	6.416092
AT2G24765	48	3.759332	26.245533	33.917015
AT2G40070	36	0.930719	6.564253	8.482962
AT5G17020	80	1.594453	11.131571	14.385291
AT3G08795	0	0.000000	0.000000	0.000000
AT1G57470	0	0.0	0.0	0.0
AT4G28840	0	0.0	0.0	0.0
AT5G09410	74	1.531258	11.771119	15.211778
AT3G66656	0	0.0	0.0	0.0
AT5G09560	0	0.0	0.0	0.0
AT1G33910	0	0.0	0.0	0.0
AT5G44316	0	0.000000	0.000000	0.000000
AT1G34822	0	0.0	0.0	0.0
AT1G30670	0	0.0	0.0	0.0
AT1G27970	194	13.341085	112.641098	145.565704
AT5G28840	419	13.334793	129.060226	166.784088
AT1G76185	8	0.698962	4.879758	6.306095
AT3G21620	0	0.000000	0.000000	0.000000
AT4G09560	21	0.567788	4.885783	6.313881
AT1G63370	0	0.000000	0.000000	0.000000
AT1G14100	0	0.0	0.0	0.0
AT4G09980	35	0.812283	5.689151	7.352070
AT2G39360	22	0.526972	3.679021	4.754386
AT1G19000	300	13.197900	94.120567	121.631676
AT4G23530	67	2.745760	19.169348	24.772482
AT3G46630	113	6.942219	48.466656	62.633293
AT1G07117	0	0.0	0.0	0.0
AT1G05193	0	0.0	0.0	0.0
AT5G09980	0	0.000000	0.000000	0.000000
AT2G16594	0	0.0	0.0	0.0
AT1G04533	0	0.0	0.0	0.0
AT1G58808	0	0.0	0.0	0.0
AT1G33480	4	0.194098	1.355083	1.751169
AT1G70430	0	0.000000	0.000000	0.000000
AT5G23530	16	0.785714	5.485412	7.088779
AT2G25610	0	0.000000	0.000000	0.000000
AT1G26800	7	0.374909	2.617403	3.382461
AT3G42180	0	0.0	0.0	0.0
AT2G34630	53	2.426977	16.973028	21.934187
AT5G43360	0	0.0	0.0	0.0
AT3G43260	0	0.0	0.0	0.0
AT2G16380	34	1.123083	8.476566	10.954237
AT1G28000	0	0.0	0.0	0.0
AT1G80315	0	0.000000	0.000000	0.000000
AT1G44030	0	0.0	0.0	0.0
AT2G32750	0	0.0	0.0	0.0
AT2G33990	15	0.613542	5.045477	6.520252
AT5G13600	0	0.000000	0.000000	0.000000
AT5G49990	13	0.383464	3.134462	4.050655
AT3G23140	0	0.0	0.0	0.0
AT1G22290	0	0.0	0.0	0.0
AT4G30074	0	0.0	0.0	0.0
AT3G02190	31	4.398182	30.705624	39.680775
AT1G03240	0	0.0	0.0	0.0
AT3G07585	0	0.0	0.0	0.0
AT4G13600	0	0.000000	0.000000	0.000000
AT3G15480	154	10.937778	76.361397	98.681572
AT5G19960	0	0.000000	0.000000	0.000000
AT5G15533	0	0.000000	0.000000	0.000000
AT1G73920	79	1.830796	13.401445	17.318642
AT5G62350	474	30.683954	214.218063	276.833252
AT2G04855	0	0.0	0.0	0.0
AT5G27790	0	0.0	0.0	0.0
AT1G20270	29	1.419315	10.532257	13.610800
AT3G13290	24	0.374657	2.783247	3.596781
AT5G28491	0	0.0	0.0	0.0
AT1G12140	60	2.142153	14.955304	19.326687
AT4G19960	36	0.854111	6.390890	8.258925
AT2G32610	0	0.0	0.0	0.0
AT2G30985	1	0.063918	0.446239	0.576674
AT5G50520	27	1.037838	8.017830	10.361414
AT3G09025	0	0.0	0.0	0.0
AT5G42830	70	3.339329	23.313311	30.127712
AT4G27790	1	0.024425	0.174571	0.225597
AT3G07845	0	0.0	0.0	0.0
AT5G36980	0	0.0	0.0	0.0
AT1G75760	34	1.564788	11.982797	15.485327
AT1G78670	38	2.099093	14.654683	18.938196
AT5G28960	0	0.0	0.0	0.0
AT3G05460	0	0.0	0.0	0.0
AT5G13390	57	1.196134	8.739514	11.294045
AT2G05940	29	1.036970	7.906106	10.217033
AT3G05510	0	0.000000	0.000000	0.000000
AT4G31320	0	0.0	0.0	0.0
AT4G36980	120	3.577300	30.049212	38.832489
AT1G56530	0	0.0	0.0	0.0
AT3G62250	859	69.209679	483.182922	624.415649
AT5G58510	16	0.321013	2.638752	3.410051
AT5G58460	0	0.0	0.0	0.0
AT1G61260	13	0.601907	4.202175	5.430457
AT5G53800	23	1.317357	9.197042	11.885307
AT4G13390	0	0.0	0.0	0.0
AT1G35290	0	0.0	0.0	0.0
AT1G34340	34	1.196566	8.406934	10.864251
AT5G62490	0	0.0	0.0	0.0
AT2G07175	8	0.692473	4.834456	6.247550
AT2G18420	0	0.0	0.0	0.0
AT3G02320	35	1.243595	8.682078	11.219820
AT1G66610	0	0.0	0.0	0.0
AT4G08045	0	0.0	0.0	0.0
AT3G20680	57	4.015191	28.031797	36.225395
AT4G11177	0	0.0	0.0	0.0
AT2G07758	0	0.0	0.0	0.0
AT1G58223	0	0.000000	0.000000	0.000000
AT4G23205	0	0.0	0.0	0.0
AT3G52565	0	0.0	0.0	0.0
AT5G08045	0	0.0	0.0	0.0
AT1G51000	0	0.0	0.0	0.0
AT1G75500	516	19.015215	157.002365	202.893616
AT4G17486	23	1.375470	9.602756	12.409608
AT2G42570	7	0.283215	2.108680	2.725040
AT1G57140	0	0.0	0.0	0.0
AT4G02220	44	2.016619	14.078896	18.194109
AT2G10560	1	0.004779	0.033364	0.043117
AT5G06845	34	6.232184	43.509590	56.227299
AT2G29420	0	0.000000	0.000000	0.000000
AT5G13450	513	15.025111	161.802658	209.097015
ATCG00420	166	27.731657	193.606781	250.197388
AT1G09793	0	0.0	0.0	0.0
AT5G02220	3	0.297554	2.077354	2.684558
AT5G54095	0	0.0	0.0	0.0
AT1G29435	0	0.000000	0.000000	0.000000
AT2G23321	0	0.0	0.0	0.0
AT4G06845	0	0.000000	0.000000	0.000000
AT3G26790	0	0.0	0.0	0.0
AT1G05323	0	0.000000	0.000000	0.000000
AT4G13450	0	0.0	0.0	0.0
ATCG00150	101	10.690000	74.631546	96.446091
AT1G07720	67	2.550524	20.237087	26.152319
AT5G06585	0	0.0	0.0	0.0
AT1G51538	0	0.0	0.0	0.0
AT1G64180	0	0.000000	0.000000	0.000000
AT5G65160	0	0.000000	0.000000	0.000000
AT2G40590	157	15.096386	105.394447	136.200882
AT5G13120	179	10.060734	75.175758	97.149376
AT1G16950	0	0.0	0.0	0.0
AT1G79160	18	1.091123	7.617605	9.844205
AT5G51960	28	2.251124	21.949459	28.365211
AT4G21460	15	0.685564	4.848565	6.265784
AT4G21510	4	0.144000	1.069919	1.382653
AT2G29150	0	0.0	0.0	0.0
AT3G62030	1521	95.346397	719.200195	929.419983
ATMG00530	1	0.073737	0.514790	0.665262
AT5G46595	0	0.0	0.0	0.0
AT2G17280	0	0.000000	0.000000	0.000000
AT1G66750	21	1.046662	7.307203	9.443074
AT2G37810	0	0.0	0.0	0.0
AT2G18150	13	0.181802	5.086897	6.573780
AT3G02645	0	0.0	0.0	0.0
AT5G60470	0	0.000000	0.000000	0.000000
AT1G69818	0	0.0	0.0	0.0
AT5G47630	41	3.738123	26.249550	33.922203
AT1G80990	0	0.0	0.0	0.0
AT1G13450	27	0.930928	7.895627	10.203491
AT5G57140	0	0.000000	0.000000	0.000000
AT3G43153	0	0.0	0.0	0.0
AT3G22120	936	43.900280	345.127838	446.007507
AT5G44250	22	1.040842	7.537081	9.740145
AT1G08887	0	0.0	0.0	0.0
AT1G02220	8	0.349760	2.555471	3.302426
AT1G54095	0	0.0	0.0	0.0
AT1G23205	25	1.862231	13.001046	16.801207
AT5G66610	0	0.000000	0.000000	0.000000
AT5G38740	0	0.0	0.0	0.0
AT3G44350	0	0.0	0.0	0.0
AT1G06087	1	0.593496	4.143454	5.354572
AT3G57530	33	1.046707	7.545473	9.750989
AT3G03105	2	0.394214	2.752180	3.556633
AT1G62490	0	0.0	0.0	0.0
AT1G68630	0	0.000000	0.000000	0.000000
AT2G36350	9	0.192150	1.341483	1.733594
AT4G38740	258	16.682848	116.470230	150.514084
AT2G47340	0	0.0	0.0	0.0
AT5G51000	0	0.0	0.0	0.0
AT1G69500	0	0.0	0.0	0.0
AT2G32905	0	0.000000	0.000000	0.000000
AT1G78380	1115	79.638390	555.990295	718.504395
AT2G10955	0	0.0	0.0	0.0
AT2G04215	0	0.0	0.0	0.0
AT2G09350	0	0.000000	0.000000	0.000000
AT1G60470	0	0.000000	0.000000	0.000000
AT3G01475	0	0.000000	0.000000	0.000000
AT4G24974	0	0.0	0.0	0.0
AT5G28237	0	0.0	0.0	0.0
AT5G66750	21	0.583755	4.075448	5.266687
AT5G07720	2	0.082367	0.575040	0.743122
AT2G37030	2	0.214076	1.494558	1.931412
AT4G16950	259	3.549905	27.932760	36.097412
AT1G72940	15	0.658263	4.595621	5.938905
AT1G21510	1	0.050907	0.355404	0.459287
AT3G22450	3	0.170172	1.388126	1.793870
AT1G21460	21	1.230122	9.177398	11.859920
AT2G02760	155	6.160153	72.400047	93.562332
AT5G63715	0	0.0	0.0	0.0
AT3G16895	0	0.0	0.0	0.0
AT5G16950	6	0.654709	4.570809	5.906841
AT3G62810	32	2.052849	21.347910	27.587831
AT1G13120	25	0.749623	5.400427	6.978953
AT2G25905	0	0.0	0.0	0.0
AT1G51960	0	0.000000	0.000000	0.000000
AT3G53790	0	0.0	0.0	0.0
AT3G52950	17	0.540033	4.026815	5.203840
AT3G29095	0	0.000000	0.000000	0.000000
AT1G31190	75	3.241175	30.973804	40.027340
AT5G64180	34	2.342402	17.359459	22.433569
AT1G08547	0	0.000000	0.000000	0.000000
AT1G65160	0	0.0	0.0	0.0
AT2G36307	6	0.586402	4.093928	5.290569
AT5G28000	0	0.0	0.0	0.0
AT5G44030	14	0.296769	2.151169	2.779948
AT3G17950	9	0.490298	3.552908	4.591411
AT2G09490	0	0.000000	0.000000	0.000000
AT1G13600	13	1.081568	7.550898	9.757999
AT4G03240	0	0.000000	0.000000	0.000000
AT2G20805	0	0.0	0.0	0.0
AT4G17895	24	0.726961	5.075232	6.558704
AT4G22290	80	3.290966	23.270235	30.072046
AT4G28000	0	0.0	0.0	0.0
AT2G02500	55	1.911141	18.527161	23.942585
AT5G03240	393	16.739431	170.738907	220.645294
AT3G14460	3	0.036987	0.258222	0.333700
AT3G14510	0	0.0	0.0	0.0
AT3G06720	88	2.948414	20.848627	26.942608
AT1G49990	0	0.000000	0.000000	0.000000
AT5G22290	15	0.691578	5.285945	6.831009
AT1G76420	0	0.000000	0.000000	0.000000
AT2G21070	5	0.160584	1.199313	1.549868
AT4G26800	0	0.000000	0.000000	0.000000
AT4G33480	81	1.437545	15.961843	20.627438
AT3G03340	31	1.226694	9.487191	12.260265
AT5G19000	64	2.557476	19.134329	24.727226
AT3G48610	102	4.107251	28.674511	37.055973
AT4G32475	0	0.0	0.0	0.0
AT1G60913	0	0.0	0.0	0.0
AT5G26800	74	6.608989	54.340992	70.224686
AT3G58193	0	0.000000	0.000000	0.000000
AT1G44810	60	3.438495	24.005632	31.022396
AT1G09980	45	0.990155	6.995349	9.040066
AT1G10385	0	0.0	0.0	0.0
AT1G23530	3	0.194030	1.354608	1.750555
AT4G19000	0	0.000000	0.000000	0.000000
AT1G69760	58	2.906566	20.292004	26.223288
AT2G22496	0	0.0	0.0	0.0
AT5G30495	19	1.328454	9.870542	12.755668
AT3G04480	62	1.762042	12.642409	16.337742
AT4G34340	7	0.350305	2.625669	3.393143
AT4G35290	12	0.252134	1.774904	2.293703
AT1G28960	9	0.434466	3.530163	4.562017
AT1G13390	66	2.662278	19.188915	24.797770
AT1G16705	0	0.000000	0.000000	0.000000
AT5G42010	5	0.111790	0.862661	1.114814
AT1G04277	8	4.446808	31.045105	40.119480
AT1G36980	118	9.489383	72.800865	94.080307
AT1G74780	14	0.522835	3.650139	4.717062
AT1G31320	12	0.734830	5.130168	6.629699
AT1G58460	0	0.000000	0.000000	0.000000
AT5G61260	1	0.036962	0.341811	0.441721
AT1G53800	69	2.496370	17.507681	22.625116
AT3G48750	120	6.370247	44.473469	57.472912
AT3G03625	0	0.0	0.0	0.0
AT3G20370	0	0.000000	0.000000	0.000000
AT5G45440	0	0.0	0.0	0.0
AT2G31335	0	0.0	0.0	0.0
AT5G20165	57	4.813756	36.295483	46.904533
AT3G12530	6	0.321350	2.243484	2.899247
AT5G56530	42	1.655328	11.614666	15.009593
AT3G44490	0	0.000000	0.000000	0.000000
AT3G22600	17	0.940594	6.566697	8.486119
AT5G20270	40	2.120189	14.801963	19.128527
AT2G38180	18	0.872247	6.538017	8.449057
AT1G19960	358	31.045603	216.742889	280.096069
AT4G12140	0	0.0	0.0	0.0
AT1G76150	91	4.769077	34.180885	44.171841
AT5G36739	0	0.0	0.0	0.0
AT2G29263	0	0.0	0.0	0.0
AT5G66567	0	0.0	0.0	0.0
AT3G61360	21	0.909140	6.347102	8.202339
AT2G26160	0	0.0	0.0	0.0
AT1G62350	0	0.0	0.0	0.0
AT2G36490	34	0.560804	3.915217	5.059622
AT3G08975	0	0.000000	0.000000	0.000000
AT5G25475	0	0.000000	0.000000	0.000000
AT4G20270	29	0.663740	4.633858	5.988319
AT5G12140	181	13.902604	97.060135	125.430481
AT2G37250	158	7.126090	49.750340	64.292191
AT3G56140	56	1.382774	11.084055	14.323887
AT2G46240	14	0.274510	1.952296	2.522945
AT1G50520	0	0.0	0.0	0.0
AT2G09675	0	0.000000	0.000000	0.000000
AT5G09955	0	0.0	0.0	0.0
AT1G05100	3	0.165548	1.155763	1.493588
AT5G10350	71	2.491600	21.842783	28.227354
AT5G53040	0	0.0	0.0	0.0
AT3G25200	0	0.0	0.0	0.0
AT2G14860	19	1.322756	9.234736	11.934018
AT3G42155	0	0.000000	0.000000	0.000000
AT1G19580	43	2.064634	15.172749	19.607689
AT1G60140	12	0.217611	1.695770	2.191437
AT4G09955	0	0.000000	0.000000	0.000000
AT3G01145	1	0.090431	0.631338	0.815876
AT4G10350	0	0.0	0.0	0.0
AT1G54575	2	0.162971	1.571626	2.031007
AT1G21245	0	0.0	0.0	0.0
AT3G09890	21	1.366312	10.278399	13.282739
AT1G59640	0	0.000000	0.000000	0.000000
AT2G27710	1558	63.399986	1337.515137	1728.466187
AT4G01535	0	0.000000	0.000000	0.000000
AT5G49770	0	0.000000	0.000000	0.000000
AT1G19394	1	0.029925	0.208919	0.269986
AT4G25300	11	0.563331	4.084342	5.278182
AT4G32690	13	0.876963	6.122461	7.912035
AT4G38430	75	2.822306	19.703747	25.463085
AT3G07005	0	0.000000	0.000000	0.000000
AT3G07550	3	0.118187	0.846583	1.094036
AT5G25300	0	0.0	0.0	0.0
AT5G01535	0	0.000000	0.000000	0.000000
AT2G33770	92	1.712213	12.234233	15.810258
AT3G10250	13	0.505911	4.404134	5.691447
AT5G38430	6370	269.021454	1878.155884	2427.134521
AT2G12900	0	0.0	0.0	0.0
AT2G04540	29	1.158964	8.367454	10.813231
AT3G04910	150	3.317310	29.328785	37.901493
AT1G05427	1	0.016167	0.112869	0.145860
AT1G28580	67	2.807364	21.465542	27.739845
AT3G49880	0	0.000000	0.000000	0.000000
AT2G32785	0	0.0	0.0	0.0
AT1G09560	137	8.895680	62.104622	80.257584
AT1G09410	2	0.035402	0.247157	0.319400
AT1G05933	0	0.000000	0.000000	0.000000
AT2G30950	732	21.985338	171.691208	221.875961
AT4G14100	13	1.253735	8.752870	11.311304
AT3G32200	0	0.0	0.0	0.0
AT4G27970	0	0.000000	0.000000	0.000000
AT3G24640	0	0.0	0.0	0.0
AT5G63370	90	2.067611	14.472523	18.702791
AT4G33910	45	2.302953	16.971128	21.931734
AT4G30670	8	0.747141	5.216117	6.740770
AT5G14100	0	0.000000	0.000000	0.000000
AT2G27650	0	0.0	0.0	0.0
AT5G27970	40	0.562255	3.987943	5.153605
AT3G49540	0	0.0	0.0	0.0
AT1G77660	14	0.545319	3.954823	5.110804
AT2G04880	23	0.810613	6.008307	7.764515
AT1G28840	0	0.000000	0.000000	0.000000
AT4G25690	25	0.894991	8.551163	11.050638
AT1G71310	20	0.773810	10.869300	14.046359
AT2G33130	0	0.0	0.0	0.0
AT4G11521	11	0.620875	4.334599	5.601587
AT4G32300	39	0.984950	6.876365	8.886303
AT3G62285	0	0.0	0.0	0.0
AT3G63270	11	0.487236	3.401607	4.395885
AT4G01037	119	4.806566	33.556736	43.365250
AT1G19840	0	0.0	0.0	0.0
AT3G02930	17	0.397122	2.853739	3.687877
AT3G29575	0	0.000000	0.000000	0.000000
AT1G17020	0	0.000000	0.000000	0.000000
AT5G49130	0	0.0	0.0	0.0
AT2G44890	0	0.000000	0.000000	0.000000
AT1G04295	0	0.000000	0.000000	0.000000
AT1G75080	37	1.515073	13.020399	16.826216
AT4G31930	0	0.000000	0.000000	0.000000
AT2G08270	0	0.0	0.0	0.0
AT1G51580	0	0.000000	0.000000	0.000000
AT1G09617	0	0.000000	0.000000	0.000000
AT4G37890	1	0.030442	0.216962	0.280379
AT3G01300	15	0.538891	3.762233	4.861921
ATMG01360	16	0.780934	5.452040	7.045653
AT5G48520	29	0.967660	6.764285	8.741463
AT5G45170	93	4.581165	33.916378	43.830021
AT5G37890	19	0.802516	5.602714	7.240368
AT3G20655	0	0.0	0.0	0.0
AT1G09973	0	0.0	0.0	0.0
AT5G14620	20	0.543171	4.597387	5.941188
AT3G10030	28	0.898160	6.747900	8.720287
AT2G21590	14	0.325273	3.859910	4.988149
AT4G12470	156	14.359539	100.250198	129.552994
AT5G61445	0	0.0	0.0	0.0
AT5G01200	0	0.000000	0.000000	0.000000
AT1G58245	0	0.0	0.0	0.0
AT3G15605	0	0.000000	0.000000	0.000000
AT5G39550	16	0.548030	3.826036	4.944374
AT1G63680	53	1.340070	9.803974	12.669642
AT2G08165	0	0.0	0.0	0.0
AT4G14620	18	0.842478	6.165424	7.967557
AT2G43550	1	0.035087	0.244958	0.316558
AT2G22807	0	0.0	0.0	0.0
AT2G35850	1	0.033764	0.235721	0.304622
AT5G40510	0	0.000000	0.000000	0.000000
AT5G40460	12	0.732950	5.117043	6.612738
AT5G12470	183	8.830807	61.651711	79.672295
AT4G01200	1	0.065412	0.456670	0.590153
AT1G11640	0	0.0	0.0	0.0
AT1G30380	2358	245.234070	1712.085938	2212.522705
AT3G56470	0	0.000000	0.000000	0.000000
AT1G09700	24	1.050383	7.333181	9.476645
AT2G31110	22	1.065574	8.009927	10.351201
AT1G73330	4	0.263063	1.836558	2.373377
AT4G39550	0	0.0	0.0	0.0
AT4G14345	0	0.0	0.0	0.0
AT5G10490	54	1.658975	12.107624	15.646642
AT5G45730	3	0.105288	0.735061	0.949917
AT1G74900	0	0.000000	0.000000	0.000000
AT4G06005	0	0.0	0.0	0.0
AT5G14345	0	0.0	0.0	0.0
AT3G01690	132	5.084901	39.543961	51.102528
AT4G10490	0	0.0	0.0	0.0
AT2G27400	42	3.549462	24.780340	32.023548
AT5G06550	26	1.176505	8.213694	10.614529
AT5G06005	0	0.0	0.0	0.0
AT5G67520	0	0.0	0.0	0.0
AT2G05635	0	0.0	0.0	0.0
AT5G08805	0	0.000000	0.000000	0.000000
AT1G51840	0	0.0	0.0	0.0
AT3G15395	31	3.169291	22.155279	28.631191
AT5G03515	0	0.000000	0.000000	0.000000
AT5G03465	0	0.000000	0.000000	0.000000
AT1G05620	36	1.632420	12.823962	16.572363
AT5G54820	0	0.0	0.0	0.0
AT1G09757	1	0.208571	1.456125	1.881745
AT4G08805	0	0.000000	0.000000	0.000000
AT1G72860	0	0.000000	0.000000	0.000000
AT2G22850	10	0.438283	3.884450	5.019861
AT5G25757	125	4.758234	33.219307	42.929195
AT2G13650	24	0.884382	7.151071	9.241303
AT1G65210	0	0.0	0.0	0.0
AT5G13970	22	1.196319	8.352024	10.793292
AT2G04270	0	0.000000	0.000000	0.000000
AT3G51325	5	0.257163	1.795367	2.320146
AT5G10610	10	0.430967	3.008769	3.888221
AT2G11891	0	0.0	0.0	0.0
AT3G45050	163	8.746956	101.874733	131.652374
AT1G71710	56	1.602695	12.500121	16.153864
AT4G13970	31	0.771846	5.433484	7.021673
AT5G44520	86	1.291533	9.213073	11.906022
AT4G32700	13	0.133020	0.928671	1.200118
AT4G29620	0	0.0	0.0	0.0
AT3G01410	24	1.355319	9.462072	12.227804
AT1G02550	0	0.0	0.0	0.0
AT3G01560	28	0.900332	7.139510	9.226363
AT4G10610	63	2.602711	19.107086	24.692022
AT1G59725	0	0.0	0.0	0.0
AT5G18620	72	1.484661	10.522399	13.598061
AT1G48285	0	0.0	0.0	0.0
AT5G63770	20	0.362544	2.607873	3.370146
AT1G23020	50	1.415081	10.078331	13.024193
AT3G11840	0	0.000000	0.000000	0.000000
AT4G18620	0	0.0	0.0	0.0
AT1G80680	55	1.041499	7.635079	9.866787
AT3G27416	0	0.0	0.0	0.0
AT3G30525	0	0.0	0.0	0.0
AT1G01890	0	0.0	0.0	0.0
AT1G09497	0	0.000000	0.000000	0.000000
AT3G12020	47	0.679489	5.989828	7.740633
AT5G56020	81	1.951690	13.859511	17.910599
AT1G07930	0	0.000000	0.000000	0.000000
AT2G33370	295	18.025993	145.029327	187.420929
AT1G78900	556	16.155636	123.132675	159.123947
AT3G11580	1	0.025841	0.502608	0.649518
AT2G27310	12	0.607257	4.239526	5.478724
AT2G07925	0	0.000000	0.000000	0.000000
AT4G25700	51	2.192915	15.934938	20.592667
AT2G47430	0	0.0	0.0	0.0
AT3G63540	185	12.660361	88.387497	114.222862
AT5G02965	0	0.0	0.0	0.0
AT5G50810	131	14.311385	104.327705	134.822327
AT5G60950	56	1.404821	10.384851	13.420307
AT1G41880	531	32.822754	402.916412	520.687500
AT3G05820	0	0.0	0.0	0.0
AT4G10750	14	0.843852	5.891298	7.613305
AT1G50030	50	0.483415	3.374931	4.361412
AT2G21660	3313	196.486664	2138.391113	2763.435547
AT3G49270	0	0.0	0.0	0.0
AT5G66675	28	0.988320	7.217653	9.327349
AT5G58820	0	0.0	0.0	0.0
AT5G10750	14	0.733244	5.119096	6.615390
AT4G04805	0	0.0	0.0	0.0
AT4G30993	1	0.022451	0.169544	0.219101
AT5G63130	4	0.174224	1.216334	1.571864
AT3G51640	29	0.672014	4.715443	6.093751
AT1G16470	84	4.127871	40.760799	52.675041
AT5G43080	0	0.000000	0.000000	0.000000
AT1G09357	0	0.000000	0.000000	0.000000
AT1G09690	629	51.902893	362.356720	468.272339
AT3G45230	13	1.280247	8.937962	11.550498
AT2G18860	34	1.525952	11.087483	14.328317
AT5G18933	0	0.0	0.0	0.0
AT1G73170	35	1.086227	8.406710	10.863962
AT1G77590	63	1.777539	12.889203	16.656673
AT1G45201	304	5.836626	74.159454	95.836014
AT2G26210	52	2.592056	20.677729	26.721758
AT2G39080	131	7.559885	52.778851	68.205933
AT5G03090	0	0.0	0.0	0.0
AT2G29860	0	0.0	0.0	0.0
AT1G79850	344	38.743076	270.482300	349.543335
AT5G61110	0	0.0	0.0	0.0
AT4G34430	25	0.541325	3.977240	5.139774
AT5G65850	0	0.000000	0.000000	0.000000
AT1G49680	0	0.0	0.0	0.0
AT5G55910	84	2.784346	19.438734	25.120607
AT4G25410	0	0.000000	0.000000	0.000000
AT4G25560	0	0.000000	0.000000	0.000000
AT5G22040	18	0.680039	5.164552	6.674133
AT4G03090	14	0.303312	2.269120	2.932376
AT3G57020	16	0.606311	4.643137	6.000309
AT3G59840	41	4.472954	31.227640	40.355373
AT5G45330	14	0.460702	3.355229	4.335951
AT2G16060	12	0.960566	6.706130	8.666308
ATCG00860	112	1.298039	9.062175	11.711019
AT1G24580	5	0.416290	2.906302	3.755804
AT2G08540	0	0.0	0.0	0.0
AT3G08910	9	0.418564	3.250445	4.200539
AT5G25410	0	0.0	0.0	0.0
AT5G25560	112	2.984641	21.904898	28.307623
AT4G18100	1005	97.835564	683.032715	882.680786
AT3G03430	0	0.0	0.0	0.0
AT4G00085	0	0.0	0.0	0.0
AT2G46090	43	2.398438	16.744539	21.638912
AT3G28640	0	0.0	0.0	0.0
AT1G09300	0	0.000000	0.000000	0.000000
AT1G30780	0	0.0	0.0	0.0
AT1G73730	30	0.936179	7.014311	9.064570
AT3G59580	4	0.085873	0.602170	0.778182
AT4G21820	16	0.292413	2.073710	2.679848
AT5G18100	39	2.398984	22.946207	29.653303
AT1G58936	0	0.0	0.0	0.0
AT2G08880	0	0.0	0.0	0.0
AT4G32410	379	7.182895	50.146919	64.804695
AT4G32560	21	1.030171	9.873139	12.759025
AT3G48675	0	0.0	0.0	0.0
AT3G01700	0	0.0	0.0	0.0
AT3G19640	36	0.908540	6.540935	8.452828
AT4G29100	32	0.976357	9.573350	12.371607
AT1G71400	7	0.172844	1.206699	1.559413
AT4G35040	51	1.698653	11.859036	15.325393
AT1G07623	0	0.0	0.0	0.0
AT2G37520	44	1.024311	7.151161	9.241421
AT1G50250	392	12.185742	85.073975	109.940804
AT5G24000	24	0.865753	6.385340	8.251753
AT5G48030	55	2.122883	14.820772	19.152832
AT3G53390	20	0.643577	4.513938	5.833347
AT5G57565	17	0.891819	6.498600	8.398118
AT3G56705	1	0.105989	0.739955	0.956242
AT2G33655	0	0.0	0.0	0.0
AT5G07320	23	0.844032	5.932049	7.665967
AT3G13800	23	0.868720	6.427410	8.306120
AT4G24000	0	0.0	0.0	0.0
AT3G18460	0	0.0	0.0	0.0
AT3G18510	4	0.371356	2.592598	3.350406
AT2G18940	34	0.955660	6.671879	8.622046
AT4G32980	86	2.661240	19.734270	25.502531
AT1G52530	0	0.000000	0.000000	0.000000
AT2G02360	34	1.908894	13.365477	17.272160
AT1G27120	20	0.573832	4.160133	5.376125
AT3G63215	0	0.000000	0.000000	0.000000
ATCG00940	1	0.493243	3.443544	4.450080
AT5G66350	6	0.168328	1.258662	1.626565
AT4G21326	0	0.000000	0.000000	0.000000
AT3G44610	17	0.750999	5.243051	6.775577
AT3G59960	0	0.0	0.0	0.0
AT3G07220	17	1.079094	7.832480	10.121887
AT1G06463	46	18.729765	130.760651	168.981537
AT2G09750	0	0.0	0.0	0.0
AT1G06513	0	0.0	0.0	0.0
AT5G46830	2	0.080176	0.559744	0.723355
AT2G36610	0	0.000000	0.000000	0.000000
AT4G15248	4	0.459502	3.207984	4.145666
AT5G21326	126	5.293559	36.956642	47.758942
AT2G29940	10	0.167154	1.166975	1.508078
AT3G10520	268	19.866293	150.266983	194.189514
AT5G53290	16	0.791454	5.525486	7.140566
AT3G53600	0	0.0	0.0	0.0
AT2G36750	2	0.086442	0.603489	0.779887
AT1G67810	3	0.178339	1.245062	1.608990
AT4G38340	0	0.000000	0.000000	0.000000
AT3G08480	0	0.000000	0.000000	0.000000
AT5G25980	1015	41.181217	288.088989	372.296387
AT2G47740	0	0.0	0.0	0.0
AT1G08277	0	0.0	0.0	0.0
AT2G09610	0	0.000000	0.000000	0.000000
AT1G78780	0	0.000000	0.000000	0.000000
AT1G54460	43	1.709372	12.282887	15.873133
AT1G54510	8	0.175000	1.591118	2.056196
AT5G55480	99	2.767738	19.322786	24.970768
AT3G06190	25	0.755445	5.868322	7.583613
AT4G25980	0	0.000000	0.000000	0.000000
AT1G27450	344	17.484423	147.814026	191.019562
AT3G44750	181	10.107195	85.366692	110.319084
AT5G38340	0	0.000000	0.000000	0.000000
AT1G26290	0	0.000000	0.000000	0.000000
AT3G13857	0	0.000000	0.000000	0.000000
AT3G01328	0	0.0	0.0	0.0
AT2G03830	0	0.0	0.0	0.0
AT3G61500	0	0.0	0.0	0.0
AT3G48490	13	1.571649	10.972365	14.179552
AT3G42630	26	1.280780	8.941683	11.555306
AT2G34180	2	0.085947	0.600033	0.775421
AT2G27775	32	2.419825	21.949209	28.364887
AT4G07645	0	0.0	0.0	0.0
AT1G18193	0	0.0	0.0	0.0
AT3G04975	2	0.251760	1.757646	2.271400
AT1G22800	18	0.702840	5.063461	6.543493
AT3G46180	17	0.566094	5.007351	6.470983
AT5G67030	295	9.030326	63.360836	81.880989
AT2G01810	0	0.0	0.0	0.0
AT5G47180	11	0.439159	3.492708	4.513614
AT4G22217	0	0.0	0.0	0.0
AT1G27390	120	7.333843	53.065544	68.576424
AT3G06645	0	0.0	0.0	0.0
AT5G48250	31	1.077644	7.994386	10.331118
AT2G40116	0	0.0	0.0	0.0
AT1G04887	0	0.000000	0.000000	0.000000
AT1G63990	0	0.000000	0.000000	0.000000
AT1G62750	855	25.641619	179.015320	231.340866
AT4G30060	18	0.571721	4.398870	5.684645
AT3G61760	2	0.060556	0.444717	0.574707
AT4G20880	30	1.142371	7.975390	10.306569
AT5G03570	0	0.0	0.0	0.0
AT3G48350	0	0.000000	0.000000	0.000000
AT5G07190	0	0.0	0.0	0.0
AT3G20770	204	6.649101	46.420269	59.988758
AT1G64630	31	0.864849	10.823361	13.986993
AT5G39220	11	0.560279	3.911552	5.054885
AT1G69360	21	0.423860	3.051132	3.942967
AT4G03570	0	0.0	0.0	0.0
AT2G43220	0	0.000000	0.000000	0.000000
AT3G53120	28	1.822998	12.727143	16.447245
AT4G34740	100	3.589140	25.057350	32.381527
AT4G07190	0	0.000000	0.000000	0.000000
AT3G11960	19	0.306867	2.203725	2.847866
AT2G28085	0	0.0	0.0	0.0
AT1G13790	9	0.207270	1.522798	1.967906
AT1G12950	0	0.0	0.0	0.0
AT4G39220	48	3.058960	21.355932	27.598198
AT1G31720	0	0.0	0.0	0.0
AT1G74380	66	2.653748	18.526972	23.942341
AT3G53450	0	0.0	0.0	0.0
AT4G20540	0	0.0	0.0	0.0
AT3G47830	8	0.557171	3.889853	5.026845
AT2G08215	0	0.0	0.0	0.0
AT1G43760	0	0.0	0.0	0.0
AT1G30900	21	0.654460	4.569071	5.904594
AT2G46570	0	0.000000	0.000000	0.000000
AT2G09065	0	0.0	0.0	0.0
AT2G31260	0	0.000000	0.000000	0.000000
AT5G20540	6	0.263409	1.841165	2.379331
AT1G73440	11	0.550616	3.844090	4.967705
AT3G23950	0	0.0	0.0	0.0
AT3G22790	15	0.207818	1.476204	1.907693
AT1G27600	24	0.753468	7.022068	9.074594
AT5G45115	4	0.364764	2.546576	3.290932
AT4G23895	21	0.625000	7.673421	9.916337
AT5G06220	36	0.868335	6.312167	8.157192
AT3G03740	46	1.043566	7.285589	9.415142
AT5G67250	30	0.860611	6.008300	7.764506
AT3G06320	58	9.106151	63.574005	82.156471
AT1G60985	0	0.0	0.0	0.0
AT1G62610	17	0.782856	6.418781	8.294969
AT3G01980	30	0.843109	9.931700	12.834702
AT5G66490	27	3.738977	26.103428	33.733372
AT3G06962	0	0.0	0.0	0.0
AT1G17530	12	0.671099	5.487869	7.091955
AT3G20130	0	0.000000	0.000000	0.000000
AT2G05420	0	0.0	0.0	0.0
AT2G17525	0	0.000000	0.000000	0.000000
AT1G04547	0	0.0	0.0	0.0
AT1G08163	0	0.0	0.0	0.0
AT4G09655	0	0.0	0.0	0.0
AT2G38720	0	0.000000	0.000000	0.000000
AT5G08030	8	0.428571	3.112268	4.021974
AT1G06010	25	2.181918	15.232920	19.685452
AT1G49475	0	0.000000	0.000000	0.000000
AT1G18440	42	2.326010	18.041790	23.315342
AT3G55030	45	2.571855	17.955240	23.203495
AT3G61825	0	0.0	0.0	0.0
AT4G07524	0	0.0	0.0	0.0
AT2G22530	8	0.178844	1.254732	1.621485
AT2G09975	0	0.000000	0.000000	0.000000
AT5G47320	78	5.266667	36.768898	47.516319
AT5G09655	0	0.0	0.0	0.0
AT5G53280	19	1.090841	7.615637	9.841660
AT2G42360	7	0.408032	2.848649	3.681300
AT4G06830	0	0.000000	0.000000	0.000000
AT1G29440	21	2.782392	19.425091	25.102978
AT5G16375	0	0.0	0.0	0.0
AT3G29636	0	0.0	0.0	0.0
AT5G52160	0	0.0	0.0	0.0
AT3G16160	0	0.0	0.0	0.0
AT3G53380	12	0.355154	2.479485	3.204230
AT3G04610	50	1.452604	12.051340	15.573906
AT2G30710	33	1.370213	9.566054	12.362179
AT3G47220	0	0.0	0.0	0.0
AT1G74120	6	0.205188	1.432507	1.851224
AT5G06830	23	0.871673	6.085529	7.864308
AT1G59940	0	0.0	0.0	0.0
AT4G32990	0	0.000000	0.000000	0.000000
AT1G08810	29	1.719818	16.592813	21.442835
AT1G03055	0	0.000000	0.000000	0.000000
AT5G60310	0	0.000000	0.000000	0.000000
AT4G30970	0	0.000000	0.000000	0.000000
AT3G48480	0	0.0	0.0	0.0
AT2G34190	15	0.520536	3.634089	4.696321
AT5G39830	88	3.944944	29.059652	37.553692
AT4G33610	3	0.259740	1.813358	2.343396
AT1G43825	0	0.0	0.0	0.0
AT3G54440	47	0.973382	6.870913	8.879257
AT1G77960	0	0.000000	0.000000	0.000000
AT2G27950	51	0.881735	6.379315	8.243967
AT5G27670	252	21.289640	148.632248	192.076950
AT2G30650	0	0.0	0.0	0.0
AT3G04750	9	0.261649	1.826686	2.360620
AT4G39830	0	0.000000	0.000000	0.000000
AT3G46190	0	0.0	0.0	0.0
AT1G05633	0	0.0	0.0	0.0
AT2G35530	22	0.749293	5.408385	6.989238
AT1G74450	18	0.746718	5.213164	6.736954
AT2G24510	0	0.0	0.0	0.0
AT4G27670	0	0.0	0.0	0.0
AT2G24460	0	0.0	0.0	0.0
AT3G02630	93	4.423100	30.879587	39.905586
AT3G08490	0	0.0	0.0	0.0
AT1G57775	0	0.0	0.0	0.0
AT5G25990	10	0.732268	7.117378	9.197763
AT3G13525	1	0.186047	1.298875	1.678532
AT3G11070	45	1.627318	12.088167	15.621497
AT1G78790	18	1.087333	9.285910	12.000150
AT5G09715	0	0.0	0.0	0.0
AT4G25990	36	1.028098	7.177600	9.275588
AT5G55490	6	0.158405	1.414893	1.828461
AT3G06180	11	0.543742	4.197169	5.423987
AT3G25855	6	0.670750	5.200458	6.720533
AT4G09715	0	0.000000	0.000000	0.000000
AT3G60210	74	5.829512	40.698364	52.594357
AT5G02595	0	0.000000	0.000000	0.000000
AT2G41810	0	0.0	0.0	0.0
AT5G07180	18	0.381868	2.690380	3.476769
AT4G09405	0	0.0	0.0	0.0
AT1G61740	153	5.797432	40.474396	52.304928
AT4G20890	133	4.852982	33.880783	43.784019
AT2G17800	80	4.340192	30.300770	39.157585
AT4G03156	0	0.0	0.0	0.0
AT3G55250	148	8.242658	57.545586	74.365959
AT2G45150	11	0.425177	3.238492	4.185093
AT4G08250	0	0.0	0.0	0.0
AT4G07180	0	0.0	0.0	0.0
AT1G13780	7	0.249879	1.954041	2.525201
AT3G49796	0	0.000000	0.000000	0.000000
AT1G12775	1	0.035017	0.244469	0.315926
AT5G20890	235	8.360179	59.393677	76.754250
AT5G09405	1	0.012196	0.085146	0.110033
AT1G09917	0	0.000000	0.000000	0.000000
AT1G74390	19	0.728450	5.253146	6.788623
AT1G24070	17	0.484681	3.696216	4.776608
AT1G75240	22	1.026932	7.169460	9.265068
AT5G08250	0	0.0	0.0	0.0
AT4G31630	0	0.0	0.0	0.0
AT5G64720	0	0.0	0.0	0.0
AT3G08350	0	0.000000	0.000000	0.000000
AT5G47190	527	41.783943	291.711914	376.978302
AT4G14920	23	0.407959	3.039368	3.927765
AT5G35870	0	0.0	0.0	0.0
AT5G43570	0	0.0	0.0	0.0
AT5G41025	0	0.000000	0.000000	0.000000
AT5G09876	0	0.0	0.0	0.0
AT3G04065	0	0.000000	0.000000	0.000000
AT1G11940	8	0.326988	2.282846	2.950114
AT1G27380	2	0.130125	0.908459	1.173999
AT1G09673	0	0.000000	0.000000	0.000000
AT5G55350	0	0.0	0.0	0.0
AT4G35870	49	1.354355	9.455342	12.219107
AT5G14920	240	8.992937	70.362480	90.929192
AT2G03220	22	0.892932	6.233947	8.056108
AT1G04897	0	0.000000	0.000000	0.000000
AT2G39570	54	2.308152	16.114216	20.824345
AT1G63980	126	6.379991	44.541496	57.560825
AT3G26670	38	1.299697	9.416308	12.168664
AT1G62975	9	0.387398	3.726425	4.815646
AT4G17160	0	0.000000	0.000000	0.000000
AT1G60995	56	1.086603	10.165481	13.136815
AT4G05115	0	0.0	0.0	0.0
AT1G03760	0	0.000000	0.000000	0.000000
AT3G01990	11	0.286919	2.297744	2.969367
AT3G07830	0	0.0	0.0	0.0
AT5G66480	11	0.473193	3.303566	4.269188
AT2G06570	0	0.0	0.0	0.0
AT2G30400	1	0.053558	0.373912	0.483205
AT5G17160	38	1.429862	9.982490	12.900337
AT1G74600	7	0.161056	1.124402	1.453061
AT5G01855	0	0.000000	0.000000	0.000000
AT3G43740	65	4.627823	35.168037	45.447536
AT5G46220	8	0.349792	2.442050	3.155853
AT3G46320	79	9.797361	68.399651	88.392632
AT1G05920	0	0.0	0.0	0.0
AT5G22870	1	0.093951	0.655913	0.847634
AT3G22780	80	2.384115	16.644545	21.509689
AT3G59070	0	0.000000	0.000000	0.000000
AT2G34320	0	0.0	0.0	0.0
AT2G45420	0	0.0	0.0	0.0
AT4G22870	0	0.000000	0.000000	0.000000
AT4G23885	25	2.103268	19.927063	25.751675
AT5G58050	0	0.000000	0.000000	0.000000
AT1G01540	65	2.241126	18.942814	24.479733
AT3G54170	43	2.303486	17.248857	22.290642
ATMG00210	1	0.130824	0.913339	1.180305
AT5G54365	0	0.0	0.0	0.0
AT4G16710	17	1.093023	7.630870	9.861347
AT2G44270	21	1.178295	8.226192	10.630678
AT1G18730	386	18.834124	255.219772	329.819672
AT3G05505	0	0.0	0.0	0.0
AT3G17400	0	0.0	0.0	0.0
AT3G21330	3	0.120176	0.839001	1.084238
AT1G80690	11	0.518584	4.552433	5.883094
AT3G05050	41	1.083502	7.882899	10.187044
AT1G42550	95	2.447984	17.090443	22.085920
AT3G52710	31	1.685495	11.767176	15.206680
AT5G04520	4	0.226904	1.584116	2.047147
AT5G16710	326	23.920956	167.002609	215.816910
AT5G36370	0	0.0	0.0	0.0
AT1G20803	0	0.0	0.0	0.0
AT5G56850	72	2.380953	19.111792	24.698103
AT5G66910	20	0.530000	3.700161	4.781705
AT3G12850	0	0.0	0.0	0.0
AT4G36370	0	0.000000	0.000000	0.000000
AT1G11860	965	35.928738	300.791290	388.711578
AT3G26147	0	0.0	0.0	0.0
AT1G53035	18	1.377470	9.616719	12.427652
AT1G06247	1	0.029125	0.203334	0.262768
AT1G68930	0	0.000000	0.000000	0.000000
AT1G29730	7	0.107466	1.117993	1.444779
AT3G49744	0	0.0	0.0	0.0
AT4G21230	0	0.000000	0.000000	0.000000
AT4G13615	304	21.694990	205.988831	266.198639
AT1G63410	0	0.0	0.0	0.0
AT2G26692	0	0.000000	0.000000	0.000000
AT5G55856	0	0.0	0.0	0.0
AT1G15520	0	0.000000	0.000000	0.000000
AT1G18170	55	3.724315	26.001064	33.601089
AT5G09370	0	0.0	0.0	0.0
AT5G04853	0	0.0	0.0	0.0
AT3G54730	1	0.016712	0.122748	0.158626
AT1G80300	120	3.656721	25.529163	32.991249
AT1G23850	4	0.193122	1.348269	1.742363
AT5G42965	0	0.000000	0.000000	0.000000
AT1G29265	0	0.0	0.0	0.0
AT1G57310	0	0.0	0.0	0.0
AT2G15535	0	0.0	0.0	0.0
AT1G09487	1	0.002579	0.018005	0.023268
AT3G45820	0	0.000000	0.000000	0.000000
AT1G29170	24	0.516933	3.608935	4.663814
AT1G26815	0	0.0	0.0	0.0
AT3G33520	27	1.309053	9.254458	11.959505
AT2G25605	37	2.333333	17.732367	22.915474
AT5G16650	50	3.626825	26.180386	33.832821
AT2G16970	0	0.0	0.0	0.0
AT1G01880	0	0.0	0.0	0.0
AT1G51660	16	0.624504	4.359934	5.634328
AT2G33051	57	1.265403	10.228774	13.218609
AT2G20030	0	0.0	0.0	0.0
AT3G11590	9	0.225581	2.001333	2.586316
AT3G09270	0	0.000000	0.000000	0.000000
AT1G18265	7	0.453405	3.165418	4.090659
AT1G72640	99	3.082390	39.534760	51.090637
AT4G16650	52	1.687347	12.035556	15.553507
AT5G02075	0	0.000000	0.000000	0.000000
AT5G03080	47	2.972089	20.749449	26.814442
AT1G34110	11	0.222166	1.563702	2.020767
AT1G49690	0	0.0	0.0	0.0
AT3G05230	30	0.777098	6.130609	7.922564
AT2G37805	0	0.0	0.0	0.0
AT2G25125	0	0.0	0.0	0.0
AT1G13900	42	1.335899	9.326493	12.052595
AT4G02075	8	0.432927	3.022452	3.905904
AT3G17650	0	0.000000	0.000000	0.000000
AT1G32770	0	0.0	0.0	0.0
AT2G07637	0	0.0	0.0	0.0
AT1G56210	12	0.591925	4.224320	5.459074
AT4G03080	47	1.146591	8.004851	10.344642
AT1G24590	0	0.0	0.0	0.0
AT1G61430	20	0.387269	3.087358	3.989783
AT5G58230	39	1.915146	13.370468	17.278610
AT4G05330	30	1.483344	11.290873	14.591157
AT5G43090	0	0.0	0.0	0.0
AT3G58330	0	0.0	0.0	0.0
AT4G21050	0	0.0	0.0	0.0
AT1G12310	123	6.185902	43.186478	55.809738
AT1G77093	0	0.0	0.0	0.0
AT1G59860	3	0.241189	1.683846	2.176028
AT1G09680	1	0.035373	0.246954	0.319138
AT1G77580	21	0.454135	3.308726	4.275855
AT5G05330	7	0.348392	3.518364	4.546770
AT5G21050	0	0.0	0.0	0.0
AT2G39090	18	0.582555	4.691692	6.063058
AT1G63700	37	0.781084	5.453088	7.047007
AT3G57850	0	0.0	0.0	0.0
AT3G43430	8	0.615625	4.297946	5.554221
AT3G24860	9	0.631809	4.410934	5.700235
AT4G13060	0	0.0	0.0	0.0
AT5G27495	0	0.0	0.0	0.0
AT3G23310	28	0.837085	5.844055	7.552252
AT2G06090	0	0.0	0.0	0.0
AT3G03925	0	0.0	0.0	0.0
AT4G40085	3	0.145129	1.013209	1.309366
AT1G70175	0	0.0	0.0	0.0
AT1G49300	65	3.364113	28.182570	36.420238
AT1G32130	111	3.063830	29.419601	38.018852
AT1G28660	18	0.867495	6.332874	8.183951
AT4G26255	8	0.414220	2.908934	3.759205
AT1G77840	86	3.350706	23.392740	30.230356
AT5G37165	0	0.0	0.0	0.0
AT5G13060	12	0.389388	2.718487	3.513092
AT1G79020	11	0.311937	2.718641	3.513290
AT5G65020	48	2.315886	18.021954	23.289711
AT1G14330	25	0.872792	6.093341	7.874404
AT3G08675	0	0.000000	0.000000	0.000000
AT5G16400	146	9.810126	68.488762	88.507797
AT3G52400	15	0.813595	5.680061	7.340323
AT4G23210	13	0.387638	2.706270	3.497303
AT3G05765	0	0.0	0.0	0.0
AT3G17710	0	0.000000	0.000000	0.000000
AT2G46080	28	1.461953	10.206532	13.189865
AT5G37270	0	0.0	0.0	0.0
AT1G30790	0	0.0	0.0	0.0
AT3G59590	0	0.0	0.0	0.0
AT2G20250	16	0.472285	3.297227	4.260996
AT1G07347	0	0.0	0.0	0.0
AT1G04213	0	0.000000	0.000000	0.000000
AT3G22900	3	0.262590	1.855505	2.397863
AT5G23210	38	0.953792	10.007392	12.932519
AT1G70260	8	0.353297	2.466520	3.187476
AT4G16400	0	0.000000	0.000000	0.000000
AT2G08890	0	0.0	0.0	0.0
AT4G37270	69	1.513849	12.709264	16.424139
AT1G19660	106	4.194067	38.037605	49.155869
AT3G26355	0	0.000000	0.000000	0.000000
AT2G18640	0	0.0	0.0	0.0
AT1G45100	0	0.0	0.0	0.0
AT1G17850	0	0.000000	0.000000	0.000000
AT3G60160	26	0.364645	2.666538	3.445958
AT5G36130	0	0.0	0.0	0.0
AT3G02155	0	0.0	0.0	0.0
AT4G32680	22	1.412791	9.863310	12.746321
AT1G06577	0	0.0	0.0	0.0
AT3G49890	45	0.963890	6.893142	8.907983
AT1G28590	0	0.0	0.0	0.0
AT4G36130	299	19.356907	135.139008	174.639664
AT2G32795	4	0.428356	2.990540	3.864665
AT5G54230	0	0.0	0.0	0.0
AT5G09770	38	3.682598	25.996550	33.595249
AT1G12400	11	1.054484	7.921423	10.236828
AT1G80700	12	0.612287	6.605855	8.536724
AT3G47550	41	1.931639	14.990986	19.372799
AT1G30120	130	6.222289	43.440510	56.138023
AT2G29640	7	0.429710	3.431522	4.434545
AT2G36910	124	2.081719	14.533387	18.781446
AT2G05294	0	0.0	0.0	0.0
AT1G01270	0	0.0	0.0	0.0
AT4G09770	0	0.0	0.0	0.0
ATCG00640	337	133.930344	935.026062	1208.331055
AT3G59660	62	1.991113	14.781431	19.101992
AT3G09880	90	2.995831	20.915201	27.028643
AT2G44540	0	0.0	0.0	0.0
AT3G44910	0	0.0	0.0	0.0
AT3G21170	0	0.0	0.0	0.0
AT4G25680	31	1.298652	11.843859	15.305779
AT3G23400	284	11.790214	92.740486	119.848221
AT3G28860	151	2.786061	19.450706	25.136080
AT1G49410	140	14.354838	100.217384	129.510574
AT1G31173	9	1.801061	12.573992	16.249327
AT1G49560	29	1.326316	9.731961	12.576580
AT4G36770	0	0.000000	0.000000	0.000000
AT1G35255	0	0.0	0.0	0.0
AT1G29330	22	1.105128	9.174571	11.856265
AT3G16210	0	0.0	0.0	0.0
AT2G24681	0	0.000000	0.000000	0.000000
AT1G24660	0	0.0	0.0	0.0
AT5G52210	22	1.457686	10.607258	13.707724
AT3G53900	99	5.700073	42.677013	55.151360
AT5G36770	0	0.0	0.0	0.0
AT1G57650	0	0.000000	0.000000	0.000000
AT2G44880	1	0.024069	0.168755	0.218082
AT3G09540	20	0.879417	6.481286	8.375743
AT1G11185	4	0.549430	3.835810	4.957005
AT1G30450	35	0.666340	5.319714	6.874649
AT2G11271	0	0.000000	0.000000	0.000000
AT1G18330	47	1.840326	13.714584	17.723310
AT3G21730	0	0.0	0.0	0.0
AT3G04675	0	0.0	0.0	0.0
AT3G19860	32	1.235032	10.172601	13.146018
AT3G52310	0	0.000000	0.000000	0.000000
AT4G09130	0	0.0	0.0	0.0
AT5G16310	11	0.604778	4.222219	5.456359
AT3G26060	721	38.880020	421.766083	545.046875
AT1G08213	0	0.0	0.0	0.0
AT5G07945	0	0.0	0.0	0.0
AT2G04890	38	1.265027	8.884520	11.481434
AT4G16310	30	0.364415	2.580290	3.334500
AT5G09130	0	0.0	0.0	0.0
AT3G22886	2	1.057971	7.386157	9.545105
AT1G09063	0	0.000000	0.000000	0.000000
AT3G02425	0	0.000000	0.000000	0.000000
AT5G54050	0	0.0	0.0	0.0
AT2G06465	0	0.000000	0.000000	0.000000
AT2G06515	0	0.0	0.0	0.0
AT1G07747	0	0.0	0.0	0.0
AT5G27060	0	0.0	0.0	0.0
AT2G21580	599	59.011097	411.982178	532.403137
AT3G55520	88	5.345840	47.927299	61.936283
AT4G13495	646	48.784775	393.840607	508.958862
AT3G58170	42	3.420561	24.181753	31.249996
AT1G63690	195	2.826260	22.471928	29.040398
AT4G05170	0	0.000000	0.000000	0.000000
AT4G08520	129	9.411549	65.706116	84.911797
AT1G14730	0	0.000000	0.000000	0.000000
AT4G27060	21	0.523778	3.656723	4.725570
AT1G35537	0	0.0	0.0	0.0
AT3G17310	15	0.328451	2.511676	3.245831
AT3G05365	0	0.000000	0.000000	0.000000
AT5G05170	588	12.291481	85.812180	110.894791
AT5G08520	0	0.000000	0.000000	0.000000
AT4G00460	0	0.000000	0.000000	0.000000
AT1G12650	53	2.925156	22.107010	28.568813
AT3G11660	71	4.192735	29.271311	37.827217
AT5G17210	0	0.000000	0.000000	0.000000
AT5G05265	0	0.0	0.0	0.0
AT4G37880	25	1.152237	8.044269	10.395580
AT5G40981	0	0.000000	0.000000	0.000000
AT5G41200	0	0.0	0.0	0.0
ATMG09740	3	2.236111	15.611264	20.174385
AT1G51590	49	1.775688	12.396852	16.020409
AT1G75090	11	0.654505	4.569385	5.905000
AT1G25370	0	0.000000	0.000000	0.000000
AT2G03550	56	3.010094	21.014776	27.157326
AT4G17210	0	0.0	0.0	0.0
AT1G64930	0	0.0	0.0	0.0
AT3G23710	42	2.023839	14.932517	19.297239
AT2G36026	2	0.268116	1.871835	2.418966
AT1G49700	0	0.000000	0.000000	0.000000
AT1G27900	31	0.819939	5.946145	7.684182
AT2G35020	26	1.006886	7.029510	9.084211
AT3G23650	0	0.0	0.0	0.0
AT5G05730	60	2.099469	15.661238	20.238964
AT1G66795	0	0.0	0.0	0.0
AT1G63300	8	0.156650	1.153061	1.490097
AT4G37540	56	3.191398	22.280539	28.793066
AT1G14170	33	1.044309	9.113468	11.777304
AT4G05730	0	0.0	0.0	0.0
AT2G16485	52	0.688971	4.846673	6.263339
AT1G35035	0	0.0	0.0	0.0
AT3G58730	178	10.491864	73.248276	94.658493
AT1G57400	0	0.0	0.0	0.0
AT1G12710	18	0.833233	6.605730	8.536562
AT5G37540	0	0.0	0.0	0.0
AT5G46550	0	0.000000	0.000000	0.000000
AT1G30600	33	0.859238	5.998715	7.752119
AT1G80560	73	3.733075	26.062223	33.680122
AT1G80410	237	5.511022	41.093056	53.104420
AT5G10480	119	9.039886	64.085136	82.817001
AT1G70335	0	0.000000	0.000000	0.000000
AT1G32370	15	0.967822	6.756787	8.731772
AT2G21840	0	0.000000	0.000000	0.000000
AT2G40000	20	0.824580	5.756752	7.439431
AT1G62910	7	0.250000	1.745359	2.255521
AT4G10480	424	35.768757	249.717346	322.708893
AT3G01680	49	1.411508	10.192107	13.171226
AT3G51860	0	0.000000	0.000000	0.000000
AT2G03823	0	0.0	0.0	0.0
AT2G33793	0	0.000000	0.000000	0.000000
AT4G29920	10	0.208866	1.458185	1.884407
AT1G62480	487	47.580685	332.181488	429.277008
AT4G10910	0	0.000000	0.000000	0.000000
AT1G06097	0	0.0	0.0	0.0
AT4G13670	74	2.728004	24.253111	31.342211
AT4G09315	0	0.0	0.0	0.0
AT5G59420	105	4.672443	32.620361	42.155182
AT3G26812	1	0.354369	2.474005	3.197147
AT5G10910	54	2.754946	19.233479	24.855358
AT1G78390	0	0.0	0.0	0.0
AT1G28070	0	0.000000	0.000000	0.000000
AT5G04250	66	2.679856	18.738132	24.215223
AT2G13950	0	0.0	0.0	0.0
AT5G09315	23	1.505785	10.512541	13.585321
AT5G13670	0	0.000000	0.000000	0.000000
AT3G04350	15	0.402371	2.814035	3.636568
AT4G18920	0	0.0	0.0	0.0
AT1G80980	23	1.222669	9.019953	11.656453
AT5G52545	0	0.000000	0.000000	0.000000
AT3G08065	0	0.000000	0.000000	0.000000
AT1G26870	0	0.000000	0.000000	0.000000
AT5G60710	56	1.609414	11.236020	14.520270
AT2G07340	46	4.509877	31.641666	40.890419
AT1G19070	0	0.000000	0.000000	0.000000
AT5G18920	10	0.738693	5.157138	6.664551
AT1G08897	0	0.0	0.0	0.0
AT3G49142	0	0.0	0.0	0.0
AT2G07625	0	0.0	0.0	0.0
AT5G65530	10	0.358899	2.505630	3.238018
AT5G02665	3	2.308164	16.114298	20.824453
AT5G60650	2	0.237097	1.655277	2.139109
AT4G33350	75	4.978151	34.754642	44.913303
AT1G79530	61	2.500257	17.655499	22.816141
AT1G69825	0	0.0	0.0	0.0
AT5G53870	0	0.000000	0.000000	0.000000
AT1G15250	73	8.980505	62.696815	81.022881
AT1G07630	0	0.000000	0.000000	0.000000
AT3G53780	27	1.101818	7.704280	9.956214
AT5G64190	0	0.000000	0.000000	0.000000
AT1G78600	88	4.050691	29.292038	37.854000
AT1G10455	0	0.0	0.0	0.0
AT2G30310	0	0.0	0.0	0.0
AT1G31180	146	6.855313	47.859928	61.849220
AT5G47720	0	0.000000	0.000000	0.000000
AT3G51940	4	0.152287	1.063182	1.373946
AT2G42760	30	1.477145	10.312593	13.326928
AT1G61105	0	0.0	0.0	0.0
AT2G38320	0	0.000000	0.000000	0.000000
AT1G71950	54	5.695989	39.766182	51.389698
AT5G59150	30	1.227391	8.664066	11.196544
AT1G20200	166	6.387518	47.710091	61.655586
AT3G27027	0	0.0	0.0	0.0
AT2G21960	226	14.104465	98.469414	127.251686
ATMG00160	0	0.000000	0.000000	0.000000
AT3G22380	192	2.662795	18.625654	24.069868
AT5G23160	0	0.0	0.0	0.0
AT1G70110	0	0.0	0.0	0.0
AT2G34720	62	3.128010	23.190020	29.968382
AT1G04163	0	0.000000	0.000000	0.000000
AT4G11420	310	7.102439	49.585220	64.078812
AT5G04030	0	0.0	0.0	0.0
AT3G14981	0	0.000000	0.000000	0.000000
AT1G14440	38	1.451349	10.132500	13.094194
AT2G01045	0	0.0	0.0	0.0
AT2G39240	0	0.000000	0.000000	0.000000
AT4G33490	1	0.007318	0.062819	0.081181
AT3G46720	0	0.0	0.0	0.0
AT4G23160	0	0.000000	0.000000	0.000000
AT5G43240	0	0.0	0.0	0.0
AT5G11420	335	16.416821	114.612976	148.113968
AT4G04030	1	0.018434	0.196625	0.254098
AT2G42500	134	5.244968	46.444374	60.019901
AT1G10395	0	0.000000	0.000000	0.000000
AT1G07437	0	0.0	0.0	0.0
AT2G09480	0	0.0	0.0	0.0
AT3G08610	318	38.871365	271.377930	350.700775
AT4G22280	0	0.000000	0.000000	0.000000
AT1G75570	0	0.0	0.0	0.0
AT1G51070	56	1.868771	27.446230	35.468670
AT1G78120	4	0.145617	1.016616	1.313769
AT3G43340	0	0.0	0.0	0.0
AT1G03360	37	2.188679	15.280121	19.746449
AT3G24506	48	3.640879	25.418562	32.848320
AT1G49980	17	0.367778	2.908564	3.758727
AT1G04810	38	0.873362	6.097321	7.879547
AT5G22280	65	4.985465	40.495472	52.332165
AT5G55610	60	2.945612	22.406416	28.955734
AT1G44941	0	0.0	0.0	0.0
AT3G44480	137	1.930629	15.501852	20.032991
AT5G55750	0	0.0	0.0	0.0
AT2G15025	0	0.0	0.0	0.0
AT3G58440	0	0.0	0.0	0.0
AT5G60400	101	5.998512	45.170994	58.374317
AT4G05440	24	1.340127	9.356010	12.090740
AT5G02010	0	0.000000	0.000000	0.000000
AT3G08750	0	0.0	0.0	0.0
AT1G15030	64	1.568464	11.120584	14.371091
AT2G36480	30	0.685614	4.786570	6.185668
AT2G23800	0	0.000000	0.000000	0.000000
AT1G78450	10	0.766247	5.349504	6.913146
AT2G28510	37	2.204819	15.392801	19.892065
AT3G28940	359	21.440956	149.688660	193.442139
AT2G28460	5	0.159784	1.115522	1.441585
AT4G02010	40	1.122203	7.834588	10.124612
AT5G65205	10	0.199509	4.316224	5.577841
AT5G05440	25	1.277273	8.917200	11.523666
AT5G11150	42	2.412024	16.839392	21.761486
AT4G35280	0	0.0	0.0	0.0
AT1G07923	0	0.0	0.0	0.0
AT3G04490	32	0.585906	4.116660	5.319945
AT1G56160	0	0.000000	0.000000	0.000000
AT1G13380	71	4.261724	42.293983	54.656372
AT1G36990	29	0.781175	5.461228	7.057527
AT1G74790	32	0.865075	6.282092	8.118325
AT5G64320	3	0.088093	0.615016	0.794783
AT5G15810	94	3.281319	22.908318	29.604342
AT5G57685	8	0.458300	3.199592	4.134822
AT5G07865	0	0.0	0.0	0.0
AT3G19940	0	0.0	0.0	0.0
AT2G19510	0	0.0	0.0	0.0
AT1G34260	38	0.536585	4.137967	5.347480
AT2G19460	13	1.059537	8.439195	10.905942
AT4G11150	410	28.172977	196.687836	254.179016
AT2G20520	0	0.0	0.0	0.0
AT1G02830	0	0.0	0.0	0.0
AT1G61340	0	0.000000	0.000000	0.000000
AT4G15810	20	0.414726	2.895383	3.741693
AT4G07865	0	0.0	0.0	0.0
AT1G04707	0	0.000000	0.000000	0.000000
AT2G41350	29	1.323409	9.255507	11.960858
AT4G15750	0	0.0	0.0	0.0
AT1G71530	0	0.000000	0.000000	0.000000
AT1G55030	0	0.000000	0.000000	0.000000
AT2G23390	120	4.881147	34.778931	44.944691
AT3G18440	18	0.628843	4.591572	5.933672
AT2G18960	488	8.521320	66.794151	86.317856
AT2G01554	0	0.0	0.0	0.0
AT3G06010	42	0.802574	5.718375	7.389837
AT2G02340	0	0.0	0.0	0.0
AT5G15750	71	5.667674	39.568504	51.134239
AT3G03055	0	0.0	0.0	0.0
AT3G08810	0	0.0	0.0	0.0
ATCG00960	50	38.208736	266.751831	344.722473
AT1G67480	75	2.387485	17.292345	22.346840
AT3G03500	0	0.0	0.0	0.0
AT3G59940	87	4.351099	30.376917	39.255989
AT5G20700	127	5.640381	42.022224	54.305176
AT1G06443	0	0.0	0.0	0.0
AT2G17790	55	1.303076	9.116589	11.781337
AT1G47220	0	0.0	0.0	0.0
AT5G55810	9	0.367861	3.488065	4.507614
AT1G04610	0	0.0	0.0	0.0
AT5G65950	56	1.022371	7.520947	9.719295
AT1G53380	24	0.581902	6.197371	8.008842
AT1G16160	0	0.000000	0.000000	0.000000
AT5G51150	39	1.337245	9.676522	12.504935
AT1G79950	32	0.482826	3.585840	4.633969
AT4G20700	0	0.000000	0.000000	0.000000
AT2G29960	55	2.565928	19.796488	25.582935
AT4G21362	0	0.0	0.0	0.0
AT2G47760	30	1.031718	9.773172	12.629837
AT4G38360	34	1.072991	7.679433	9.924105
AT2G08980	0	0.0	0.0	0.0
AT4G21920	0	0.0	0.0	0.0
AT5G42720	35	1.516556	10.587738	13.682498
AT4G34500	15	0.605598	4.423808	5.716872
AT4G26380	0	0.0	0.0	0.0
AT1G04750	178	7.902004	95.218208	123.050163
AT5G51420	0	0.000000	0.000000	0.000000
AT1G68220	57	4.174633	36.957664	47.760269
AT5G38360	24	1.185348	9.058162	11.705832
AT2G23600	321	12.613063	136.975861	177.013443
AT1G54440	33	0.844612	7.492553	9.682601
AT5G21920	0	0.000000	0.000000	0.000000
AT5G01315	0	0.000000	0.000000	0.000000
AT1G48480	67	2.024147	14.131453	18.262028
AT3G01215	0	0.000000	0.000000	0.000000
AT5G57885	0	0.000000	0.000000	0.000000
AT5G07665	0	0.0	0.0	0.0
AT1G62045	11	1.272583	8.884457	11.481353
AT5G15610	81	3.558320	25.606552	33.091259
AT3G26280	35	1.447917	10.108539	13.063231
AT1G09283	0	0.0	0.0	0.0
AT1G06180	11	0.457695	3.269630	4.225331
AT5G26594	0	0.0	0.0	0.0
AT4G07665	0	0.000000	0.000000	0.000000
AT1G11070	0	0.0	0.0	0.0
AT4G15610	0	0.000000	0.000000	0.000000
AT1G02630	0	0.000000	0.000000	0.000000
AT1G08490	89	3.878696	27.078867	34.993927
AT4G27280	14	0.910522	6.356750	8.214808
AT3G24070	10	0.428070	2.988543	3.862084
AT5G03335	0	0.000000	0.000000	0.000000
AT4G13870	0	0.000000	0.000000	0.000000
AT3G12775	0	0.000000	0.000000	0.000000
AT5G28150	18	0.868618	6.064200	7.836746
AT3G13780	7	0.419935	2.931749	3.788689
AT3G06665	0	0.0	0.0	0.0
AT5G45095	1	0.043195	0.301563	0.389709
AT5G27280	73	6.775622	47.303570	61.130241
AT5G54569	0	0.000000	0.000000	0.000000
AT5G13870	8	0.305931	2.135838	2.760136
AT1G55250	23	0.441521	3.825149	4.943228
AT4G30040	0	0.0	0.0	0.0
AT3G61740	0	0.000000	0.000000	0.000000
AT4G28150	0	0.000000	0.000000	0.000000
AT3G26612	13	0.690990	5.755349	7.437618
AT4G05085	0	0.0	0.0	0.0
AT5G19150	94	2.654189	18.530050	23.946320
AT1G35780	32	0.870416	6.882013	8.893602
AT1G26670	49	2.068654	16.607615	21.461962
AT2G23120	183	18.368221	128.236557	165.719666
AT3G27380	65	1.944410	14.236041	18.397188
AT3G11940	1007	69.066040	520.094360	672.116211
AT5G05085	0	0.000000	0.000000	0.000000
AT1G08697	0	0.0	0.0	0.0
AT4G19150	19	1.025496	7.612285	9.837330
AT4G34760	109	9.763718	68.164772	88.089096
AT1G69340	60	1.925343	14.557878	18.813097
AT2G47500	41	0.814992	6.110886	7.897077
AT4G15417	0	0.000000	0.000000	0.000000
AT3G03235	0	0.0	0.0	0.0
AT1G08350	28	0.894266	6.937271	8.965012
AT5G60850	69	2.920449	20.388927	26.348541
AT2G41490	75	3.585930	25.034939	32.352566
AT5G02865	0	0.0	0.0	0.0
AT5G50910	0	0.0	0.0	0.0
AT5G53670	0	0.0	0.0	0.0
AT4G20410	59	2.996112	23.649446	30.562098
AT4G20560	0	0.0	0.0	0.0
AT4G19420	130	3.099820	22.977411	29.693632
AT2G07825	1	0.180157	1.257755	1.625392
AT2G31240	40	1.436902	10.031639	12.963853
AT2G09045	0	0.000000	0.000000	0.000000
AT1G78800	38	0.856980	6.603824	8.534099
AT2G23450	27	0.676536	5.180008	6.694108
AT5G19420	18	0.298469	2.179143	2.816100
AT1G73510	0	0.0	0.0	0.0
AT5G20410	5	0.181864	1.326145	1.713772
AT5G20560	0	0.0	0.0	0.0
AT1G73460	64	0.870504	8.497497	10.981285
AT1G55207	1	0.141180	0.985639	1.273738
AT1G07830	27	1.681639	13.385794	17.298414
AT1G01990	19	1.006743	7.028512	9.082921
AT3G03760	0	0.0	0.0	0.0
AT1G45474	255	19.017740	151.295151	195.518204
AT5G40330	9	0.678608	4.737658	6.122459
AT4G12545	0	0.0	0.0	0.0
AT2G01480	16	0.413302	3.092134	3.995954
AT5G61570	19	0.735944	5.137946	6.639750
AT5G07010	4	0.148398	1.036031	1.338859
AT4G04905	0	0.0	0.0	0.0
AT1G76000	0	0.0	0.0	0.0
AT4G28420	0	0.0	0.0	0.0
AT5G58920	21	2.013253	14.055396	18.163740
AT1G22780	465	47.785347	333.610321	431.123505
AT1G08307	0	0.0	0.0	0.0
AT4G07010	0	0.0	0.0	0.0
AT5G04905	101	4.339968	30.299208	39.155563
AT5G28420	0	0.000000	0.000000	0.000000
AT3G05920	0	0.0	0.0	0.0
AT1G04417	0	0.000000	0.000000	0.000000
AT1G04567	0	0.000000	0.000000	0.000000
AT1G04987	0	0.0	0.0	0.0
AT1G52710	5	0.336716	2.527999	3.266924
AT3G42550	0	0.0	0.0	0.0
AT5G08385	0	0.0	0.0	0.0
AT1G17400	0	0.0	0.0	0.0
AT3G18730	0	0.000000	0.000000	0.000000
AT2G35387	4	3.265823	22.800133	29.464535
AT4G08385	0	0.0	0.0	0.0
AT1G54170	52	1.656174	11.913436	15.395693
AT2G01910	95	2.091111	15.576833	20.129889
AT3G01540	222	5.487616	41.234901	53.287720
AT1G60545	11	0.277510	2.186272	2.825311
AT5G52882	96	2.141973	14.954047	19.325064
AT4G37680	46	1.793935	12.524241	16.185036
AT3G07155	0	0.0	0.0	0.0
AT3G11860	0	0.0	0.0	0.0
AT1G44224	0	0.0	0.0	0.0
AT1G12850	108	4.976919	34.746040	44.902187
AT1G06733	0	0.0	0.0	0.0
AT4G01130	31	1.114621	11.549996	14.926021
AT5G20980	18	0.435484	3.569531	4.612893
AT5G37680	29	1.883236	15.748332	20.351515
AT2G04145	1	0.159619	1.114370	1.440096
AT3G08285	0	0.0	0.0	0.0
AT5G50480	0	0.0	0.0	0.0
AT4G20980	177	5.504085	44.375031	57.345703
AT5G01130	0	0.0	0.0	0.0
AT2G08700	1	0.031285	0.218414	0.282256
AT3G57310	0	0.0	0.0	0.0
AT1G05007	0	0.0	0.0	0.0
AT2G07646	0	0.0	0.0	0.0
AT4G22755	37	2.447346	17.085989	22.080164
AT4G14050	7	0.239962	1.724149	2.228112
AT1G54730	29	0.639266	7.593813	9.813457
AT3G18170	14	0.504110	5.834596	7.540028
AT3G07425	0	0.0	0.0	0.0
AT3G15520	182	7.604893	56.268070	72.715034
AT1G30800	0	0.000000	0.000000	0.000000
AT3G13276	0	0.000000	0.000000	0.000000
AT5G02945	0	0.0	0.0	0.0
AT5G14050	53	2.063260	14.404517	18.614910
AT3G63410	553	32.465008	226.652374	292.902069
AT3G47930	71	2.233761	17.452402	22.553680
AT5G01770	25	0.372782	2.644484	3.417458
AT5G48605	0	0.0	0.0	0.0
AT2G21640	8	0.790476	5.518658	7.131742
AT1G06173	0	0.000000	0.000000	0.000000
AT1G09270	77	2.791885	19.491364	25.188625
AT4G01770	0	0.0	0.0	0.0
AT1G11590	0	0.000000	0.000000	0.000000
AT3G51660	130	12.664225	88.414474	114.257721
AT3G01880	0	0.0	0.0	0.0
AT1G52650	0	0.000000	0.000000	0.000000
AT1G33520	51	1.941120	13.551805	17.512951
AT3G26815	1	0.342723	2.392699	3.092076
AT3G29170	34	2.682004	24.428219	31.568502
AT5G57210	14	0.387085	2.718718	3.513390
AT3G61430	212	10.852185	75.763832	97.909340
AT3G24590	100	5.739508	41.019817	53.009769
AT4G32880	40	0.971332	6.915594	8.936998
AT5G12210	31	1.648060	11.505824	14.868938
AT3G56210	67	2.451546	22.951036	29.659546
AT2G18840	13	0.807238	5.635680	7.282970
AT1G65985	0	0.000000	0.000000	0.000000
AT2G46110	18	0.945470	6.600738	8.530111
AT1G17650	67	3.398970	26.116106	33.749756
AT3G13900	0	0.000000	0.000000	0.000000
AT3G49690	0	0.0	0.0	0.0
AT1G05230	15	0.283640	2.324504	3.003948
AT4G12210	0	0.0	0.0	0.0
AT2G40935	19	1.163014	9.160279	11.837797
AT3G25130	11	0.494648	3.453353	4.462757
AT5G67455	0	0.000000	0.000000	0.000000
AT2G27020	129	7.563838	52.806450	68.241592
AT1G48910	0	0.0	0.0	0.0
AT2G29840	0	0.0	0.0	0.0
AT5G06425	0	0.0	0.0	0.0
AT5G33406	0	0.0	0.0	0.0
AT2G21195	36	4.071736	32.967247	42.603462
AT5G46930	0	0.0	0.0	0.0
AT5G22060	74	3.359870	23.456717	30.313034
AT4G25540	0	0.000000	0.000000	0.000000
AT2G04300	0	0.0	0.0	0.0
AT3G09680	0	0.000000	0.000000	0.000000
AT4G06425	0	0.000000	0.000000	0.000000
AT5G56310	3	0.106782	0.745492	0.963396
AT5G25540	121	6.822649	62.785385	81.137337
AT1G58330	0	0.0	0.0	0.0
AT2G08560	0	0.0	0.0	0.0
AT4G22060	0	0.0	0.0	0.0
AT2G08410	0	0.0	0.0	0.0
ATCG00840	56	15.689716	109.536751	141.553955
AT2G16040	0	0.0	0.0	0.0
AT5G14230	0	0.000000	0.000000	0.000000
AT4G06155	0	0.0	0.0	0.0
AT2G03930	0	0.0	0.0	0.0
AT3G25770	518	31.875385	222.535950	287.582458
AT2G29580	9	0.276872	2.188310	2.827946
AT4G25880	79	1.948802	13.677470	17.675348
AT1G64550	108	3.442038	24.030367	31.054361
AT3G28660	0	0.000000	0.000000	0.000000
AT3G32130	0	0.0	0.0	0.0
AT3G49300	0	0.000000	0.000000	0.000000
AT4G14230	91	3.409412	23.802589	30.760006
AT2G44680	25	1.183453	9.187570	11.873064
AT5G06155	0	0.000000	0.000000	0.000000
AT1G23310	1742	51.454948	441.176086	570.130310
AT5G25880	2	0.064283	0.475938	0.615054
AT1G67910	5	0.285271	2.426035	3.135157
ATCG00580	12	3.507936	24.490429	31.648899
AT1G57850	0	0.000000	0.000000	0.000000
AT5G61090	0	0.0	0.0	0.0
AT1G26355	0	0.0	0.0	0.0
AT3G19660	4	0.250650	1.749897	2.261386
AT4G04785	0	0.0	0.0	0.0
AT5G03110	16	0.929641	6.490229	8.387300
AT4G32540	0	0.000000	0.000000	0.000000
AT1G22900	6	0.447686	3.125491	4.039062
AT4G31354	0	0.000000	0.000000	0.000000
AT1G59590	10	0.607469	4.241006	5.480637
AT5G49200	0	0.0	0.0	0.0
AT2G43138	0	0.000000	0.000000	0.000000
AT3G04875	0	0.0	0.0	0.0
AT2G33200	0	0.0	0.0	0.0
AT2G04690	136	8.349568	67.677307	87.459152
AT1G17710	0	0.000000	0.000000	0.000000
AT4G03110	62	1.749118	14.142616	18.276455
AT5G04785	0	0.0	0.0	0.0
AT4G35060	10	0.661621	4.619064	5.969201
AT1G52400	389	13.286756	101.553871	131.237717
AT3G14330	25	0.687696	4.811165	6.217453
AT4G01370	180	5.058037	35.312359	45.634041
AT3G28590	0	0.0	0.0	0.0
AT1G49890	29	0.886311	6.187723	7.996374
AT5G53060	0	0.000000	0.000000	0.000000
AT5G01370	18	0.880757	6.148948	7.946265
AT3G01165	0	0.0	0.0	0.0
AT1G60160	46	1.253411	8.750608	11.308381
AT3G17850	47	0.807576	5.638040	7.286020
AT3G45100	26	0.903855	7.518797	9.716516
AT1G21170	46	0.942460	6.827013	8.822526
AT5G22355	0	0.0	0.0	0.0
AT1G44910	45	1.029802	7.465549	9.647704
AT1G09880	0	0.000000	0.000000	0.000000
AT1G59660	0	0.000000	0.000000	0.000000
AT3G19590	28	1.571361	10.970355	14.176953
AT5G26900	0	0.0	0.0	0.0
AT3G01270	0	0.0	0.0	0.0
AT2G08300	0	0.0	0.0	0.0
AT3G57710	22	0.617474	4.310855	5.570903
ATCG01030	1	0.412500	2.879842	3.721610
AT1G47550	70	1.336988	9.647946	12.468008
AT5G24318	0	0.0	0.0	0.0
AT4G26900	72	2.703598	18.874996	24.392092
AT1G65470	43	1.065615	7.439523	9.614070
AT2G04560	0	0.000000	0.000000	0.000000
AT1G54330	0	0.0	0.0	0.0
AT2G04410	120	15.575842	108.741737	140.526581
AT5G35338	0	0.0	0.0	0.0
AT3G12400	57	2.208658	19.876301	25.686075
AT5G56400	0	0.0	0.0	0.0
AT5G18230	151	3.502033	27.780632	35.900818
AT1G09540	0	0.0	0.0	0.0
AT3G57650	122	5.156977	36.003105	46.526688
AT1G53900	33	1.059291	7.395372	9.557014
AT1G68550	57	2.376501	17.267675	22.314955
AT3G24660	10	0.335081	2.339347	3.023129
AT1G16210	65	4.096519	28.599583	36.959145
AT4G18230	54	2.429389	18.644958	24.094814
AT3G29330	0	0.000000	0.000000	0.000000
AT3G06075	0	0.0	0.0	0.0
AT1G77640	0	0.0	0.0	0.0
AT3G49560	146	9.496332	66.298035	85.676720
AT3G49410	3	0.089005	0.680892	0.879915
AT1G28860	0	0.000000	0.000000	0.000000
AT1G06333	0	0.0	0.0	0.0
AT1G23400	106	2.695964	19.402540	25.073837
AT4G16444	12	0.745511	5.947610	7.686077
AT5G15581	0	0.000000	0.000000	0.000000
AT2G14580	2	0.166477	1.162248	1.501970
AT1G59218	89	0.747241	11.616369	15.011794
AT2G21725	0	0.0	0.0	0.0
AT3G08875	0	0.0	0.0	0.0
AT1G52310	48	1.435666	10.326032	13.344296
AT2G08690	0	0.000000	0.000000	0.000000
AT5G08785	0	0.0	0.0	0.0
AT1G19860	38	1.198864	8.834580	11.416899
AT5G43211	0	0.000000	0.000000	0.000000
AT1G21730	21	0.479952	3.350754	4.330168
AT4G29230	4	0.083976	0.622549	0.804517
AT3G18330	2	0.115598	0.807040	1.042935
AT3G30390	420	13.529872	97.799843	126.386398
AT1G08987	0	0.000000	0.000000	0.000000
AT3G24517	0	0.000000	0.000000	0.000000
AT3G43837	0	0.0	0.0	0.0
AT1G17310	0	0.0	0.0	0.0
AT5G04385	0	0.0	0.0	0.0
AT2G36295	0	0.000000	0.000000	0.000000
AT5G25270	76	1.834047	14.201895	18.353060
AT3G14730	5	0.168280	1.174836	1.518237
AT4G23882	0	0.0	0.0	0.0
AT4G04385	0	0.0	0.0	0.0
AT1G07233	0	0.0	0.0	0.0
AT1G58170	5	0.272315	1.901150	2.456849
AT1G71020	98	2.997683	22.803478	29.468857
AT1G55520	57	2.751325	21.428568	27.692064
AT4G25270	0	0.000000	0.000000	0.000000
AT1G72580	0	0.0	0.0	0.0
AT1G80890	37	4.430302	30.929871	39.970562
ATMG01340	0	0.0	0.0	0.0
AT3G49700	0	0.0	0.0	0.0
AT1G23710	8	0.440449	3.074966	3.973768
AT2G26470	9	0.231422	2.270440	2.934082
ATCG01250	1192	24.782755	173.019211	223.592133
AT3G27329	0	0.0	0.0	0.0
AT4G30290	0	0.000000	0.000000	0.000000
AT1G58265	0	0.0	0.0	0.0
AT5G07075	0	0.0	0.0	0.0
AT4G16807	0	0.000000	0.000000	0.000000
AT3G51590	0	0.0	0.0	0.0
AT5G40440	19	0.739917	5.165683	6.675594
AT3G04285	1	0.185930	1.298058	1.677476
AT4G07075	0	0.000000	0.000000	0.000000
AT1G11660	43	1.018754	8.077458	10.438472
AT3G12650	29	2.885613	20.145721	26.034246
AT5G56650	74	1.369911	23.758398	30.702896
AT2G04700	468	28.893822	202.974258	262.302948
AT5G56710	814	73.676872	626.342285	809.419983
AT4G14365	57	2.576768	17.989540	23.247822
AT3G12710	29	1.590656	11.105062	14.351034
AT4G18050	0	0.000000	0.000000	0.000000
AT3G57400	37	1.460618	10.197210	13.177820
AT4G32270	39	2.917782	20.370308	26.324478
AT3G14170	7	0.268025	1.883005	2.433401
AT1G15385	0	0.0	0.0	0.0
AT3G63300	22	0.757246	5.870355	7.586239
AT1G69430	0	0.0	0.0	0.0
AT5G18050	4	0.394913	2.757060	3.562939
AT1G23650	0	0.0	0.0	0.0
AT3G27900	2	0.104668	0.730733	0.944324
AT1G37130	464	11.575663	80.814743	104.436623
AT4G29050	12	0.371513	2.820074	3.644372
AT5G63200	22	0.775147	5.482019	7.084394
AT5G03445	0	0.0	0.0	0.0
AT3G45620	44	2.003088	14.056472	18.165131
AT1G01680	0	0.000000	0.000000	0.000000
AT1G51860	0	0.0	0.0	0.0
AT3G52850	130	4.353655	30.394760	39.279049
AT5G16850	0	0.000000	0.000000	0.000000
AT3G62910	85	3.704918	29.218599	37.759098
AT2G37125	0	0.0	0.0	0.0
AT4G22495	26	1.191009	8.314953	10.745385
AT5G29050	0	0.0	0.0	0.0
AT4G02733	0	0.0	0.0	0.0
AT2G31090	44	3.866592	26.994364	34.884724
AT2G09295	0	0.0	0.0	0.0
AT4G03445	0	0.0	0.0	0.0
AT4G16850	14	0.520981	3.745994	4.840935
AT1G72840	0	0.000000	0.000000	0.000000
AT5G37990	0	0.0	0.0	0.0
AT2G17600	0	0.0	0.0	0.0
AT3G28070	74	2.842955	28.187500	36.426609
AT5G28919	0	0.000000	0.000000	0.000000
AT5G57160	16	0.307366	2.157711	2.788402
AT2G41610	5	0.348296	2.431606	3.142356
AT5G24150	34	1.105088	8.669540	11.203617
AT4G20690	0	0.000000	0.000000	0.000000
AT4G37990	0	0.0	0.0	0.0
AT4G31830	0	0.0	0.0	0.0
AT3G46845	98	8.592866	76.908653	99.388794
AT5G20690	0	0.000000	0.000000	0.000000
AT4G24150	0	0.0	0.0	0.0
AT1G65483	0	0.000000	0.000000	0.000000
AT5G38760	0	0.0	0.0	0.0
AT3G54085	0	0.000000	0.000000	0.000000
AT5G26780	132	4.603441	34.188190	44.181278
AT3G19070	0	0.0	0.0	0.0
AT2G26695	14	1.180363	8.240628	10.649336
AT2G35950	0	0.0	0.0	0.0
AT5G35670	8	0.177660	1.981541	2.560739
AT2G47360	1	0.058130	0.405831	0.524454
AT3G26870	0	0.0	0.0	0.0
AT1G45223	0	0.0	0.0	0.0
AT1G08065	0	0.0	0.0	0.0
AT1G04697	0	0.000000	0.000000	0.000000
AT4G38760	56	0.691024	13.501908	17.448469
AT2G27530	967	62.275364	500.450531	646.730530
AT5G42320	29	1.225770	11.849039	15.312473
AT4G26780	77	4.044400	28.235720	36.488926
AT1G31010	19	1.076980	7.518867	9.716605
AT1G04350	86	3.165673	25.172949	32.530914
AT4G35670	0	0.0	0.0	0.0
AT3G09162	4	0.260323	2.232209	2.884676
AT1G09873	0	0.000000	0.000000	0.000000
AT2G17390	161	7.711712	58.897263	76.112732
AT3G10455	0	0.000000	0.000000	0.000000
AT5G48953	0	0.0	0.0	0.0
AT1G53780	63	1.375932	9.901128	12.795194
AT3G07630	91	4.118489	33.094582	42.768013
AT4G20300	34	0.921375	8.403177	10.859397
AT3G15250	0	0.0	0.0	0.0
AT1G74800	22	0.632478	4.415605	5.706271
AT5G01655	0	0.0	0.0	0.0
AT3G06595	0	0.0	0.0	0.0
AT1G54115	18	0.539701	3.767888	4.869228
AT5G20300	47	1.135629	8.038579	10.388227
AT2G23790	72	1.749377	12.358181	15.970436
AT2G22950	0	0.0	0.0	0.0
AT1G21440	83	4.613605	32.232185	41.653542
AT5G22670	0	0.0	0.0	0.0
AT3G20200	0	0.000000	0.000000	0.000000
AT1G72960	0	0.0	0.0	0.0
AT4G24420	0	0.0	0.0	0.0
AT5G54920	18	0.750922	5.242514	6.774882
AT2G34585	21	1.919369	13.399951	17.316711
AT3G61105	0	0.0	0.0	0.0
AT2G02740	81	5.808463	40.551411	52.404449
AT5G15350	141	11.040275	77.918915	100.694351
AT1G04307	0	0.0	0.0	0.0
AT4G22670	208	8.864533	61.887173	79.976578
AT2G41750	3	0.197891	1.381563	1.785390
AT5G08905	0	0.0	0.0	0.0
AT1G51940	127	4.135179	28.869486	37.307938
AT5G24420	15	0.836879	6.236258	8.059095
AT3G46585	0	0.0	0.0	0.0
AT1G65140	0	0.0	0.0	0.0
AT1G08417	0	0.0	0.0	0.0
AT1G08567	0	0.000000	0.000000	0.000000
AT4G15350	0	0.0	0.0	0.0
AT1G33250	73	2.387350	16.667131	21.538876
AT4G03260	43	0.851329	7.270356	9.395455
AT1G08707	0	0.000000	0.000000	0.000000
AT3G09990	0	0.0	0.0	0.0
AT2G05555	0	0.0	0.0	0.0
AT2G17450	58	3.156271	22.035303	28.476147
AT2G16290	0	0.0	0.0	0.0
AT3G25715	0	0.0	0.0	0.0
AT5G42190	141	10.718660	74.831642	96.704666
AT4G09855	0	0.0	0.0	0.0
AT5G03260	0	0.000000	0.000000	0.000000
AT3G14440	2	0.053846	0.375922	0.485803
AT2G14960	0	0.000000	0.000000	0.000000
AT2G46735	5	0.384454	2.684041	3.468577
AT5G09855	0	0.000000	0.000000	0.000000
AT1G22380	0	0.000000	0.000000	0.000000
AT5G66045	0	0.000000	0.000000	0.000000
AT3G04810	50	1.301450	11.864866	15.332926
AT3G49980	0	0.0	0.0	0.0
AT3G03360	0	0.000000	0.000000	0.000000
AT5G07595	0	0.0	0.0	0.0
AT5G15490	126	5.463175	38.140804	49.289230
AT5G40730	4	0.440177	3.073067	3.971314
AT5G02180	70	2.557235	18.949577	24.488476
AT3G51070	0	0.000000	0.000000	0.000000
AT1G08610	27	0.974794	6.805461	8.794675
AT5G06630	0	0.0	0.0	0.0
AT4G03175	0	0.000000	0.000000	0.000000
AT4G02180	0	0.0	0.0	0.0
AT4G15490	21	0.785958	5.487115	7.090980
AT5G13280	86	2.708400	18.908522	24.435417
AT4G34360	7	0.448458	3.130881	4.046026
AT1G28940	0	0.000000	0.000000	0.000000
AT5G27870	0	0.0	0.0	0.0
AT2G41417	0	0.0	0.0	0.0
AT3G10605	0	0.0	0.0	0.0
AT1G69740	213	7.730000	58.428295	75.506691
AT4G38500	28	0.910966	6.359850	8.218813
AT3G15030	101	3.355230	23.424324	30.271172
AT1G08750	22	0.870150	7.134127	9.219407
AT4G33810	13	0.438087	3.096825	4.002017
AT5G39630	0	0.0	0.0	0.0
AT1G64220	2	0.503268	3.513533	4.540527
AT4G13280	0	0.000000	0.000000	0.000000
AT2G43630	74	4.848074	33.846516	43.739738
AT2G19572	10	0.487595	3.404113	4.399124
AT5G61240	126	6.678761	46.908417	60.619591
AT5G01405	0	0.0	0.0	0.0
AT1G58440	76	3.032795	21.173262	27.362135
AT4G27870	60	1.611562	11.797412	15.245754
AT5G38500	0	0.0	0.0	0.0
AT2G30850	0	0.0	0.0	0.0
AT1G05833	0	0.000000	0.000000	0.000000
AT5G45510	286	4.891155	37.568199	48.549259
AT5G45460	2	0.050017	0.349190	0.451258
AT4G39630	0	0.000000	0.000000	0.000000
AT1G70080	0	0.0	0.0	0.0
AT2G44990	0	0.0	0.0	0.0
AT1G33030	0	0.0	0.0	0.0
AT3G61340	0	0.0	0.0	0.0
AT2G26140	135	3.533158	25.739708	33.263336
AT3G02830	128	5.253463	41.415363	53.520931
AT4G23493	0	0.0	0.0	0.0
AT1G19940	0	0.000000	0.000000	0.000000
AT5G40170	67	1.933574	13.499123	17.444870
AT5G03735	0	0.000000	0.000000	0.000000
AT2G08475	0	0.000000	0.000000	0.000000
AT3G25655	0	0.0	0.0	0.0
AT2G17120	103	5.276470	40.314701	52.098545
AT2G46260	39	1.298602	9.066106	11.716098
AT2G31570	149	11.828671	84.175926	108.780266
AT3G13380	14	0.241089	1.683147	2.175126
AT3G56160	22	0.630255	6.587110	8.512500
AT1G04490	0	0.0	0.0	0.0
AT3G02220	63	4.710104	32.883289	42.494961
AT2G01610	4	0.265343	1.852475	2.393947
AT5G26790	3	0.269184	1.879291	2.428601
AT1G22120	0	0.0	0.0	0.0
AT1G04687	0	0.0	0.0	0.0
AT3G13450	345	5.140944	73.839035	95.421944
AT5G64010	9	0.729853	5.095422	6.584796
AT3G06845	0	0.0	0.0	0.0
AT4G26790	0	0.000000	0.000000	0.000000
AT5G37980	0	0.0	0.0	0.0
AT1G64830	0	0.0	0.0	0.0
AT3G08045	2	0.482301	3.367153	4.351361
AT4G20680	0	0.0	0.0	0.0
AT3G16565	29	1.505968	11.244566	14.531314
AT4G02320	0	0.0	0.0	0.0
AT1G05223	0	0.0	0.0	0.0
AT4G37980	91	3.943956	31.219479	40.344826
AT1G57530	0	0.0	0.0	0.0
AT2G07360	90	1.760715	12.346753	15.955667
AT1G44350	11	0.383007	2.673939	3.455522
AT5G20680	19	0.428404	3.501490	4.524964
AT5G02320	0	0.000000	0.000000	0.000000
AT5G55045	0	0.000000	0.000000	0.000000
AT3G27831	0	0.000000	0.000000	0.000000
AT2G23780	40	1.622234	11.742524	15.174823
AT1G06117	0	0.0	0.0	0.0
AT3G47630	11	0.384248	3.029678	3.915242
AT1G59722	0	0.0	0.0	0.0
AT2G14070	0	0.0	0.0	0.0
AT3G60470	0	0.000000	0.000000	0.000000
AT5G02645	7	1.041972	7.274461	9.400761
AT5G36228	0	0.0	0.0	0.0
AT5G62030	35	1.222759	8.536613	11.031837
AT2G31141	0	0.000000	0.000000	0.000000
AT2G17380	52	4.616592	32.230438	41.651287
AT2G42740	59	5.531287	38.616325	49.903744
AT1G53790	0	0.000000	0.000000	0.000000
AT1G52950	0	0.0	0.0	0.0
AT3G51960	0	0.000000	0.000000	0.000000
AT3G13120	600	30.493626	244.161575	315.529175
AT1G62810	14	0.364542	2.545027	3.288929
AT5G48905	0	0.0	0.0	0.0
AT2G01750	31	0.765022	5.346027	6.908653
AT3G21460	33	3.910847	27.303328	35.283997
AT1G22450	234	14.041385	98.029030	126.682579
ATMG00140	0	0.0	0.0	0.0
AT3G21510	8	0.403619	2.817840	3.641485
AT2G21940	0	0.000000	0.000000	0.000000
AT3G06585	0	0.0	0.0	0.0
AT2G45000	67	1.229725	8.990113	11.617893
AT1G04143	0	0.0	0.0	0.0
AT2G33855	65	5.731327	40.012890	51.708523
AT5G23140	80	4.029022	28.128359	36.350182
AT2G38010	38	1.096193	7.653000	9.889947
AT3G49990	165	6.817662	47.597069	61.509529
AT5G07585	0	0.0	0.0	0.0
AT5G15480	0	0.0	0.0	0.0
AT1G75335	6	0.870130	6.074757	7.850387
AT1G06720	108	1.989379	15.419646	19.926756
AT1G14510	68	3.178550	22.190844	28.677151
AT5G02190	14	0.589951	4.118705	5.322588
AT2G39260	43	0.828737	5.785774	7.476936
AT1G14460	29	0.541934	3.783478	4.889375
AT4G23140	26	0.791378	5.563499	7.189691
AT5G43260	50	4.107884	28.678928	37.061680
AT4G02190	0	0.0	0.0	0.0
AT3G13600	0	0.000000	0.000000	0.000000
AT4G15480	3	0.135367	0.945056	1.221293
AT1G17950	0	0.0	0.0	0.0
AT3G23530	137	1.673151	22.345503	28.877016
AT3G09980	66	4.376154	30.551838	39.482037
AT3G44810	0	0.0	0.0	0.0
AT2G30020	13	0.564810	3.943185	5.095764
AT1G21323	0	0.0	0.0	0.0
AT5G00730	0	0.0	0.0	0.0
AT5G42180	0	0.000000	0.000000	0.000000
AT5G43175	0	0.0	0.0	0.0
AT2G16280	165	6.119369	42.721981	55.209469
AT2G39175	0	0.0	0.0	0.0
AT1G67750	39	1.703272	11.891284	15.367065
AT1G48610	43	2.069113	16.099659	20.805534
AT2G36810	30	0.403451	2.858598	3.694156
AT1G03340	8	0.388188	2.710109	3.502265
AT4G00730	44	0.969382	7.090325	9.162803
AT1G72070	19	1.263841	11.074784	14.311906
AT5G46630	123	4.732913	36.609421	47.310230
AT4G38825	2	0.227835	1.590615	2.055547
AT1G12530	20	1.844518	12.877383	16.641399
AT2G06175	0	0.0	0.0	0.0
AT2G44980	12	0.322570	2.361150	3.051305
AT1G70090	63	2.344015	16.364590	21.147903
AT1G20370	20	0.739884	5.165453	6.675297
AT1G48750	0	0.000000	0.000000	0.000000
AT2G44198	0	0.000000	0.000000	0.000000
AT4G17565	0	0.0	0.0	0.0
AT3G53800	68	2.841658	24.142733	31.199572
AT4G05460	53	2.675867	18.681395	24.141901
AT5G62250	0	0.0	0.0	0.0
AT3G58510	148	4.117051	30.199064	39.026150
AT3G58460	51	2.280781	16.810976	21.724768
AT2G03630	0	0.000000	0.000000	0.000000
AT4G25434	12	0.411600	3.335325	4.310229
AT5G05460	18	0.540101	3.797161	4.907058
AT3G13390	0	0.000000	0.000000	0.000000
AT5G05510	6	0.260870	1.821247	2.353592
AT3G28960	0	0.000000	0.000000	0.000000
AT2G28440	0	0.000000	0.000000	0.000000
AT1G04480	354	34.436741	240.417877	310.691223
AT3G50520	30	2.062445	15.547454	20.091923
AT1G56140	18	0.355277	2.637768	3.408778
AT4G00170	0	0.000000	0.000000	0.000000
AT5G13290	0	0.000000	0.000000	0.000000
AT5G07845	0	0.000000	0.000000	0.000000
AT5G09025	0	0.0	0.0	0.0
AT3G42830	0	0.0	0.0	0.0
AT3G62350	0	0.0	0.0	0.0
AT1G61360	15	0.349178	2.569098	3.320037
AT5G16486	0	0.0	0.0	0.0
AT4G13290	0	0.0	0.0	0.0
AT3G19960	62	0.902829	7.113134	9.192279
AT2G19440	0	0.0	0.0	0.0
AT1G22600	0	0.000000	0.000000	0.000000
AT4G07845	0	0.0	0.0	0.0
AT4G09025	0	0.0	0.0	0.0
AT1G20405	0	0.000000	0.000000	0.000000
AT1G09890	0	0.000000	0.000000	0.000000
AT2G04063	0	0.0	0.0	0.0
AT2G18660	9	0.328110	2.290679	2.960237
AT4G04125	1	0.000893	0.006234	0.008057
AT2G15770	0	0.0	0.0	0.0
AT1G66520	32	1.917293	13.476656	17.415836
AT5G58100	58	1.288197	9.165627	11.844708
AT3G60140	0	0.0	0.0	0.0
AT3G19580	6	0.316356	2.208619	2.854191
AT5G04125	0	0.0	0.0	0.0
AT5G41370	34	0.863827	6.030753	7.793521
AT2G41997	0	0.0	0.0	0.0
AT3G05100	37	1.460349	10.195333	13.175393
AT1G49880	0	0.000000	0.000000	0.000000
AT5G65650	57	4.304265	30.049952	38.833447
AT3G28580	1	0.040067	0.279725	0.361488
AT1G04910	26	0.964287	6.812366	8.803597
AT1G10250	0	0.0	0.0	0.0
AT4G38401	0	0.0	0.0	0.0
AT2G29660	13	0.551948	3.853390	4.979722
AT5G60530	0	0.0	0.0	0.0
AT1G79650	59	2.359336	18.387064	23.761539
ATCG00660	246	55.562145	387.903564	501.286407
AT1G07550	0	0.0	0.0	0.0
AT2G35310	0	0.000000	0.000000	0.000000
AT4G37700	0	0.0	0.0	0.0
AT2G24330	27	0.395991	3.507857	4.533192
ATMG00470	2	0.379404	2.648785	3.423015
AT1G14048	0	0.0	0.0	0.0
AT2G44410	36	1.459293	10.187961	13.165866
AT3G59640	15	0.841917	6.015484	7.773790
AT2G44560	0	0.0	0.0	0.0
AT4G08795	0	0.000000	0.000000	0.000000
AT3G28840	0	0.000000	0.000000	0.000000
AT1G49540	21	0.592718	4.148376	5.360932
AT3G55795	0	0.0	0.0	0.0
AT2G23900	0	0.0	0.0	0.0
AT1G15125	0	0.000000	0.000000	0.000000
AT1G79710	3	0.123650	0.876289	1.132425
AT2G15130	1	0.060884	0.480798	0.621333
AT2G08680	0	0.000000	0.000000	0.000000
AT1G32200	327	11.219544	87.221115	112.715546
AT5G65710	9	0.205327	1.433477	1.852478
AT4G21620	161	13.469045	94.033272	121.518875
AT3G09410	25	0.513506	3.702332	4.784511
AT3G09560	25	0.470966	3.577490	4.623178
AT5G04455	0	0.0	0.0	0.0
AT4G15910	29	2.461874	17.187414	22.211237
AT4G07965	0	0.0	0.0	0.0
AT3G17020	108	6.561162	48.474663	62.643642
AT1G02930	246	12.011620	115.605743	149.396896
AT3G19840	32	0.810890	5.728415	7.402811
AT5G15910	28	1.376324	11.265155	14.557920
AT5G07965	0	0.000000	0.000000	0.000000
AT1G63270	0	0.000000	0.000000	0.000000
AT4G04455	0	0.000000	0.000000	0.000000
AT2G42430	0	0.0	0.0	0.0
AT3G26040	3	0.122600	0.855924	1.106108
AT1G09043	0	0.0	0.0	0.0
AT5G54745	0	0.0	0.0	0.0
AT1G07507	0	0.0	0.0	0.0
AT1G07823	0	0.000000	0.000000	0.000000
AT4G05048	0	0.0	0.0	0.0
AT2G22310	25	1.274008	10.016622	12.944447
AT2G06445	0	0.0	0.0	0.0
AT1G07767	0	0.0	0.0	0.0
AT5G10810	76	8.069057	56.333607	72.799728
AT4G30280	0	0.000000	0.000000	0.000000
AT1G01300	147	5.676528	39.630318	51.214123
AT4G27040	47	1.910050	15.684702	20.269287
AT3G01331	0	0.0	0.0	0.0
AT3G51580	29	1.070019	7.996341	10.333644
AT4G10810	56	5.271226	36.800724	47.557453
AT4G29820	11	0.603745	4.275864	5.525684
AT2G25520	188	8.588066	59.957031	77.482269
AT2G28170	0	0.0	0.0	0.0
AT3G04295	0	0.0	0.0	0.0
AT4G35485	0	0.000000	0.000000	0.000000
AT5G16020	0	0.000000	0.000000	0.000000
AT3G05345	54	1.099773	7.710821	9.964668
AT3G52020	0	0.0	0.0	0.0
AT5G04395	0	0.0	0.0	0.0
AT5G65400	0	0.000000	0.000000	0.000000
AT4G00440	27	0.495804	3.575612	4.620751
AT3G09700	10	0.923535	6.447600	8.332211
AT3G30380	31	1.157604	8.639172	11.164371
AT3G11640	1	0.075433	0.526631	0.680563
AT1G08997	0	0.0	0.0	0.0
AT5G18820	25	0.780964	5.818357	7.519042
AT4G21100	69	1.057873	13.344358	17.244869
AT5G47075	0	0.0	0.0	0.0
AT5G50750	0	0.0	0.0	0.0
AT1G79400	0	0.0	0.0	0.0
AT2G10025	0	0.0	0.0	0.0
AT4G05245	0	0.0	0.0	0.0
AT1G26970	0	0.0	0.0	0.0
AT2G19170	27	0.626583	4.555366	5.886884
AT1G72590	0	0.000000	0.000000	0.000000
AT1G80880	0	0.000000	0.000000	0.000000
AT4G18820	19	0.323080	2.294665	2.965388
AT5G21100	52	1.834225	13.471916	17.409710
AT1G10030	45	3.785177	26.425970	34.150192
AT1G04473	0	0.000000	0.000000	0.000000
AT1G70570	43	1.128051	10.515787	13.589517
AT5G23470	0	0.0	0.0	0.0
AT2G44700	2	0.109940	0.767539	0.991888
AT2G28730	0	0.0	0.0	0.0
AT1G01690	8	0.279770	2.115040	2.733259
AT4G37410	0	0.000000	0.000000	0.000000
AT4G37560	8	0.367067	2.571884	3.323637
AT5G53970	25	1.174174	8.197420	10.593498
AT4G22485	0	0.000000	0.000000	0.000000
AT5G50610	1	0.047436	0.331171	0.427972
AT4G23470	180	7.369275	58.301880	75.343323
AT2G32520	61	2.777906	22.146107	28.619337
AT3G11325	0	0.000000	0.000000	0.000000
AT1G80540	0	0.0	0.0	0.0
AT2G09285	0	0.0	0.0	0.0
AT5G37410	8	0.278751	2.043773	2.641161
AT5G37560	0	0.0	0.0	0.0
AT2G21860	42	1.816979	12.685122	16.392941
AT5G04605	0	0.0	0.0	0.0
AT1G55805	34	3.030892	21.159977	27.344967
AT1G71850	9	0.428047	2.988383	3.861877
AT5G11225	0	0.0	0.0	0.0
AT2G26882	0	0.0	0.0	0.0
AT2G19730	875	82.617470	601.650146	777.510498
AT1G75110	0	0.000000	0.000000	0.000000
AT3G05620	0	0.0	0.0	0.0
AT2G39445	14	0.952842	6.817183	8.809823
AT4G04605	0	0.0	0.0	0.0
AT3G51840	88	3.601962	25.146866	32.497208
AT5G27893	0	0.000000	0.000000	0.000000
AT5G58620	16	0.480620	3.355418	4.336195
AT1G01560	0	0.000000	0.000000	0.000000
AT3G02550	0	0.000000	0.000000	0.000000
AT1G01410	0	0.0	0.0	0.0
AT5G48385	114	3.948433	27.565731	35.623100
AT3G60415	17	1.210430	8.450540	10.920603
AT4G37690	3	0.112078	0.782465	1.011177
AT1G09817	0	0.000000	0.000000	0.000000
AT5G20990	147	3.968814	28.312660	36.588356
AT1G45050	13	0.722378	7.599390	9.820666
AT3G57787	0	0.000000	0.000000	0.000000
AT5G37690	0	0.0	0.0	0.0
AT2G17900	9	0.348034	2.550388	3.295858
AT4G20990	0	0.0	0.0	0.0
AT2G24170	20	0.658014	4.593883	5.936658
AT2G41910	0	0.0	0.0	0.0
AT3G08295	0	0.0	0.0	0.0
AT5G50490	0	0.0	0.0	0.0
AT5G08395	0	0.0	0.0	0.0
AT1G79310	0	0.0	0.0	0.0
AT1G63880	50	1.070321	7.737211	9.998772
AT1G04997	0	0.0	0.0	0.0
AT4G35970	8	0.422018	3.318681	4.288721
AT5G65310	165	5.770141	46.586506	60.203583
AT5G14820	16	0.603026	4.209987	5.440552
AT3G44716	4	0.258834	1.807033	2.335222
AT2G30530	39	2.009772	14.076948	18.191591
AT4G08395	0	0.0	0.0	0.0
AT1G11840	333	12.171546	113.196259	146.283142
AT5G09976	0	0.000000	0.000000	0.000000
AT1G05553	0	0.000000	0.000000	0.000000
AT2G35650	36	1.306673	9.428401	12.184290
AT3G23020	8	0.186799	1.304125	1.685317
AT5G41130	12	0.325822	2.384830	3.081908
AT4G14820	6	0.157401	1.098885	1.420085
AT5G35970	193	4.434820	30.961411	40.011326
AT1G06267	0	0.000000	0.000000	0.000000
AT1G67856	0	0.0	0.0	0.0
AT2G35710	0	0.0	0.0	0.0
AT1G08473	0	0.0	0.0	0.0
AT5G01955	0	0.000000	0.000000	0.000000
AT1G63540	0	0.0	0.0	0.0
AT1G07901	0	0.000000	0.000000	0.000000
AT4G37300	143	7.730048	57.515232	74.326736
AT1G59124	0	0.000000	0.000000	0.000000
AT1G11580	32	1.292280	9.021970	11.659060
AT3G09145	0	0.000000	0.000000	0.000000
AT5G37300	0	0.0	0.0	0.0
AT3G07930	0	0.000000	0.000000	0.000000
AT1G12020	13	0.463649	3.236936	4.183081
AT3G01890	14	0.546680	3.816611	4.932194
AT4G21745	0	0.0	0.0	0.0
AT3G16470	176	4.833393	45.132050	58.323994
AT1G51640	5	0.130538	0.911343	1.177725
AT5G08605	0	0.000000	0.000000	0.000000
AT5G52470	439	25.432610	177.556122	229.455185
AT5G41770	82	2.527111	18.375908	23.747122
AT4G09535	0	0.000000	0.000000	0.000000
AT4G22970	8	0.084386	0.590322	0.762871
AT2G05835	0	0.0	0.0	0.0
AT1G72660	0	0.000000	0.000000	0.000000
AT1G49270	0	0.0	0.0	0.0
AT2G22650	22	0.966410	7.799122	10.078779
AT5G09535	0	0.000000	0.000000	0.000000
AT5G22970	0	0.0	0.0	0.0
AT3G55605	10	0.797351	5.566655	7.193769
AT5G54620	0	0.0	0.0	0.0
AT3G50030	0	0.0	0.0	0.0
AT2G15370	0	0.0	0.0	0.0
AT5G67385	148	3.618478	29.227329	37.770378
AT1G05820	0	0.000000	0.000000	0.000000
AT4G17470	18	0.790868	6.133345	7.926101
AT2G14660	20	2.031621	14.183631	18.329458
AT4G08125	0	0.000000	0.000000	0.000000
AT2G09875	1	0.209169	1.460300	1.887141
AT2G21185	5	0.587059	4.098515	5.296496
AT5G54100	21	0.998766	6.972821	9.010952
AT2G40420	4	0.162955	1.172134	1.514745
AT5G17470	0	0.0	0.0	0.0
AT5G08125	0	0.0	0.0	0.0
AT3G09690	16	0.544008	3.995859	5.163836
AT1G45230	107	7.134116	49.973927	64.581131
AT2G19330	3	0.128028	0.916544	1.184446
AT5G36200	0	0.0	0.0	0.0
AT4G32890	10	0.529032	3.693403	4.772972
AT3G24580	0	0.0	0.0	0.0
AT1G08910	23	0.588575	4.153081	5.367013
AT1G59840	51	1.330487	20.986355	27.120596
AT5G06930	15	0.365193	2.911210	3.762146
AT1G57020	0	0.0	0.0	0.0
AT2G44300	13	0.958802	6.693814	8.650393
AT3G49680	353	16.083286	112.284431	145.104782
AT2G28330	7	0.506890	3.538820	4.573205
AT3G24093	0	0.0	0.0	0.0
AT4G06930	0	0.0	0.0	0.0
AT1G74035	0	0.000000	0.000000	0.000000
AT1G43666	0	0.0	0.0	0.0
AT4G04795	0	0.0	0.0	0.0
AT4G13040	32	1.021583	10.909002	14.097667
AT3G24840	14	0.383778	2.779861	3.592405
AT2G43930	0	0.0	0.0	0.0
AT4G39930	0	0.000000	0.000000	0.000000
AT1G59580	37	1.513903	11.161186	14.423563
AT5G62520	0	0.000000	0.000000	0.000000
AT2G18590	0	0.0	0.0	0.0
AT2G27850	0	0.0	0.0	0.0
AT5G04795	0	0.0	0.0	0.0
AT1G80165	0	0.000000	0.000000	0.000000
AT3G09300	61	2.673280	18.663332	24.118561
AT1G28640	0	0.0	0.0	0.0
AT2G04680	0	0.0	0.0	0.0
AT1G77860	0	0.0	0.0	0.0
AT5G39930	0	0.0	0.0	0.0
AT1G03430	38	2.037889	17.151783	22.165190
AT5G50350	10	0.067462	2.570572	3.321941
AT2G10921	0	0.0	0.0	0.0
AT4G30870	0	0.000000	0.000000	0.000000
AT5G43110	0	0.0	0.0	0.0
AT5G08455	0	0.000000	0.000000	0.000000
AT3G50250	0	0.0	0.0	0.0
AT2G29590	5	0.498457	3.479946	4.497122
AT2G40150	9	0.480371	3.353679	4.333948
AT3G47347	3	2.805195	19.584290	25.308708
AT5G09200	0	0.0	0.0	0.0
AT3G05745	0	0.0	0.0	0.0
AT1G65349	0	0.000000	0.000000	0.000000
AT1G80270	51	1.729915	12.652659	16.350986
AT4G25890	196	19.531149	155.289993	200.680725
AT4G08455	0	0.000000	0.000000	0.000000
AT5G44785	62	1.658999	11.929256	15.416137
AT2G22400	103	2.862298	21.138378	27.317053
AT1G07367	2	0.302970	2.115165	2.733421
AT2G44690	12	0.793011	5.992795	7.744468
ATCG00590	91	75.739586	528.771057	683.328979
AT4G09200	15	0.758501	5.295426	6.843261
AT1G19640	0	0.0	0.0	0.0
AT1G01700	0	0.000000	0.000000	0.000000
AT5G25890	16	0.896403	6.258180	8.087424
AT2G39110	0	0.0	0.0	0.0
AT2G41473	0	0.0	0.0	0.0
AT4G31550	33	1.449945	12.718081	16.435534
AT1G67490	40	1.066441	7.445290	9.621522
AT1G08143	0	0.0	0.0	0.0
AT4G17695	8	0.419585	2.929306	3.785532
AT5G16530	0	0.000000	0.000000	0.000000
AT3G52530	0	0.000000	0.000000	0.000000
AT2G34010	6	0.254227	1.881274	2.431163
AT2G01350	100	5.393039	40.577126	52.437679
AT5G26717	0	0.000000	0.000000	0.000000
AT1G66250	18	0.619991	4.777082	6.173407
AT1G18510	0	0.0	0.0	0.0
AT5G03204	0	0.0	0.0	0.0
AT1G18460	0	0.000000	0.000000	0.000000
AT2G20605	0	0.0	0.0	0.0
AT3G28243	0	0.0	0.0	0.0
AT1G13800	0	0.000000	0.000000	0.000000
AT1G25025	0	0.000000	0.000000	0.000000
AT3G46010	270	9.202132	143.615250	185.593506
AT3G09475	0	0.0	0.0	0.0
AT2G17780	53	1.485388	11.496889	14.857390
AT4G16530	0	0.0	0.0	0.0
AT2G42340	0	0.000000	0.000000	0.000000
AT5G65158	0	0.0	0.0	0.0
AT1G53390	79	1.589335	11.333572	14.646337
AT3G16140	1282	78.863075	550.577454	711.509399
AT2G07235	0	0.0	0.0	0.0
AT5G52140	0	0.0	0.0	0.0
AT3G43500	0	0.0	0.0	0.0
AT1G10520	0	0.000000	0.000000	0.000000
AT1G29510	32	3.129743	21.850100	28.236809
AT3G48810	32	0.794733	6.239274	8.062993
AT1G29460	20	1.724022	15.193734	19.634809
AT4G26600	31	0.826877	6.661086	8.608098
AT4G15975	0	0.0	0.0	0.0
AT1G07220	18	0.674550	5.131271	6.631124
AT1G59960	21	1.168850	8.160251	10.545465
AT2G23380	0	0.000000	0.000000	0.000000
AT2G10535	0	0.0	0.0	0.0
AT3G27120	0	0.000000	0.000000	0.000000
AT5G26600	29	0.809236	6.896549	8.912386
AT3G26290	128	4.974609	34.729912	44.881348
AT4G16008	35	1.840608	12.850086	16.606123
AT2G07760	0	0.0	0.0	0.0
AT1G44750	42	1.249059	13.297974	17.184925
AT1G06190	173	6.514608	61.842098	79.918327
AT1G09293	0	0.0	0.0	0.0
AT5G02720	0	0.000000	0.000000	0.000000
AT3G54510	8	0.196274	1.492408	1.928633
AT2G32030	5	0.345941	2.415165	3.121109
AT3G54460	47	0.851083	5.941782	7.678544
AT1G77940	676	75.677872	528.340149	682.772217
AT5G17305	0	0.000000	0.000000	0.000000
AT3G03825	0	0.0	0.0	0.0
AT5G13181	0	0.0	0.0	0.0
AT5G41315	0	0.0	0.0	0.0
AT1G08480	94	8.342508	58.242687	75.266823
AT2G24440	11	0.395007	2.757716	3.563787
AT1G53600	5	0.129433	0.903628	1.167756
AT4G02720	16	0.701915	4.900374	6.332737
AT3G57950	2	0.161916	1.130406	1.460820
AT2G08990	0	0.0	0.0	0.0
AT1G24148	49	2.857037	25.940180	33.522408
AT3G17205	62	1.209154	8.561712	11.064271
AT3G22800	4	0.147059	1.026683	1.326779
AT4G26390	0	0.000000	0.000000	0.000000
AT5G59000	0	0.000000	0.000000	0.000000
AT3G01142	9	0.449968	3.141423	4.059650
AT1G61500	13	0.279151	2.232573	2.885146
AT1G48490	17	0.291602	2.115815	2.734260
AT1G61760	1	0.066176	0.462003	0.597046
AT3G62750	137	3.872863	42.169731	54.495796
AT4G05095	0	0.0	0.0	0.0
AT3G27390	130	4.121224	30.148960	38.961399
AT1G06645	5	0.221934	1.549418	2.002307
AT2G05632	12	0.916266	6.396852	8.266630
AT1G66030	0	0.0	0.0	0.0
AT5G37475	55	2.222785	18.440737	23.830900
AT5G05095	0	0.0	0.0	0.0
AT2G25250	55	3.243628	22.645180	29.264290
AT1G75260	0	0.0	0.0	0.0
AT4G17483	0	0.0	0.0	0.0
AT4G27290	0	0.000000	0.000000	0.000000
AT1G68830	114	4.271698	29.822584	38.539623
AT3G04045	0	0.0	0.0	0.0
AT3G12950	31	1.032878	7.210971	9.318714
AT5G66810	0	0.000000	0.000000	0.000000
AT3G13790	50	1.549980	11.463706	14.814508
AT1G11960	0	0.000000	0.000000	0.000000
AT1G53120	35	2.350803	16.411980	21.209146
AT4G14342	155	11.356290	120.585777	155.832581
AT5G56950	151	7.149881	49.916435	64.506836
AT4G26450	38	0.980085	6.842401	8.842411
AT5G60020	8	0.263908	1.955758	2.527420
AT1G20770	40	2.398479	17.945759	23.191244
AT5G27290	103	5.549416	42.591141	55.040386
AT1G48350	1039	92.584167	646.370422	835.302307
AT2G07055	0	0.000000	0.000000	0.000000
AT1G34570	46	2.448727	22.026493	28.464762
AT1G58242	0	0.0	0.0	0.0
AT1G67350	217	19.901642	140.070343	181.012436
AT1G03740	31	0.707597	12.719024	16.436750
AT2G01490	90	3.760608	28.204687	36.448822
AT4G17140	62	0.358860	2.590203	3.347311
AT4G00330	72	3.526186	24.816616	32.070427
AT2G07684	0	0.0	0.0	0.0
AT5G26120	0	0.0	0.0	0.0
AT3G27600	0	0.0	0.0	0.0
AT1G22790	11	0.473456	3.610519	4.665862
AT1G23950	23	1.151739	8.521911	11.012836
AT2G18070	0	0.0	0.0	0.0
AT5G17140	0	0.0	0.0	0.0
AT2G32250	20	0.453742	3.234478	4.179905
AT4G26120	0	0.0	0.0	0.0
AT1G47830	42	2.532428	24.729599	31.957977
AT1G53450	31	0.949435	7.390827	9.551141
AT2G29070	12	0.210214	3.945132	5.098281
AT2G41480	0	0.000000	0.000000	0.000000
AT5G47010	81	1.419397	9.909429	12.805922
AT1G56415	0	0.0	0.0	0.0
AT1G20130	0	0.000000	0.000000	0.000000
AT5G11000	30	1.200000	8.377723	10.826503
AT4G08869	0	0.0	0.0	0.0
AT3G17530	0	0.0	0.0	0.0
AT1G01980	0	0.0	0.0	0.0
AT2G16870	5	0.102904	0.719430	0.929717
AT3G62610	0	0.0	0.0	0.0
AT1G06320	0	0.0	0.0	0.0
ATCG00070	169	72.370964	505.253235	652.937073
AT4G11000	0	0.000000	0.000000	0.000000
AT3G45920	0	0.0	0.0	0.0
AT1G43040	0	0.0	0.0	0.0
AT3G25590	2	0.061913	0.432242	0.558584
AT3G51370	100	3.678835	26.643917	34.431843
AT2G04225	0	0.0	0.0	0.0
AT5G40382	0	0.000000	0.000000	0.000000
AT4G06598	13	0.432386	3.221591	4.163250
AT2G09745	0	0.0	0.0	0.0
AT1G32860	10	0.406477	2.837793	3.667270
AT5G44575	7	0.783866	5.472510	7.072106
AT2G27389	0	0.0	0.0	0.0
AT1G04230	52	2.063307	14.404845	18.615332
AT3G24130	0	0.0	0.0	0.0
AT3G48100	44	2.415172	16.861368	21.789888
AT3G03060	19	0.615803	4.299189	5.555827
AT5G07710	11	0.466241	3.255032	4.206466
AT1G21520	40	3.477448	24.277578	31.373833
AT1G76700	28	1.327338	9.266725	11.975357
AT5G49640	58	6.819118	47.607235	61.522667
AT3G06400	66	1.408980	10.073765	13.018292
AT1G22080	0	0.0	0.0	0.0
AT4G24540	36	2.472727	17.263186	22.309155
AT4G15765	8	0.319287	2.229082	2.880635
AT3G62820	24	1.541423	10.761346	13.906850
AT1G13110	191	8.134296	56.789070	73.388321
AT2G33640	0	0.000000	0.000000	0.000000
AT5G24540	0	0.0	0.0	0.0
AT5G51270	0	0.0	0.0	0.0
AT1G68470	9	0.381061	2.660353	3.437965
AT1G60630	6	0.184719	1.289604	1.666551
AT3G01635	1	0.293247	2.047285	2.645700
AT5G15230	309	24.778111	216.450806	279.718658
AT3G24770	65	4.388557	30.638428	39.593937
AT1G47470	0	0.0	0.0	0.0
AT1G65550	0	0.0	0.0	0.0
AT5G56075	0	0.0	0.0	0.0
AT3G13080	50	0.699964	5.140418	6.642943
AT4G24880	28	0.888709	6.204465	8.018008
AT3G22110	169	11.031837	77.018066	99.530174
AT5G10435	0	0.000000	0.000000	0.000000
AT1G70380	0	0.0	0.0	0.0
AT1G33330	38	2.524728	18.254311	23.589983
AT4G15230	0	0.000000	0.000000	0.000000
AT2G45680	4	0.157464	1.099325	1.420654
AT3G61040	0	0.0	0.0	0.0
AT4G30740	0	0.000000	0.000000	0.000000
AT5G07650	0	0.000000	0.000000	0.000000
AT2G07970	0	0.0	0.0	0.0
AT5G24880	0	0.0	0.0	0.0
AT1G02210	0	0.0	0.0	0.0
AT4G05785	0	0.000000	0.000000	0.000000
AT5G66620	0	0.000000	0.000000	0.000000
AT2G16430	155	6.392985	46.931599	60.649544
AT1G56233	0	0.0	0.0	0.0
AT5G05785	0	0.0	0.0	0.0
AT4G34060	12	0.208395	1.656757	2.141022
AT3G11402	5	0.147686	1.031060	1.332436
AT2G18938	2	0.186312	1.300725	1.680923
AT1G61563	0	0.0	0.0	0.0
AT2G47060	15	0.561749	4.605702	5.951933
AT5G41580	17	0.455206	3.255695	4.207323
AT1G05987	0	0.000000	0.000000	0.000000
AT5G42020	255	7.112138	54.396240	70.296074
AT3G09835	0	0.0	0.0	0.0
AT2G30180	0	0.0	0.0	0.0
AT1G04050	0	0.000000	0.000000	0.000000
AT1G31310	0	0.0	0.0	0.0
AT1G55170	25	0.305429	7.537800	9.741074
AT1G58520	26	0.511875	4.118928	5.322877
AT5G66100	24	0.836618	6.199228	8.011242
AT4G28270	13	0.848185	5.921549	7.652398
AT3G19370	33	0.892646	6.231951	8.053529
AT3G03615	0	0.0	0.0	0.0
AT3G00975	0	0.0	0.0	0.0
AT1G61970	11	0.282763	1.988857	2.570194
AT5G01590	121	3.908428	33.587502	43.405010
AT5G19270	0	0.0	0.0	0.0
AT1G20960	137	1.508840	10.541018	13.622122
AT1G55265	0	0.000000	0.000000	0.000000
AT2G21200	3	0.244989	1.710375	2.210312
AT3G06650	194	5.367347	39.038177	50.448902
AT4G01590	95	6.113956	52.511837	67.860870
AT2G05145	0	0.000000	0.000000	0.000000
AT3G28370	11	0.407322	4.764502	6.157149
AT4G19270	0	0.0	0.0	0.0
AT1G11770	0	0.000000	0.000000	0.000000
AT1G50460	39	0.829592	6.133505	7.926308
AT4G38495	23	3.342296	23.334023	30.154480
AT1G65484	7	0.784830	5.479240	7.080803
AT1G50510	26	1.133628	10.333733	13.354247
AT1G04007	0	0.000000	0.000000	0.000000
AT3G43970	0	0.0	0.0	0.0
AT4G07400	10	0.399242	2.787282	3.601995
AT5G09185	0	0.000000	0.000000	0.000000
AT4G15050	0	0.0	0.0	0.0
AT1G55730	32	0.949198	8.475267	10.952559
AT5G54062	0	0.0	0.0	0.0
AT3G14520	0	0.0	0.0	0.0
AT3G06710	0	0.0	0.0	0.0
AT2G26550	43	1.959884	15.710562	20.302706
AT5G67245	11	1.153515	8.053191	10.407111
AT5G07400	2	0.036555	0.255911	0.330714
AT4G21213	0	0.0	0.0	0.0
AT1G76560	5	0.476005	3.323198	4.294558
AT1G76410	8	0.594540	4.150743	5.363991
AT5G15050	42	1.842567	12.863763	16.623796
AT4G09185	0	0.0	0.0	0.0
AT3G03755	0	0.0	0.0	0.0
AT3G02995	0	0.0	0.0	0.0
AT5G41840	0	0.0	0.0	0.0
AT1G11130	16	0.398470	2.903125	3.751699
AT5G20000	57	2.530134	17.663967	22.827085
AT4G02850	80	5.619270	42.282669	54.641747
AT3G48620	0	0.0	0.0	0.0
AT4G25635	0	0.000000	0.000000	0.000000
AT2G17090	0	0.0	0.0	0.0
AT4G20555	0	0.0	0.0	0.0
AT1G44820	32	1.117519	8.069820	10.428601
AT4G20000	2	0.142300	0.993458	1.283843
AT5G02850	27	1.237762	8.641356	11.167194
AT3G25070	51	2.180000	15.916409	20.568722
AT1G36150	0	0.0	0.0	0.0
AT1G09420	0	0.000000	0.000000	0.000000
AT3G60176	0	0.0	0.0	0.0
AT2G31600	13	0.617252	4.869363	6.292661
AT5G11990	1	0.092757	0.647577	0.836862
AT4G07375	0	0.0	0.0	0.0
AT5G17830	5	0.155473	1.270370	1.641695
AT1G54250	13	0.960600	6.731627	8.699257
AT4G33920	25	0.793881	6.618938	8.553632
AT2G09435	0	0.000000	0.000000	0.000000
AT1G27260	0	0.0	0.0	0.0
AT4G11990	0	0.000000	0.000000	0.000000
AT3G07160	134	1.724533	12.147405	15.698050
AT3G15115	7	0.368799	2.574747	3.327336
AT4G17830	85	4.117189	29.758474	38.456776
AT4G22235	0	0.000000	0.000000	0.000000
AT3G07275	0	0.0	0.0	0.0
AT5G61790	417	15.282768	106.695663	137.882446
AT4G04085	0	0.0	0.0	0.0
AT1G76980	20	0.910926	6.359571	8.218452
AT5G35760	0	0.000000	0.000000	0.000000
AT1G34780	55	2.643213	19.423422	25.100822
AT1G71320	0	0.0	0.0	0.0
AT2G38950	29	0.876500	6.119229	7.907858
AT5G38670	0	0.000000	0.000000	0.000000
ATMG01040	1	0.114198	0.797266	1.030304
AT1G20840	75	2.098541	14.650829	18.933216
AT1G69290	2	0.073849	0.515572	0.666272
AT1G17010	0	0.0	0.0	0.0
AT1G05065	18	1.928870	13.466282	17.402430
AT5G04085	0	0.0	0.0	0.0
AT4G35760	386	9.263742	66.307510	85.688972
AT4G38670	13	0.492063	3.803996	4.915891
AT3G42565	0	0.0	0.0	0.0
AT1G09107	0	0.0	0.0	0.0
AT4G08878	0	0.0	0.0	0.0
AT1G03870	113	7.750859	54.112122	69.928909
AT4G30430	0	0.0	0.0	0.0
AT5G24215	0	0.000000	0.000000	0.000000
AT2G31390	36	1.924244	13.433987	17.360693
AT3G17180	0	0.000000	0.000000	0.000000
AT5G10745	18	0.682439	5.037148	6.509489
AT1G20580	113	9.386292	67.420082	87.126740
AT3G18250	0	0.000000	0.000000	0.000000
AT4G29350	712	61.989292	432.774261	559.272705
AT5G57630	90	3.234896	28.426430	36.735378
AT2G27720	263	18.171246	156.146500	201.787598
AT4G05905	0	0.0	0.0	0.0
AT5G60945	0	0.0	0.0	0.0
AT1G15085	0	0.000000	0.000000	0.000000
AT3G63000	34	1.582984	11.051500	14.281817
AT5G22760	32	0.445741	3.198838	4.133847
AT5G18350	0	0.0	0.0	0.0
AT5G05905	0	0.0	0.0	0.0
AT3G44435	0	0.000000	0.000000	0.000000
AT1G06253	1	0.026329	0.183814	0.237542
AT1G09150	54	3.499588	24.432150	31.573582
AT3G29250	0	0.0	0.0	0.0
AT4G18350	0	0.0	0.0	0.0
AT3G24315	40	2.199022	18.064535	23.344736
AT4G22760	1	0.024199	0.168944	0.218325
AT5G41960	0	0.000000	0.000000	0.000000
AT1G68140	30	0.922743	6.714682	8.677361
AT1G05417	1	0.005954	0.041567	0.053717
AT3G04920	473	33.282818	281.162811	363.345764
AT2G16740	61	4.967179	36.631741	47.339073
AT1G07493	0	0.0	0.0	0.0
AT1G05567	0	0.0	0.0	0.0
AT3G53260	118	3.259093	22.753149	29.403816
AT2G08000	1	0.007590	0.052989	0.068478
AT1G05707	0	0.000000	0.000000	0.000000
AT5G00805	0	0.0	0.0	0.0
AT2G43160	58	1.267255	8.847259	11.433283
AT2G08555	1	0.000197	0.001375	0.001777
AT4G39160	11	0.347084	2.691085	3.477680
AT3G28715	100	5.103338	35.905174	46.400135
AT4G14750	13	0.557010	4.077829	5.269764
AT2G31450	21	0.669859	8.213178	10.613861
AT1G54030	108	5.301852	37.014542	47.833763
AT1G32940	11	0.282043	2.252735	2.911201
AT5G59990	0	0.000000	0.000000	0.000000
AT1G71190	0	0.000000	0.000000	0.000000
AT5G22500	0	0.000000	0.000000	0.000000
AT2G23240	0	0.0	0.0	0.0
AT4G29490	24	0.965500	7.299817	9.433529
AT2G02290	0	0.0	0.0	0.0
AT1G48742	0	0.0	0.0	0.0
AT5G39160	0	0.000000	0.000000	0.000000
AT5G14750	0	0.000000	0.000000	0.000000
AT5G01070	0	0.0	0.0	0.0
AT5G67460	8	0.318206	2.558843	3.306784
AT5G67510	169	15.397119	107.493996	138.914124
AT5G18490	0	0.000000	0.000000	0.000000
AT3G56630	30	1.295254	9.042732	11.685892
AT5G03525	0	0.000000	0.000000	0.000000
AT4G16180	61	1.337026	10.007832	12.933087
AT5G54810	281	12.566555	87.732590	113.376534
AT1G05610	0	0.000000	0.000000	0.000000
AT5G64950	4	0.214864	1.500059	1.938521
AT4G01070	55	2.112035	15.398988	19.900059
AT1G17665	0	0.000000	0.000000	0.000000
AT2G42280	22	0.852561	6.527691	8.435713
AT1G36627	0	0.0	0.0	0.0
AT4G18490	0	0.000000	0.000000	0.000000
AT1G07353	0	0.0	0.0	0.0
AT2G19146	0	0.0	0.0	0.0
AT3G52180	97	3.884809	29.772297	38.474640
AT5G16180	39	1.169073	9.075573	11.728333
AT4G03525	0	0.0	0.0	0.0
AT5G53360	7	0.332924	2.622192	3.388650
AT2G39800	110	2.862260	21.263624	27.478909
AT1G47695	0	0.0	0.0	0.0
AT1G05750	16	0.389866	2.721824	3.517404
AT4G35500	0	0.000000	0.000000	0.000000
AT1G09627	0	0.000000	0.000000	0.000000
AT3G18030	0	0.000000	0.000000	0.000000
AT1G55440	0	0.0	0.0	0.0
AT5G06275	3	0.671779	4.689982	6.060848
AT4G04404	0	0.0	0.0	0.0
AT1G08833	0	0.0	0.0	0.0
AT5G48510	0	0.0	0.0	0.0
AT5G48460	30	1.015591	7.090283	9.162749
AT1G26360	0	0.0	0.0	0.0
AT5G14610	23	0.493214	3.590511	4.640005
AT3G29030	124	6.920112	48.312317	62.433842
AT3G45248	0	0.0	0.0	0.0
AT3G06375	0	0.0	0.0	0.0
AT1G06033	9	4.823129	33.672367	43.514683
AT5G06160	48	1.823501	13.625982	17.608810
AT2G17570	0	0.000000	0.000000	0.000000
AT5G40520	19	0.504312	3.872100	5.003901
AT3G52072	0	0.000000	0.000000	0.000000
AT5G52830	4	0.185209	1.293025	1.670971
AT3G16830	53	1.068816	7.461870	9.642949
AT4G06160	0	0.000000	0.000000	0.000000
AT5G56010	650	11.461985	145.630692	188.198029
AT3G12010	85	2.188170	15.311405	19.786877
AT2G04555	0	0.000000	0.000000	0.000000
AT3G24715	25	0.473469	3.367754	4.352137
AT4G18750	14	0.365206	2.549662	3.294920
AT4G22360	45	1.732306	12.093984	15.629013
AT3G32904	0	0.0	0.0	0.0
AT5G15833	0	0.0	0.0	0.0
AT1G58030	41	1.308632	9.136130	11.806590
AT2G16340	0	0.0	0.0	0.0
AT5G42530	5261	703.749146	4913.179688	6349.284668
AT1G02813	0	0.0	0.0	0.0
AT5G61600	6	0.315335	2.201491	2.844979
AT2G27320	0	0.0	0.0	0.0
AT1G03280	43	1.472103	10.357407	13.384841
AT3G15440	0	0.0	0.0	0.0
AT3G07545	0	0.0	0.0	0.0
AT2G07915	0	0.0	0.0	0.0
AT2G15960	95	9.815824	68.528542	88.559204
AT5G22360	57	3.573228	24.946260	32.237968
AT3G23180	0	0.0	0.0	0.0
AT5G18750	9	0.210865	1.472141	1.902442
AT5G50820	0	0.0	0.0	0.0
AT1G70900	25	1.251113	10.036135	12.969663
AT4G07135	0	0.0	0.0	0.0
AT4G29750	104	2.854822	20.563366	26.573967
AT3G05810	32	3.303191	23.952879	30.954226
AT3G22260	19	0.870405	7.274621	9.400969
AT1G21250	302	7.032608	61.306129	79.225700
AT3G01150	0	0.000000	0.000000	0.000000
AT5G14490	0	0.0	0.0	0.0
AT1G02160	199	6.011329	43.873074	56.697021
AT4G09940	0	0.0	0.0	0.0
AT4G31685	0	0.0	0.0	0.0
AT4G10345	0	0.0	0.0	0.0
AT2G13720	0	0.0	0.0	0.0
AT5G07135	0	0.0	0.0	0.0
AT3G42140	0	0.0	0.0	0.0
AT5G53500	52	1.282180	8.951457	11.567938
AT5G09940	0	0.0	0.0	0.0
AT2G31790	103	4.972928	34.718178	44.866180
AT1G33440	0	0.000000	0.000000	0.000000
AT4G14490	12	0.496905	3.469110	4.483119
AT1G56830	0	0.0	0.0	0.0
AT1G13260	106	4.689961	32.742661	42.313229
AT4G35360	58	2.418678	19.100546	24.683569
AT5G47950	0	0.0	0.0	0.0
AT2G47670	0	0.000000	0.000000	0.000000
AT1G65220	61	2.910843	20.321863	26.261875
AT5G36940	22	0.762653	5.324413	6.880721
AT3G02493	0	0.0	0.0	0.0
AT5G10620	14	0.923456	7.547923	9.754155
AT3G14030	0	0.0	0.0	0.0
AT5G61390	7	0.265528	1.853767	2.395616
AT5G35360	251	8.730865	67.700455	87.489067
AT1G26500	0	0.000000	0.000000	0.000000
AT1G71720	71	2.936017	22.602964	29.209732
AT1G34380	41	1.940109	16.224251	20.966541
AT5G44510	0	0.000000	0.000000	0.000000
AT1G04833	7	0.220187	1.537221	1.986546
AT5G44460	1	0.073340	0.512019	0.661680
AT3G01420	0	0.000000	0.000000	0.000000
AT4G10620	56	2.226866	15.546721	20.090975
AT5G23830	0	0.0	0.0	0.0
AT4G36940	66	2.473734	17.270214	22.318239
AT4G29610	20	1.364685	9.527461	12.312304
AT5G18610	0	0.000000	0.000000	0.000000
AT3G49000	21	0.784915	5.479833	7.081570
AT1G23010	24	0.801177	5.805678	7.502658
AT2G45990	92	4.717762	45.017162	58.175526
AT3G61290	0	0.0	0.0	0.0
AT5G07775	0	0.0	0.0	0.0
AT1G16630	14	0.355124	2.479275	3.203959
AT4G18610	5	0.143250	1.000091	1.292414
AT3G07885	0	0.000000	0.000000	0.000000
AT1G12180	0	0.0	0.0	0.0
AT1G05490	0	0.0	0.0	0.0
AT4G07775	0	0.0	0.0	0.0
AT2G30945	2	0.095819	0.856266	1.106550
AT1G11655	0	0.0	0.0	0.0
AT5G06885	0	0.000000	0.000000	0.000000
AT5G25150	17	0.489819	3.836243	4.957564
AT1G57180	0	0.0	0.0	0.0
AT1G58250	55	0.502857	3.636162	4.699000
AT5G61450	26	1.109189	7.743731	10.007198
AT2G40890	41	1.664002	12.134811	15.681774
AT4G06885	0	0.000000	0.000000	0.000000
AT4G21810	71	3.021094	32.107010	41.491776
AT3G44798	9	0.923611	6.448131	8.332897
AT1G07977	0	0.0	0.0	0.0
AT3G06775	0	0.0	0.0	0.0
AT4G25150	9	0.523923	3.657735	4.726878
AT2G23570	0	0.0	0.0	0.0
AT4G32420	83	1.877627	15.685905	20.270840
ATMG00830	4	0.271105	1.892702	2.445932
AT4G08085	0	0.000000	0.000000	0.000000
AT3G20640	17	0.538367	4.176198	5.396885
AT2G27190	43	1.746632	12.938108	16.719873
AT2G34950	0	0.0	0.0	0.0
AT4G10100	29	3.638709	26.809977	34.646442
ATCG01170	150	115.733009	807.982605	1044.153076
AT1G26760	5	0.212555	1.483939	1.917689
AT5G08085	0	0.0	0.0	0.0
AT1G05697	0	0.0	0.0	0.0
AT1G07613	0	0.000000	0.000000	0.000000
AT2G37510	0	0.000000	0.000000	0.000000
AT4G34670	429	27.637903	192.952240	249.351532
AT1G05350	41	1.472794	11.718186	15.143372
AT2G37460	36	1.739583	12.144787	15.694667
AT5G10100	0	0.0	0.0	0.0
AT3G46950	10	0.483390	3.374756	4.361186
AT2G17240	256	24.461079	170.773453	220.689941
AT3G06135	0	0.0	0.0	0.0
AT1G26235	0	0.0	0.0	0.0
AT2G03895	1	0.007698	0.053743	0.069452
AT1G07753	0	0.000000	0.000000	0.000000
AT5G53760	7	0.198283	1.384300	1.788926
AT3G02685	0	0.0	0.0	0.0
AT3G14250	0	0.0	0.0	0.0
AT4G09012	19	1.144418	18.513847	23.925381
AT4G32150	73	4.251651	29.682627	38.358757
AT1G75800	84	3.755319	27.463041	35.490395
AT3G03670	0	0.0	0.0	0.0
AT5G06545	0	0.0	0.0	0.0
AT5G61120	0	0.0	0.0	0.0
AT5G18065	0	0.000000	0.000000	0.000000
AT2G35585	0	0.000000	0.000000	0.000000
AT5G55920	193	6.232943	43.514893	56.234146
AT5G20225	15	0.745247	7.525359	9.724997
AT5G14350	0	0.000000	0.000000	0.000000
AT1G76728	0	0.000000	0.000000	0.000000
AT2G42870	23	1.519534	10.608529	13.709366
AT4G25420	0	0.000000	0.000000	0.000000
AT1G50575	43	2.487787	17.368324	22.445026
AT3G57010	0	0.000000	0.000000	0.000000
AT1G05307	0	0.0	0.0	0.0
AT4G14350	27	0.750352	5.593024	7.227845
AT2G12462	0	0.000000	0.000000	0.000000
AT5G25420	0	0.0	0.0	0.0
AT1G64140	73	2.017007	14.606182	18.875519
AT3G08920	0	0.000000	0.000000	0.000000
AT1G67820	0	0.000000	0.000000	0.000000
AT5G05385	0	0.0	0.0	0.0
AT1G31400	0	0.0	0.0	0.0
AT1G69040	118	3.899334	33.287884	43.017818
AT5G51540	7	0.223094	1.560916	2.017167
AT5G24270	0	0.0	0.0	0.0
AT3G15730	338	8.062182	58.109676	75.094940
AT1G08050	6	0.175904	1.228063	1.587021
AT2G09620	0	0.0	0.0	0.0
AT2G35965	0	0.0	0.0	0.0
AT4G05385	0	0.0	0.0	0.0
AT1G54520	131	6.549781	45.726875	59.092686
AT1G76690	76	1.883699	13.150924	16.994894
AT4G24270	35	0.852060	6.863910	8.870208
ATMG01290	0	0.0	0.0	0.0
AT3G27080	64	4.627289	33.533459	43.335171
AT1G70780	206	14.214719	100.898956	130.391373
AT1G33730	0	0.0	0.0	0.0
AT4G30340	17	0.612321	4.666057	6.029929
AT2G41230	2	0.153684	1.072935	1.386550
AT2G34202	0	0.0	0.0	0.0
AT4G11680	10	0.410314	2.882355	3.724858
AT5G63640	48	1.259949	9.161487	11.839358
AT3G51130	22	0.996443	6.956603	8.989994
AT5G24165	182	12.149329	139.912674	180.808670
AT5G03035	0	0.0	0.0	0.0
AT1G06850	18	0.885256	6.207160	8.021491
AT5G11680	90	2.399331	17.076313	22.067659
AT3G05285	0	0.000000	0.000000	0.000000
AT1G08007	0	0.0	0.0	0.0
AT1G33265	42	3.749433	26.176426	33.827705
AT3G03495	0	0.0	0.0	0.0
AT5G07310	0	0.0	0.0	0.0
AT3G15170	0	0.000000	0.000000	0.000000
AT1G76300	35	3.475655	24.265062	31.357656
AT3G18520	38	1.030025	9.317341	12.040767
AT5G05653	0	0.0	0.0	0.0
AT1G27110	0	0.0	0.0	0.0
AT5G51880	62	4.665893	32.574631	42.096085
AT5G01660	0	0.000000	0.000000	0.000000
AT3G07210	24	0.777732	5.429686	7.016765
AT3G44620	124	7.146676	52.512077	67.861176
AT5G40030	0	0.000000	0.000000	0.000000
AT3G51770	33	0.653415	4.670078	6.035126
AT1G06523	0	0.0	0.0	0.0
AT3G10460	0	0.0	0.0	0.0
AT3G10510	0	0.0	0.0	0.0
AT4G01660	27	0.873288	6.313891	8.159421
AT2G10940	4022	174.643326	1505.000732	1944.907227
AT1G33170	61	2.012144	14.047655	18.153736
AT1G48820	0	0.000000	0.000000	0.000000
AT2G36620	441	36.390095	254.055099	328.314545
AT2G09345	0	0.000000	0.000000	0.000000
AT4G40030	164	9.901488	96.850395	125.159431
AT4G19540	28	1.208633	8.447342	10.916471
AT1G31650	50	1.460256	11.833115	15.291894
AT1G53080	0	0.0	0.0	0.0
AT4G06210	1	0.089697	0.626214	0.809254
AT1G29785	40	1.477612	34.343460	44.381939
AT2G36100	0	0.000000	0.000000	0.000000
AT5G60180	3	0.146709	1.024239	1.323621
AT3G03355	0	0.0	0.0	0.0
AT5G19540	108	4.834734	34.726101	44.876423
AT2G16586	7	0.489368	3.416491	4.415120
AT5G48575	0	0.0	0.0	0.0
AT1G08230	15	0.369811	2.743125	3.544931
AT5G06210	25	2.334511	16.298239	21.062159
AT3G28130	75	3.024936	27.034306	34.936340
AT3G44100	0	0.000000	0.000000	0.000000
AT1G77200	1	0.065237	0.455448	0.588574
AT5G59680	0	0.000000	0.000000	0.000000
AT5G09860	47	1.555925	11.393166	14.723349
AT2G23090	27	0.229508	23.575918	30.467077
AT1G62620	0	0.000000	0.000000	0.000000
AT3G06310	47	2.259032	32.032978	41.396107
AT2G02040	51	1.884363	13.155560	17.000885
AT4G28540	53	1.909799	13.333139	17.230370
AT5G03255	0	0.000000	0.000000	0.000000
AT1G51402	1	0.135317	0.944707	1.220842
AT4G09860	0	0.0	0.0	0.0
AT2G41050	0	0.000000	0.000000	0.000000
AT3G19130	76	3.031421	23.600206	30.498465
AT2G41505	0	0.000000	0.000000	0.000000
AT3G17609	18	1.797419	12.548565	16.216469
AT5G28540	450	12.668018	88.440956	114.291939
AT4G14675	0	0.000000	0.000000	0.000000
AT1G55330	257	47.969555	334.896362	432.785431
AT2G05410	0	0.0	0.0	0.0
AT2G01820	133	3.134968	21.886578	28.283949
AT3G28770	8	0.089427	0.632127	0.816896
AT4G36860	42	1.211475	9.329349	12.056285
AT1G11370	0	0.0	0.0	0.0
AT2G46255	0	0.0	0.0	0.0
AT3G25660	567	21.671450	151.297836	195.521667
AT4G28880	73	1.555495	16.500715	21.323816
AT3G60830	32	1.342873	9.375181	12.115515
AT5G03944	0	0.0	0.0	0.0
AT5G45455	0	0.000000	0.000000	0.000000
AT5G38060	0	0.000000	0.000000	0.000000
AT4G19880	64	3.025702	22.156757	28.633104
AT4G08691	0	0.0	0.0	0.0
AT3G19770	20	0.675759	4.989988	6.448545
AT5G26080	0	0.0	0.0	0.0
AT5G46877	0	0.0	0.0	0.0
AT5G63195	0	0.000000	0.000000	0.000000
AT5G01015	21	3.095941	22.020391	28.456875
AT5G39210	61	4.831663	37.530083	48.499996
AT3G48745	0	0.0	0.0	0.0
AT2G15580	63	2.968377	20.898104	27.006548
AT2G07485	0	0.000000	0.000000	0.000000
AT5G19880	0	0.0	0.0	0.0
AT2G43210	9	0.319922	2.375126	3.069368
AT4G38060	19	0.640212	4.605653	5.951870
AT5G40250	11	0.458879	3.203634	4.140046
AT3G53110	88	3.765594	26.289253	33.973511
AT2G09100	0	0.0	0.0	0.0
AT4G26080	88	3.237898	22.605177	29.212593
AT1G31710	40	1.283442	8.960268	11.579324
AT4G39210	56	1.728118	15.034348	19.428835
AT1G05675	0	0.000000	0.000000	0.000000
AT5G60320	0	0.0	0.0	0.0
AT4G33620	13	0.406521	2.838100	3.667667
AT1G70790	22	0.515714	5.153821	6.660266
AT2G07355	0	0.000000	0.000000	0.000000
AT1G48050	28	0.624281	6.123983	7.914002
AT1G35515	77	3.666267	34.202885	44.200272
AT1G55947	0	0.0	0.0	0.0
AT1G43815	0	0.0	0.0	0.0
AT4G11690	1	0.039184	0.291894	0.377213
AT3G16550	0	0.0	0.0	0.0
AT5G52550	28	1.269695	8.864295	11.455297
AT3G05295	0	0.0	0.0	0.0
AT3G04345	0	0.0	0.0	0.0
AT1G30260	26	2.236900	15.616775	20.181503
AT2G24520	22	0.484892	3.615155	4.671853
AT5G11690	0	0.000000	0.000000	0.000000
AT2G31900	0	0.000000	0.000000	0.000000
AT1G66330	78	3.436394	25.321459	32.722832
AT5G05395	0	0.000000	0.000000	0.000000
AT5G64400	471	14.372272	122.190514	157.906357
AT5G04245	0	0.0	0.0	0.0
AT1G72130	42	1.692661	12.732205	16.453785
AT4G38970	4207	190.328049	1331.776245	1721.049805
AT1G76680	0	0.000000	0.000000	0.000000
AT1G08553	0	0.000000	0.000000	0.000000
AT4G05395	0	0.000000	0.000000	0.000000
AT3G45285	0	0.0	0.0	0.0
AT3G27090	139	5.835970	44.860386	57.972927
AT3G60220	11	0.499690	3.488554	4.508246
AT4G09725	0	0.0	0.0	0.0
AT2G38650	75	2.202080	15.845737	20.477392
AT5G38970	0	0.000000	0.000000	0.000000
AT1G01225	0	0.000000	0.000000	0.000000
ATMG01280	3	0.222603	1.554088	2.008343
AT2G45700	35	0.965338	7.418278	9.586616
AT1G05473	0	0.0	0.0	0.0
AT2G38710	28	1.553116	11.502843	14.865086
ATCG00370	4	2.816092	19.660364	25.407022
AT1G06020	0	0.0	0.0	0.0
AT5G57930	18	0.877573	6.126719	7.917539
AT4G27430	123	2.080645	14.525890	18.771759
AT5G51890	19	1.175984	8.210056	10.609828
AT4G11300	11	0.525666	3.669903	4.742604
AT2G29370	0	0.000000	0.000000	0.000000
AT2G31957	0	0.0	0.0	0.0
AT5G47310	82	4.006135	28.945255	37.405853
AT2G06035	0	0.0	0.0	0.0
AT5G32619	0	0.0	0.0	0.0
AT5G11300	10	0.377928	2.655068	3.431135
AT5G27430	70	3.072714	21.451956	27.722288
AT1G10440	0	0.0	0.0	0.0
AT3G11200	123	6.298910	49.969166	64.574982
AT5G05605	0	0.0	0.0	0.0
AT2G30720	28	1.137841	8.323281	10.756148
AT3G47210	0	0.0	0.0	0.0
AT3G04620	0	0.000000	0.000000	0.000000
AT2G08835	0	0.0	0.0	0.0
AT5G41660	0	0.0	0.0	0.0
AT1G74110	0	0.0	0.0	0.0
AT3G02470	1415	54.105213	431.712311	557.900330
AT1G67050	38	2.265909	15.819298	20.443224
AT4G05605	0	0.0	0.0	0.0
AT4G00030	44	1.532371	10.698150	13.825182
AT1G72770	15	0.384870	2.911014	3.761894
AT2G18370	0	0.0	0.0	0.0
AT1G08820	27	0.790022	5.722138	7.394700
AT5G18661	0	0.0	0.0	0.0
AT4G08575	0	0.000000	0.000000	0.000000
AT4G05125	0	0.0	0.0	0.0
AT2G23080	407	18.531351	136.291000	176.128403
AT5G59690	178	19.021477	132.797211	171.613388
AT3G48201	0	0.0	0.0	0.0
AT4G31470	0	0.0	0.0	0.0
AT5G08575	0	0.000000	0.000000	0.000000
AT1G24200	0	0.0	0.0	0.0
AT5G05125	0	0.0	0.0	0.0
AT1G48230	77	3.048573	22.753204	29.403889
AT5G62730	0	0.0	0.0	0.0
AT5G46210	123	3.573202	24.946079	32.237736
AT1G32640	60	1.448161	10.110243	13.065433
AT3G04100	0	0.0	0.0	0.0
AT3G46310	0	0.000000	0.000000	0.000000
AT1G09433	0	0.000000	0.000000	0.000000
AT5G49860	0	0.0	0.0	0.0
AT1G05910	22	0.435540	3.040694	3.929479
AT5G64650	33	2.538387	17.721586	22.901545
AT3G26430	178	4.484676	31.339186	40.499519
AT2G42040	18	0.840868	6.259067	8.088571
AT1G53090	12	0.295995	2.167519	2.801078
AT4G12930	0	0.0	0.0	0.0
AT2G01505	23	1.387755	9.688522	12.520444
AT2G25330	0	0.000000	0.000000	0.000000
AT2G20597	0	0.0	0.0	0.0
AT5G60190	0	0.000000	0.000000	0.000000
AT2G01050	0	0.0	0.0	0.0
AT1G14455	3	0.376289	2.627038	3.394912
AT2G34310	47	1.753808	17.429888	22.524584
AT2G33860	42	1.143652	9.446483	12.207658
AT2G45410	0	0.0	0.0	0.0
AT2G45560	125	3.867184	31.077847	40.161797
AT4G03566	0	0.0	0.0	0.0
AT3G02677	0	0.0	0.0	0.0
AT5G12930	10	0.420932	2.938710	3.797684
AT2G38400	0	0.000000	0.000000	0.000000
AT3G56930	17	0.585083	4.084719	5.278669
AT2G41820	33	0.784391	5.476175	7.076843
AT2G06255	0	0.000000	0.000000	0.000000
AT5G59300	0	0.000000	0.000000	0.000000
AT4G19890	2	0.058075	0.405447	0.523958
AT5G62170	15	0.415870	3.299601	4.264063
AT2G15590	0	0.0	0.0	0.0
AT2G07495	0	0.000000	0.000000	0.000000
AT5G26090	0	0.0	0.0	0.0
AT2G35075	0	0.000000	0.000000	0.000000
AT5G19890	0	0.0	0.0	0.0
AT1G09927	334	39.360497	274.792786	355.113770
AT5G64710	4	0.089864	0.771728	0.997301
AT4G26090	0	0.000000	0.000000	0.000000
AT4G00250	1	0.058685	0.409706	0.529461
AT5G05455	0	0.0	0.0	0.0
AT5G17550	33	1.972973	14.435256	18.654633
AT4G14910	51	2.132116	21.267401	27.483789
AT3G08745	0	0.0	0.0	0.0
AT1G67230	149	2.888700	20.167273	26.062098
AT2G47485	3	0.216585	1.512074	1.954048
AT4G28890	0	0.0	0.0	0.0
AT4G33100	10	1.125741	7.859289	10.156531
AT5G14910	436	25.051723	215.639160	278.669769
AT2G03210	0	0.0	0.0	0.0
AT1G07985	0	0.0	0.0	0.0
AT4G05455	0	0.0	0.0	0.0
AT4G17550	50	1.852308	12.931770	16.711681
AT3G59200	0	0.000000	0.000000	0.000000
AT1G63420	24	0.634398	5.586908	7.219942
AT2G44000	0	0.0	0.0	0.0
AT2G28030	0	0.0	0.0	0.0
AT1G05143	5	1.398761	9.765361	12.619741
AT4G02530	374	22.958397	185.867401	240.195801
AT4G31695	0	0.0	0.0	0.0
AT5G14480	7	0.271911	1.898329	2.453204
AT1G15510	9	0.253399	1.769089	2.286188
AT1G15460	0	0.0	0.0	0.0
AT2G43261	0	0.0	0.0	0.0
AT4G20835	3	0.140246	1.302910	1.683747
AT5G02530	137	7.780391	55.989632	72.355209
AT1G57320	0	0.0	0.0	0.0
AT2G31780	0	0.0	0.0	0.0
AT4G14480	5	0.186830	1.304342	1.685596
AT2G33940	0	0.000000	0.000000	0.000000
AT1G10170	12	0.222727	1.665938	2.152886
AT3G45810	0	0.0	0.0	0.0
AT1G34844	0	0.000000	0.000000	0.000000
AT2G19030	0	0.0	0.0	0.0
AT4G18975	21	1.178169	8.295412	10.720132
AT3G02140	3	0.121763	0.850081	1.098556
AT1G03290	52	0.842419	6.294357	8.134177
AT2G26830	18	0.824292	5.754742	7.436833
AT1G19025	7	0.174365	1.217318	1.573136
AT1G20015	4	2.876405	20.081436	25.951172
AT3G27570	70	3.268350	22.817776	29.487333
AT5G49940	138	11.368529	80.270164	103.732864
AT3G23190	0	0.0	0.0	0.0
AT1G22240	0	0.0	0.0	0.0
AT1G69870	40	1.299174	9.070099	11.721259
AT2G45980	82	3.607854	26.399942	34.116558
AT5G27740	25	1.127490	7.871500	10.172311
AT3G61280	26	0.984608	6.873978	8.883218
ATMG00220	3	0.185279	1.293513	1.671603
AT5G07950	0	0.000000	0.000000	0.000000
AT4G04460	0	0.000000	0.000000	0.000000
AT4G04510	0	0.0	0.0	0.0
AT3G66654	39	1.777265	15.153505	19.582825
AT4G16720	981	78.536537	548.297791	708.563354
AT4G27740	29	3.526587	24.620642	31.817169
AT2G41342	0	0.000000	0.000000	0.000000
AT3G07895	0	0.0	0.0	0.0
AT5G20858	0	0.0	0.0	0.0
AT1G60930	0	0.000000	0.000000	0.000000
AT3G01935	0	0.000000	0.000000	0.000000
AT1G12190	0	0.0	0.0	0.0
AT5G04460	9	0.186730	1.375259	1.777243
AT3G13240	4	0.121722	0.926339	1.197104
AT5G16720	14	0.460928	3.217939	4.158532
AT5G04510	38	1.256640	10.051606	12.989655
AT3G52720	59	0.944282	28.371775	36.664745
AT4G07950	18	1.484043	10.360751	13.389163
AT2G05990	201	7.400647	54.915363	70.966942
AT3G09555	0	0.0	0.0	0.0
AT5G13340	13	0.628383	5.018095	6.484868
AT3G09000	35	1.206508	8.423159	10.885219
AT5G50050	0	0.0	0.0	0.0
AT4G13340	142	3.659326	25.547348	33.014751
AT1G34390	0	0.0	0.0	0.0
AT1G35240	0	0.0	0.0	0.0
AT5G66920	23	0.833790	5.821052	7.522525
AT1G63150	0	0.000000	0.000000	0.000000
AT5G61380	32	0.743971	5.364885	6.933022
AT1G10730	11	0.421108	3.091778	3.995494
AT2G18876	22	0.941569	7.018772	9.070335
AT1G38790	0	0.0	0.0	0.0
AT2G27180	0	0.0	0.0	0.0
AT5G02205	0	0.0	0.0	0.0
AT5G62440	22	1.379747	9.632615	12.448195
AT3G23320	0	0.0	0.0	0.0
AT1G61670	28	1.070874	7.758714	10.026560
AT3G03915	0	0.0	0.0	0.0
AT1G05687	0	0.000000	0.000000	0.000000
AT5G08095	0	0.0	0.0	0.0
AT1G79010	118	8.528028	59.537876	76.940598
AT5G65010	187	6.686882	46.747047	60.411045
AT1G78260	43	1.312869	13.070811	16.891365
AT5G11475	0	0.0	0.0	0.0
AT2G28250	19	0.256070	3.866703	4.996927
AT1G59453	0	0.0	0.0	0.0
AT1G65830	0	0.0	0.0	0.0
AT4G23220	5	0.173495	1.211244	1.565287
AT3G17720	0	0.0	0.0	0.0
AT1G57190	0	0.0	0.0	0.0
AT1G53570	43	1.262209	8.821973	11.400605
AT1G04223	2	1.179487	8.234512	10.641433
AT2G40880	168	20.799347	145.209305	187.653473
AT4G06895	0	0.000000	0.000000	0.000000
AT3G02305	0	0.000000	0.000000	0.000000
AT5G23220	0	0.0	0.0	0.0
AT3G26740	943	70.606743	492.936432	637.020081
AT3G06950	51	3.120602	23.175762	29.949959
AT1G09743	0	0.0	0.0	0.0
AT1G34120	6	0.193837	1.456704	1.882494
AT3G50330	0	0.0	0.0	0.0
AT4G31140	28	0.995695	6.951380	8.983246
AT5G26570	184	3.771934	26.333515	34.030712
AT3G43670	79	2.517628	18.348534	23.711746
AT5G39895	0	0.0	0.0	0.0
AT2G40540	80	1.851517	13.659424	17.652025
AT1G56220	376	16.013882	139.601364	180.406357
AT1G71865	7	0.730961	5.103158	6.594793
AT4G26570	86	4.368590	33.648155	43.483395
AT5G37000	0	0.000000	0.000000	0.000000
AT2G02870	43	1.323711	9.864078	12.747313
AT1G12320	24	0.532220	3.715660	4.801734
AT2G03885	0	0.0	0.0	0.0
AT1G07705	58	1.175291	10.279983	13.284786
AT3G08435	0	0.0	0.0	0.0
AT3G02695	0	0.0	0.0	0.0
AT4G37000	0	0.000000	0.000000	0.000000
AT5G50230	12	0.437990	3.221158	4.162691
AT1G49832	0	0.0	0.0	0.0
AT3G48920	0	0.000000	0.000000	0.000000
AT1G76990	183	3.802983	35.255005	45.559925
AT4G04095	0	0.0	0.0	0.0
AT1G07140	212	11.160290	77.914841	100.689087
AT1G34790	0	0.0	0.0	0.0
AT1G58602	230	3.340102	25.459362	32.901047
AT1G49420	0	0.0	0.0	0.0
AT5G61780	171	3.677246	26.462490	34.197384
AT1G22570	56	1.955439	14.663960	18.950188
AT1G09935	0	0.0	0.0	0.0
AT3G27240	192	9.867626	71.168533	91.970848
AT1G10330	3	0.103093	0.719737	0.930114
AT5G52220	0	0.000000	0.000000	0.000000
AT3G16220	64	2.587814	26.449909	34.181126
AT5G13740	77	2.255823	17.129358	22.136209
AT1G69280	0	0.000000	0.000000	0.000000
AT1G74260	89	1.512123	10.556789	13.642503
AT2G24250	2	0.089534	0.626975	0.810237
AT3G61870	396	20.366623	173.487579	224.197403
AT3G47160	82	2.395075	23.946325	30.945753
AT4G27340	44	1.226369	8.942339	11.556155
AT3G20860	0	0.000000	0.000000	0.000000
AT3G05045	0	0.0	0.0	0.0
AT5G16320	5	0.225806	1.576450	2.037241
AT5G11980	30	0.994900	7.401969	9.565540
AT3G52320	0	0.0	0.0	0.0
AT1G08223	0	0.0	0.0	0.0
AT2G22942	0	0.0	0.0	0.0
AT5G27340	0	0.0	0.0	0.0
AT5G63940	26	0.779597	5.442706	7.033591
AT4G11980	26	1.669602	11.723206	15.149858
AT3G02565	0	0.000000	0.000000	0.000000
AT3G02415	0	0.0	0.0	0.0
AT3G25573	0	0.0	0.0	0.0
AT1G32337	0	0.0	0.0	0.0
AT3G60550	0	0.000000	0.000000	0.000000
AT1G66440	0	0.0	0.0	0.0
AT5G64816	56	4.588718	49.266468	63.666889
AT1G07483	0	0.0	0.0	0.0
AT1G30110	18	0.883059	6.621229	8.556591
AT3G13570	90	3.588911	39.280827	50.762474
AT4G01960	21	0.725056	5.882572	7.602027
AT3G12585	0	0.000000	0.000000	0.000000
AT2G31380	52	3.266607	22.805607	29.471607
AT1G57720	530	20.658369	151.005219	195.143524
AT2G36920	0	0.0	0.0	0.0
AT3G17190	0	0.0	0.0	0.0
AT1G49150	0	0.000000	0.000000	0.000000
AT3G04435	0	0.0	0.0	0.0
AT1G20590	0	0.000000	0.000000	0.000000
AT1G34317	0	0.000000	0.000000	0.000000
AT3G44920	0	0.0	0.0	0.0
AT5G01960	74	2.775291	20.711430	26.765306
AT2G35010	46	3.095439	23.113789	29.869869
AT2G03160	0	0.0	0.0	0.0
AT2G48000	22	0.826660	5.771274	7.458197
AT2G24030	0	0.000000	0.000000	0.000000
AT4G16190	369	13.759795	96.063126	124.142044
AT5G18480	52	2.067472	14.433923	18.652908
AT3G32960	0	0.0	0.0	0.0
AT1G31950	0	0.000000	0.000000	0.000000
AT2G32440	45	1.407334	10.313221	13.327741
AT3G52190	32	1.421023	9.920780	12.820591
AT1G53240	708	32.883789	229.576065	296.680359
AT5G16190	12	0.362274	2.681953	3.465879
AT1G80420	32	1.202696	9.281338	11.994240
AT4G18480	821	40.815720	284.952301	368.242920
AT2G42290	8	0.237587	1.658698	2.143530
AT2G09388	0	0.0	0.0	0.0
AT5G41070	0	0.000000	0.000000	0.000000
AT5G43525	0	0.0	0.0	0.0
AT2G46800	22	0.675905	4.951290	6.398535
AT4G29480	142	12.328976	86.073952	111.233078
AT1G62920	15	0.305223	2.654412	3.430287
AT5G59980	12	0.401677	2.804282	3.623964
AT1G71180	40	2.180873	15.225624	19.676023
AT3G50730	0	0.0	0.0	0.0
AT2G02280	0	0.0	0.0	0.0
AT2G06525	0	0.000000	0.000000	0.000000
AT3G14452	10	6.393162	44.633450	57.679653
AT3G26340	42	2.635275	18.398003	23.775677
AT3G02705	3	0.836735	5.841612	7.549095
AT1G09343	0	0.000000	0.000000	0.000000
AT3G55510	77	2.414450	19.054497	24.624060
AT3G55460	100	4.299511	35.146690	45.419949
AT4G08460	55	2.654389	18.565634	23.992306
AT2G22010	95	1.395795	10.273288	13.276134
AT4G08510	20	0.528282	3.757737	4.856111
AT2G17442	13	0.637092	4.924153	6.363466
AT1G06530	54	2.997889	20.929569	27.047211
AT3G17320	0	0.0	0.0	0.0
AT2G40165	10	0.719118	5.020476	6.487944
AT5G03800	16	0.428081	2.988620	3.862183
AT5G08460	0	0.0	0.0	0.0
AT5G08510	61	1.827133	12.756012	16.484550
AT3G25960	0	0.0	0.0	0.0
AT2G25440	0	0.0	0.0	0.0
AT5G50365	0	0.000000	0.000000	0.000000
AT4G00520	11	0.414572	3.264471	4.218664
AT2G40270	85	2.283305	18.935894	24.470793
AT3G50170	0	0.000000	0.000000	0.000000
AT5G17220	23	1.577089	11.663325	15.072476
AT1G80150	0	0.000000	0.000000	0.000000
AT4G26240	224	8.718959	83.917450	108.446228
AT1G77855	0	0.000000	0.000000	0.000000
AT5G46160	45	2.871486	20.047094	25.906792
AT4G17220	0	0.0	0.0	0.0
AT5G26240	32	0.804902	5.839699	7.546623
AT2G15660	0	0.0	0.0	0.0
AT2G07615	3	2.488636	17.374252	22.452686
AT1G03040	49	1.834123	14.265132	18.434780
AT5G61900	0	0.000000	0.000000	0.000000
AT5G55100	36	0.776860	5.655005	7.307943
AT1G22090	0	0.0	0.0	0.0
AT1G72370	908	56.274624	395.976532	511.719116
AT2G18770	55	3.154233	24.324383	31.434317
AT5G13430	9	0.502924	3.511132	4.537424
AT1G66170	0	0.0	0.0	0.0
AT1G28200	26	1.039454	8.916627	11.522926
AT5G04575	0	0.0	0.0	0.0
AT2G30320	32	1.331903	9.298595	12.016542
AT4G13430	346	13.431420	93.770592	121.179420
AT3G08100	0	0.0	0.0	0.0
AT2G29770	0	0.000000	0.000000	0.000000
AT5G47710	12	0.669559	6.246192	8.071934
AT3G25580	37	2.370340	17.588890	22.730062
AT3G46400	0	0.0	0.0	0.0
AT2G07738	0	0.0	0.0	0.0
AT5G11700	91	1.379802	9.632998	12.448691
AT5G09640	0	0.000000	0.000000	0.000000
AT2G45300	87	1.977234	14.035597	18.138155
AT1G70600	1089	90.802917	633.934753	819.231689
AT2G38310	198	11.001390	76.805496	99.255478
AT4G31985	759	98.996735	691.139343	893.157043
ATCG00770	289	57.000000	397.941833	514.258850
AT1G19200	0	0.000000	0.000000	0.000000
AT2G34400	5	0.170777	1.192269	1.540765
AT4G11700	0	0.0	0.0	0.0
AT4G09640	55	1.718897	12.722682	16.441479
AT1G61060	0	0.0	0.0	0.0
AT3G58795	0	0.000000	0.000000	0.000000
AT3G62050	8	0.509939	4.536397	5.862370
AT5G67411	0	0.0	0.0	0.0
AT1G07470	35	1.624260	11.339666	14.654213
AT4G05795	0	0.0	0.0	0.0
AT3G25840	48	0.884891	11.166995	14.431069
ATMG00550	0	0.0	0.0	0.0
AT4G10920	76	3.626984	45.842422	59.242008
AT4G04077	0	0.0	0.0	0.0
AT4G25433	1	0.097204	0.678623	0.876983
AT4G29910	23	0.649336	4.783777	6.182059
AT4G36640	24	0.931729	6.685402	8.639522
AT5G59560	15	0.783401	5.469264	7.067911
AT4G09325	0	0.0	0.0	0.0
AT5G59410	0	0.000000	0.000000	0.000000
AT2G18130	0	0.0	0.0	0.0
AT1G66730	0	0.000000	0.000000	0.000000
AT5G05795	0	0.0	0.0	0.0
AT5G10920	69	2.776097	19.381144	25.046185
AT5G47650	34	0.986634	10.407861	13.450044
AT2G47970	24	0.966531	7.991963	10.327988
AT5G09325	1	0.274038	1.913179	2.472394
AT3G09225	1	0.317835	2.218945	2.867535
AT3G57965	28	1.053009	7.351515	9.500338
AT4G18910	36	1.988889	14.457576	18.683475
ATCG00130	243	34.963963	244.098663	315.447876
AT3G04745	0	0.0	0.0	0.0
AT3G13090	0	0.000000	0.000000	0.000000
AT3G15534	0	0.0	0.0	0.0
AT4G24890	0	0.000000	0.000000	0.000000
AT2G45690	19	0.746064	5.531678	7.148568
AT1G68526	0	0.0	0.0	0.0
AT5G60720	0	0.0	0.0	0.0
AT5G18910	0	0.0	0.0	0.0
AT1G70390	0	0.0	0.0	0.0
AT1G20070	0	0.000000	0.000000	0.000000
AT5G24890	58	2.758518	19.420931	25.097601
AT2G07755	0	0.0	0.0	0.0
AT1G16930	9	0.353412	2.467323	3.188513
AT2G29130	0	0.0	0.0	0.0
AT5G01580	0	0.000000	0.000000	0.000000
AT1G44050	0	0.0	0.0	0.0
AT5G02020	4	0.176859	1.518825	1.962773
AT4G36195	119	2.207331	32.374161	41.837017
AT2G32730	179	4.061416	28.354517	36.642445
AT4G01580	13	1.084978	7.574705	9.788764
AT3G12965	569	121.505348	848.281799	1096.231689
AT3G08345	0	0.0	0.0	0.0
AT5G46297	0	0.0	0.0	0.0
AT2G28520	61	1.494264	10.432109	13.481378
AT2G25170	113	1.836282	13.933550	18.006279
AT4G02020	42	0.899836	7.257510	9.378855
AT5G63860	167	6.025804	42.068764	54.365318
AT1G07913	0	0.0	0.0	0.0
AT1G05997	0	0.0	0.0	0.0
AT3G50440	0	0.000000	0.000000	0.000000
AT4G23550	10	0.529792	3.698709	4.779829
AT5G41590	0	0.000000	0.000000	0.000000
AT1G51200	170	9.376560	75.124046	97.082550
AT3G46650	0	0.000000	0.000000	0.000000
AT5G15820	1	0.050272	0.350971	0.453558
AT5G64310	83	6.945032	48.486298	62.658672
AT4G34970	0	0.000000	0.000000	0.000000
AT2G30190	0	0.000000	0.000000	0.000000
AT1G72852	11	0.487009	5.167163	6.677507
AT3G20940	0	0.0	0.0	0.0
AT2G20510	0	0.000000	0.000000	0.000000
AT2G19520	83	3.020174	21.085152	27.248268
AT1G70450	0	0.000000	0.000000	0.000000
AT5G23550	23	1.694480	11.829904	15.287744
AT5G59700	3	0.071014	0.495780	0.640694
AT2G34650	11	0.386082	2.695407	3.483265
AT4G15820	9	0.305613	2.133618	2.757267
AT1G70120	0	0.0	0.0	0.0
AT3G03970	0	0.000000	0.000000	0.000000
AT2G25730	36	0.326090	2.333678	3.015804
AT4G11410	20	0.797922	6.386827	8.253675
AT4G11560	30	0.862247	7.969029	10.298349
AT3G02985	0	0.000000	0.000000	0.000000
AT2G34710	39	0.821160	5.876477	7.594151
AT3G46710	0	0.0	0.0	0.0
AT2G32170	53	1.429402	12.036860	15.555194
AT2G17080	0	0.0	0.0	0.0
AT1G56550	8	0.326451	2.409524	3.113819
AT5G11410	0	0.000000	0.000000	0.000000
AT5G11560	274	6.493029	45.330666	58.580662
AT1G79075	194	17.075222	355.972382	460.021912
AT1G29395	49	3.790401	26.462440	34.197323
AT3G62230	0	0.0	0.0	0.0
AT5G47400	0	0.000000	0.000000	0.000000
AT5G62330	0	0.0	0.0	0.0
AT3G42995	0	0.0	0.0	0.0
AT5G01840	8	0.474021	3.309347	4.276658
AT5G09195	3	0.345426	2.411569	3.116463
AT3G08620	17	0.909593	6.452690	8.338789
AT2G04835	0	0.0	0.0	0.0
AT1G78110	16	0.726686	5.073312	6.556223
AT4G37225	0	0.0	0.0	0.0
AT4G01840	12	0.542971	3.790717	4.898731
AT1G23965	2	0.123939	0.865272	1.118188
AT4G09195	0	0.0	0.0	0.0
AT5G42850	70	4.430645	34.114010	44.085419
AT5G55620	163	13.215087	92.260277	119.227646
AT1G67365	4	0.313034	2.185427	2.824219
AT1G04820	537	21.782091	152.070267	196.519897
AT1G69060	22	0.684817	4.781006	6.178477
AT5G66230	20	0.689811	7.188157	9.289230
AT3G30260	0	0.0	0.0	0.0
AT1G07877	0	0.000000	0.000000	0.000000
AT5G42710	0	0.000000	0.000000	0.000000
AT4G21910	63	1.212661	9.387588	12.131547
AT5G51560	75	2.373600	16.571136	21.414822
AT2G20723	2	1.621622	11.321250	14.630412
AT1G68210	0	0.0	0.0	0.0
AT5G51410	31	0.930358	6.881825	8.893358
AT1G74080	0	0.0	0.0	0.0
AT4G06985	0	0.000000	0.000000	0.000000
AT2G40990	0	0.0	0.0	0.0
AT3G24535	2	0.147651	1.030816	1.332120
AT3G48050	51	0.678835	4.803744	6.207862
AT2G35945	1	0.041312	0.288417	0.372720
AT5G21910	209	15.341583	107.106277	138.413071
AT5G53637	0	0.0	0.0	0.0
AT5G06985	0	0.0	0.0	0.0
AT5G01325	0	0.0	0.0	0.0
AT5G44170	11	0.693701	4.843029	6.258630
AT3G01225	0	0.000000	0.000000	0.000000
AT1G60220	53	1.846989	12.894635	16.663692
AT3G46850	0	0.0	0.0	0.0
AT5G44265	0	0.0	0.0	0.0
AT1G77370	0	0.000000	0.000000	0.000000
AT5G15620	0	0.0	0.0	0.0
AT1G27090	107	4.697585	32.795887	42.382015
AT5G63660	0	0.0	0.0	0.0
AT2G19385	0	0.000000	0.000000	0.000000
AT4G30360	34	0.890346	6.673841	8.624581
AT4G15620	26	2.088146	14.578257	18.839432
AT1G65425	0	0.0	0.0	0.0
AT2G34850	0	0.000000	0.000000	0.000000
AT5G30360	0	0.0	0.0	0.0
ATMG00930	0	0.0	0.0	0.0
AT2G21130	22	1.617159	11.290092	14.590147
AT5G44730	23	1.203832	10.483079	13.547248
AT1G75900	40	1.781179	12.435186	16.069950
AT2G07776	1	0.027558	0.192394	0.248631
AT4G28700	0	0.0	0.0	0.0
AT3G06020	22	1.410833	9.849640	12.728656
AT2G03995	0	0.000000	0.000000	0.000000
AT3G08820	2	0.064587	0.450910	0.582709
AT2G21770	0	0.0	0.0	0.0
AT1G09932	17	0.855850	7.165446	9.259881
AT2G04635	0	0.0	0.0	0.0
AT3G14395	0	0.000000	0.000000	0.000000
AT5G19700	0	0.0	0.0	0.0
AT5G01640	2	0.131413	0.917451	1.185619
AT1G02470	0	0.000000	0.000000	0.000000
AT5G42650	293	11.528543	80.485786	104.011497
AT2G42970	0	0.0	0.0	0.0
AT1G04620	74	2.632917	18.546993	23.968216
AT1G47210	43	1.871524	13.095058	16.922699
AT5G55820	27	0.336881	2.511467	3.245560
AT2G09365	0	0.0	0.0	0.0
AT4G39985	0	0.0	0.0	0.0
AT1G11200	47	2.116949	14.779345	19.099295
AT4G19700	9	0.528846	3.692105	4.771294
AT3G10440	18	0.585120	4.545445	5.874063
AT4G01640	0	0.0	0.0	0.0
AT1G04100	0	0.000000	0.000000	0.000000
AT5G50920	1443	32.867596	229.463013	296.534271
AT4G19410	262	9.107154	116.663048	150.763260
AT4G19560	0	0.000000	0.000000	0.000000
AT4G20420	0	0.000000	0.000000	0.000000
AT2G07815	7	0.342209	2.389110	3.087439
AT2G15860	58	1.786191	14.938297	19.304710
AT3G48230	0	0.0	0.0	0.0
AT3G24200	36	1.086016	9.038704	11.680687
AT4G25225	6	0.794495	5.629348	7.274787
AT5G20420	2	0.033542	0.234171	0.302619
AT5G19410	0	0.0	0.0	0.0
AT5G19560	0	0.0	0.0	0.0
AT1G21395	0	0.0	0.0	0.0
AT5G66050	28	0.975861	8.620173	11.139822
AT1G56930	0	0.0	0.0	0.0
AT5G07020	350	24.730974	172.657700	223.124969
AT4G36580	10	0.314371	2.239791	2.894475
AT2G37730	0	0.0	0.0	0.0
AT4G24300	0	0.0	0.0	0.0
AT5G09840	0	0.000000	0.000000	0.000000
AT4G28410	0	0.0	0.0	0.0
AT2G02060	0	0.000000	0.000000	0.000000
AT5G01195	1	0.193304	1.349539	1.744005
AT4G28560	2	0.073171	0.510839	0.660155
AT3G17626	0	0.0	0.0	0.0
AT5G58910	0	0.0	0.0	0.0
AT5G24300	175	5.221557	36.577164	47.268547
AT5G48330	0	0.000000	0.000000	0.000000
AT4G07020	0	0.000000	0.000000	0.000000
AT3G53090	8	0.104757	1.098201	1.419201
AT4G09840	0	0.000000	0.000000	0.000000
AT1G26430	0	0.0	0.0	0.0
AT3G05910	197	7.205087	57.823330	74.724892
AT1G04427	0	0.000000	0.000000	0.000000
AT2G05540	28	2.667476	18.622812	24.066196
AT5G31412	0	0.0	0.0	0.0
AT5G28410	0	0.0	0.0	0.0
AT5G28560	0	0.0	0.0	0.0
AT1G70800	0	0.000000	0.000000	0.000000
AT5G23930	3	0.126070	0.880150	1.137414
AT4G36840	5	0.207420	1.466220	1.894791
AT4G15100	0	0.0	0.0	0.0
AT1G04933	7	0.390225	4.494983	5.808852
AT5G09580	0	0.000000	0.000000	0.000000
AT5G67330	62	2.055970	14.353621	18.549137
AT1G04157	0	0.000000	0.000000	0.000000
AT3G25640	8	0.471498	3.691553	4.770581
AT4G23930	4	0.333333	2.478912	3.203490
AT5G15100	0	0.0	0.0	0.0
AT5G53430	0	0.000000	0.000000	0.000000
AT4G09580	53	3.002048	21.294182	27.518398
AT5G47850	0	0.0	0.0	0.0
AT4G24690	159	4.097419	29.979101	38.741890
AT5G20150	176	10.801238	80.866547	104.503555
AT2G23110	0	0.0	0.0	0.0
AT5G49590	0	0.0	0.0	0.0
AT5G38040	0	0.000000	0.000000	0.000000
AT1G06787	0	0.000000	0.000000	0.000000
AT3G07985	0	0.0	0.0	0.0
AT1G76270	35	1.175454	8.206357	10.605046
AT5G42400	32	0.454081	3.236922	4.183063
AT5G24690	0	0.000000	0.000000	0.000000
AT4G20150	291	24.323561	169.813385	219.449234
AT2G11520	26	0.850021	6.643730	8.585670
AT4G38040	50	2.168119	15.724079	20.320173
AT5G51700	29	1.285714	8.976130	11.599822
AT2G45890	0	0.0	0.0	0.0
AT2G33590	39	1.465304	13.528452	17.482771
AT2G37170	91	5.397769	37.684177	48.699135
AT3G57320	19	1.113222	8.809475	11.384456
AT4G03390	108	2.473835	17.270920	22.319151
AT1G45163	23	2.319797	16.195513	20.929407
AT5G45030	38	1.025945	7.162569	9.256163
AT2G16360	0	0.000000	0.000000	0.000000
AT4G22340	25	0.934566	7.631952	9.862745
AT4G06705	0	0.000000	0.000000	0.000000
AT3G43280	0	0.0	0.0	0.0
AT1G36000	0	0.0	0.0	0.0
AT3G07565	25	1.314672	9.651605	12.472735
AT3G15460	95	1.640188	11.704314	15.125445
AT2G07752	1	0.291667	2.036254	2.631445
AT3G07415	0	0.0	0.0	0.0
AT5G03390	11	0.485285	3.387986	4.378283
AT3G15510	9	0.358079	2.499905	3.230619
AT3G63420	26	1.299167	13.786130	17.815767
AT5G22340	177	7.156028	54.667274	70.646332
AT5G06705	0	0.0	0.0	0.0
AT1G23190	150	5.302977	37.022392	47.843910
AT3G22240	1394	179.561188	1253.594849	1620.016357
AT1G27570	0	0.0	0.0	0.0
AT3G20015	25	0.965804	6.742698	8.713566
AT4G09960	0	0.000000	0.000000	0.000000
AT2G39380	0	0.000000	0.000000	0.000000
AT3G03290	0	0.0	0.0	0.0
AT1G02140	190	17.345142	121.094002	156.489349
AT5G43380	0	0.000000	0.000000	0.000000
AT3G42160	0	0.000000	0.000000	0.000000
AT1G09057	0	0.000000	0.000000	0.000000
AT2G46600	66	9.068728	63.312744	81.818840
AT5G57220	19	0.832579	5.812597	7.511599
AT5G09960	35	1.997829	20.924648	27.040850
AT5G56190	34	1.171058	8.606944	11.122725
AT4G03600	11	0.816347	5.699274	7.365152
AT3G05480	0	0.000000	0.000000	0.000000
AT1G52720	22	1.540754	10.756675	13.900814
AT4G34290	157	15.897467	110.987144	143.428299
AT1G13240	0	0.0	0.0	0.0
AT3G12190	0	0.000000	0.000000	0.000000
AT4G26488	4	0.189286	1.371356	1.772199
AT5G36960	0	0.000000	0.000000	0.000000
AT1G75780	0	0.000000	0.000000	0.000000
AT5G40395	0	0.000000	0.000000	0.000000
AT1G05277	1	0.100260	0.699959	0.904554
AT4G28980	45	1.527102	11.106969	14.353498
AT5G03600	0	0.0	0.0	0.0
AT1G61280	0	0.000000	0.000000	0.000000
AT5G58480	0	0.000000	0.000000	0.000000
AT4G36960	31	1.177190	9.353958	12.088088
AT2G01920	0	0.000000	0.000000	0.000000
AT5G44440	0	0.0	0.0	0.0
AT3G45490	0	0.0	0.0	0.0
AT1G77655	0	0.0	0.0	0.0
AT3G10730	23	1.001652	6.992970	9.036990
AT4G13564	1	0.019846	0.138554	0.179052
AT3G63150	31	0.926979	6.471644	8.363284
AT1G47885	0	0.0	0.0	0.0
AT5G19980	64	3.319480	23.174736	29.948633
AT3G57645	0	0.0	0.0	0.0
AT2G46390	0	0.000000	0.000000	0.000000
AT1G09000	0	0.000000	0.000000	0.000000
AT4G19980	0	0.0	0.0	0.0
AT4G08867	0	0.0	0.0	0.0
AT4G22105	0	0.0	0.0	0.0
AT2G08150	0	0.0	0.0	0.0
AT2G07280	0	0.0	0.0	0.0
AT3G61670	19	0.407438	3.205589	4.142572
AT1G23320	0	0.0	0.0	0.0
AT5G45250	36	0.713925	4.984221	6.441092
AT1G67920	9	1.073518	7.494697	9.685371
AT3G20660	0	0.000000	0.000000	0.000000
AT5G03120	37	2.078403	18.440094	23.830070
AT1G06950	552	11.391630	89.383057	115.509415
AT1G26740	43	4.193902	29.973978	38.735268
AT1G02305	92	5.221749	36.455303	47.111065
AT1G09237	0	0.0	0.0	0.0
AT3G53570	54	1.188511	14.325891	18.513300
AT3G57190	28	1.051749	8.556252	11.057216
AT4G03120	31	1.969106	13.747187	17.765442
AT1G17720	79	2.365936	16.536369	21.369892
AT2G46450	92	2.018262	16.773981	21.676958
AT2G37440	0	0.0	0.0	0.0
AT4G03450	25	0.861716	6.016015	7.774476
AT1G54953	0	0.0	0.0	0.0
AT2G05215	0	0.000000	0.000000	0.000000
AT2G17260	5	0.109422	0.777362	1.004582
AT1G72855	2	0.048521	0.351236	0.453901
AT4G16845	53	2.007696	15.467364	19.988420
AT5G53740	6	0.295756	3.760529	4.859719
AT3G56220	0	0.000000	0.000000	0.000000
AT5G12220	34	1.313563	9.170556	11.851078
AT1G43670	420	15.547476	113.484673	146.655853
AT2G46120	0	0.0	0.0	0.0
AT5G03450	13	0.463272	3.234304	4.179679
AT4G12220	0	0.0	0.0	0.0
AT1G77405	6	0.293696	2.050420	2.649750
AT2G27010	0	0.0	0.0	0.0
AT5G49070	0	0.000000	0.000000	0.000000
AT5G06565	0	0.000000	0.000000	0.000000
AT1G48920	1059	40.529438	283.224304	366.009827
AT1G23645	0	0.0	0.0	0.0
AT5G06415	0	0.000000	0.000000	0.000000
AT1G31530	0	0.0	0.0	0.0
AT2G07721	0	0.000000	0.000000	0.000000
AT1G06907	0	0.0	0.0	0.0
AT3G07705	1	0.151875	1.060306	1.370229
AT4G21480	0	0.000000	0.000000	0.000000
AT3G12320	24	1.155434	9.007232	11.640015
AT1G79180	0	0.000000	0.000000	0.000000
AT5G51980	23	0.911428	7.191025	9.292937
AT4G06415	1	0.078158	0.545655	0.705148
AT5G56320	0	0.000000	0.000000	0.000000
AT2G33070	0	0.000000	0.000000	0.000000
AT5G65180	23	0.835545	6.066176	7.839299
AT2G08420	0	0.000000	0.000000	0.000000
AT1G64160	0	0.0	0.0	0.0
AT1G61870	68	3.162005	22.075335	28.527880
AT2G46790	40	1.487850	10.869871	14.047098
AT1G30080	0	0.000000	0.000000	0.000000
AT1G73030	108	8.136663	56.805595	73.409676
AT1G16220	4	0.127122	0.966608	1.249144
AT3G10330	32	1.462485	11.946968	15.439026
AT1G12845	20	1.976804	13.800930	17.834894
AT1G27240	0	0.0	0.0	0.0
AT3G22570	0	0.000000	0.000000	0.000000
AT3G09935	0	0.0	0.0	0.0
AT1G05887	0	0.0	0.0	0.0
AT3G49420	21	1.240642	9.962962	12.875102
AT5G00785	0	0.000000	0.000000	0.000000
AT3G07140	37	1.105660	8.009242	10.350317
AT1G60550	106	3.676149	28.371584	36.664501
AT3G01555	0	0.000000	0.000000	0.000000
AT5G08139	7	0.298680	2.160070	2.791451
AT5G35740	42	3.978287	29.443445	38.049664
ATMG01060	0	0.0	0.0	0.0
AT1G65630	0	0.000000	0.000000	0.000000
AT5G10230	0	0.0	0.0	0.0
AT1G52320	25	0.589988	4.703386	6.078170
AT4G35740	14	0.403981	2.957734	3.822270
AT5G36722	0	0.0	0.0	0.0
AT2G13665	9	0.698193	4.874390	6.299157
ATMG00516	0	0.000000	0.000000	0.000000
AT1G20860	0	0.0	0.0	0.0
AT5G07530	0	0.0	0.0	0.0
AT1G47813	0	0.0	0.0	0.0
AT1G75380	465	17.861338	153.513611	198.385101
AT4G10230	0	0.0	0.0	0.0
AT4G06695	16	3.431592	23.957439	30.960117
AT5G43780	44	1.844013	12.873857	16.636843
AT3G06205	0	0.0	0.0	0.0
AT2G05786	0	0.0	0.0	0.0
AT2G21655	0	0.000000	0.000000	0.000000
AT3G43870	0	0.0	0.0	0.0
AT2G39780	103	6.935539	48.420017	62.573025
AT3G15095	44	1.423405	10.573265	13.663795
AT5G02950	3	0.089855	0.679664	0.878327
AT5G03790	0	0.000000	0.000000	0.000000
AT1G44920	145	10.143837	70.818550	91.518562
AT1G24793	11	0.566635	4.498265	5.813092
AT1G02067	0	0.000000	0.000000	0.000000
AT3G20590	0	0.0	0.0	0.0
AT3G49150	0	0.0	0.0	0.0
AT5G06305	2	1.476190	10.305925	13.318313
AT5G22740	87	2.637266	18.411903	23.793640
AT1G17190	17	1.234742	8.620272	11.139948
AT3G57720	9	0.168428	1.175869	1.519572
AT4G02950	0	0.0	0.0	0.0
AT1G13570	33	1.186204	9.473005	12.241933
AT2G16760	0	0.0	0.0	0.0
AT1G05547	0	0.0	0.0	0.0
AT2G04420	0	0.0	0.0	0.0
AT1G68160	22	1.063211	7.730593	9.990218
AT4G06305	3	1.547101	10.800986	13.958077
AT5G41940	39	1.546003	10.793321	13.948172
AT4G22740	35	1.504002	12.619252	16.307817
AT3G02895	0	0.0	0.0	0.0
AT4G31895	0	0.0	0.0	0.0
AT2G43140	0	0.000000	0.000000	0.000000
AT2G16500	171	4.667467	32.585621	42.110287
AT5G25000	0	0.0	0.0	0.0
AT3G12720	0	0.0	0.0	0.0
AT5G56720	0	0.000000	0.000000	0.000000
AT3G53240	0	0.000000	0.000000	0.000000
AT1G52190	128	4.302149	30.035173	38.814358
AT5G20635	8	0.227008	3.120046	4.032024
AT3G31950	0	0.0	0.0	0.0
AT1G32960	0	0.000000	0.000000	0.000000
AT4G39140	27	1.002356	7.021048	9.073277
AT2G23260	0	0.0	0.0	0.0
AT4G25000	0	0.000000	0.000000	0.000000
AT1G73250	16	0.920599	6.427103	8.305723
AT3G07305	0	0.000000	0.000000	0.000000
AT5G13825	0	0.000000	0.000000	0.000000
AT5G39140	0	0.0	0.0	0.0
AT5G67440	21	0.517109	4.115563	5.318529
AT5G07205	0	0.0	0.0	0.0
AT4G10050	12	0.444082	3.358559	4.340255
AT1G50730	35	0.787896	6.299042	8.140231
AT3G45610	0	0.000000	0.000000	0.000000
AT3G62920	0	0.000000	0.000000	0.000000
AT2G22180	0	0.0	0.0	0.0
AT4G07205	0	0.000000	0.000000	0.000000
AT5G10050	30	2.298930	16.049831	20.741142
AT5G53340	14	0.619543	4.342935	5.612360
AT1G34800	0	0.0	0.0	0.0
AT2G37678	27	1.438953	13.420742	17.343578
AT4G38290	6	0.917001	6.401984	8.273261
AT5G24980	34	2.984181	20.833868	26.923536
AT2G07870	0	0.000000	0.000000	0.000000
AT1G69670	22	0.665656	4.647234	6.005605
AT3G06530	101	1.091812	7.878530	10.181396
AT4G24980	0	0.0	0.0	0.0
AT3G45750	15	0.411848	3.070247	3.967669
AT5G38290	56	3.139649	25.353043	32.763649
AT1G71010	45	0.598766	4.180246	5.402118
AT1G55460	36	1.656014	11.561355	14.940700
AT3G46616	0	0.0	0.0	0.0
AT1G55510	9	0.477121	3.330990	4.304626
AT5G54480	0	0.0	0.0	0.0
AT1G02705	0	0.000000	0.000000	0.000000
AT1G26340	37	3.868074	27.004709	34.898094
AT3G07695	0	0.0	0.0	0.0
AT4G32000	0	0.000000	0.000000	0.000000
AT5G48440	25	1.007168	7.459252	9.639566
AT5G63070	0	0.0	0.0	0.0
AT1G23720	0	0.0	0.0	0.0
AT5G06140	61	3.064680	21.395868	27.649805
AT3G05975	0	0.0	0.0	0.0
AT1G50170	56	0.953372	27.497786	35.535297
AT4G06140	0	0.0	0.0	0.0
AT1G08100	0	0.0	0.0	0.0
AT3G29455	0	0.0	0.0	0.0
AT5G55131	0	0.0	0.0	0.0
AT4G00905	0	0.000000	0.000000	0.000000
AT5G65609	0	0.0	0.0	0.0
AT1G77130	36	0.821255	5.788253	7.480139
AT2G09765	0	0.000000	0.000000	0.000000
AT3G44230	0	0.0	0.0	0.0
AT5G59890	163	8.830394	70.061966	90.540840
AT5G42797	0	0.0	0.0	0.0
AT3G28200	109	5.612987	39.186707	50.640850
AT2G21370	68	2.604718	19.681902	25.434856
AT3G22090	0	0.0	0.0	0.0
AT5G00905	0	0.000000	0.000000	0.000000
AT2G36230	37	2.333333	17.770931	22.965313
AT3G03040	25	0.906998	7.017055	9.068117
AT5G19300	14	0.641975	4.481907	5.791954
AT3G19200	0	0.0	0.0	0.0
AT4G28300	46	1.558711	11.112875	14.361130
AT5G15745	0	0.000000	0.000000	0.000000
AT4G24410	0	0.0	0.0	0.0
AT4G24560	19	0.388800	2.714382	3.507787
AT5G64850	123	8.341588	63.201729	81.675377
AT4G35430	25	4.468996	31.200008	40.319664
AT5G49660	55	1.306822	9.123493	11.790259
AT5G54910	33	0.986903	6.946187	8.976533
AT5G28300	61	1.891458	13.205092	17.064896
AT2G33660	0	0.0	0.0	0.0
AT5G44330	0	0.0	0.0	0.0
AT1G25580	20	0.761527	5.316552	6.870562
AT1G08427	0	0.000000	0.000000	0.000000
AT5G24410	0	0.0	0.0	0.0
AT5G24560	0	0.0	0.0	0.0
AT5G35430	43	1.160413	8.257690	10.671386
AT5G57550	0	0.000000	0.000000	0.000000
AT5G43900	90	1.234928	9.728086	12.571572
AT1G08933	0	0.0	0.0	0.0
AT2G41620	39	0.790045	5.515648	7.127853
AT1G08157	0	0.0	0.0	0.0
AT4G19690	0	0.0	0.0	0.0
AT3G21805	2	1.274725	8.899410	11.500678
AT1G07287	0	0.0	0.0	0.0
AT1G77770	32	1.147457	11.450128	14.796960
AT3G07470	238	6.531261	103.347321	133.555389
AT1G62050	16	0.542845	3.789837	4.897594
AT5G19690	206	4.807906	35.086685	45.342403
AT2G39900	97	6.446951	45.008972	58.164944
AT3G61060	2	0.083525	0.615770	0.795757
AT4G30760	97	7.417782	55.387486	71.577057
AT4G28690	0	0.000000	0.000000	0.000000
AT4G22430	0	0.0	0.0	0.0
AT3G16930	0	0.0	0.0	0.0
AT5G52930	10	0.474088	3.309815	4.277263
AT3G20070	28	1.422853	9.933557	12.837101
AT3G44765	0	0.0	0.0	0.0
AT2G31035	0	0.000000	0.000000	0.000000
AT2G09230	0	0.000000	0.000000	0.000000
AT5G01725	0	0.0	0.0	0.0
AT5G28690	0	0.0	0.0	0.0
AT5G22430	0	0.0	0.0	0.0
AT1G32580	84	4.374755	30.542070	39.469414
AT4G34040	39	0.942743	7.108414	9.186179
AT1G13090	40	1.811201	12.644784	16.340811
AT5G42310	81	2.476806	17.291660	22.345955
AT1G31020	26	2.139438	14.936349	19.302193
AT2G36050	8	0.400692	2.797405	3.615077
AT5G51300	100	2.216931	15.830595	20.457823
AT4G11890	18	0.850264	6.197518	8.009031
AT2G47040	0	0.0	0.0	0.0
AT1G64210	0	0.0	0.0	0.0
AT4G33820	0	0.0	0.0	0.0
AT1G78080	132	4.936329	34.462662	44.535984
AT2G05270	0	0.0	0.0	0.0
AT5G17930	50	1.471551	10.273539	13.276459
AT5G11890	51	2.467918	17.229610	22.265768
AT3G44050	21	0.370678	2.587865	3.344289
AT1G06387	0	0.0	0.0	0.0
AT1G07702	0	0.000000	0.000000	0.000000
AT5G45520	7	0.136693	0.981136	1.267919
AT5G48170	3	0.198037	1.382583	1.786707
AT3G61755	0	0.0	0.0	0.0
AT4G30500	7	0.525180	3.666510	4.738219
AT2G35733	1	0.098958	0.690869	0.892808
AT5G06470	4	0.296185	2.067796	2.672206
AT5G49015	17	1.075348	12.725964	16.445719
AT1G20940	0	0.0	0.0	0.0
AT5G40348	0	0.0	0.0	0.0
AT2G17110	12	0.297213	2.084761	2.694130
AT5G30500	0	0.0	0.0	0.0
AT3G51200	0	0.0	0.0	0.0
AT1G50440	67	3.579301	27.763096	35.878155
AT1G76880	0	0.000000	0.000000	0.000000
AT2G41100	218	6.765306	107.846016	139.369034
AT2G43470	0	0.000000	0.000000	0.000000
AT5G48730	21	0.840376	5.915671	7.644801
AT5G51690	16	0.374731	2.695065	3.482823
AT2G42485	5	0.657787	4.592298	5.934610
AT4G24973	0	0.0	0.0	0.0
AT4G31877	0	0.0	0.0	0.0
AT3G56550	0	0.000000	0.000000	0.000000
AT1G78172	0	0.000000	0.000000	0.000000
AT4G39470	27	1.339873	9.354237	12.088449
AT4G24700	5	0.466156	3.254438	4.205699
AT2G37330	0	0.000000	0.000000	0.000000
AT1G76540	40	2.295538	16.026150	20.710541
AT4G12550	0	0.0	0.0	0.0
AT5G39470	0	0.0	0.0	0.0
AT4G12005	0	0.000000	0.000000	0.000000
AT1G03970	15	0.985714	6.881699	8.893196
AT5G67265	0	0.000000	0.000000	0.000000
AT3G04820	22	0.696003	4.859100	6.279398
AT5G63590	0	0.0	0.0	0.0
AT2G15185	0	0.0	0.0	0.0
AT5G67170	0	0.000000	0.000000	0.000000
AT5G41860	4	0.402847	2.812450	3.634520
AT2G08635	0	0.000000	0.000000	0.000000
AT2G23445	0	0.0	0.0	0.0
AT5G05805	0	0.0	0.0	0.0
AT2G02147	0	0.000000	0.000000	0.000000
AT2G09505	0	0.000000	0.000000	0.000000
AT1G08620	34	0.537408	4.172532	5.392148
AT2G09050	0	0.0	0.0	0.0
AT4G05805	0	0.0	0.0	0.0
AT1G03060	45	0.299525	2.093907	2.705949
AT2G15640	0	0.000000	0.000000	0.000000
AT1G48100	12	0.480643	3.355578	4.336402
AT1G25083	0	0.000000	0.000000	0.000000
AT1G24130	0	0.0	0.0	0.0
AT3G04230	13	1.041456	7.270858	9.396105
AT1G06127	0	0.0	0.0	0.0
AT1G31850	84	1.879517	13.729070	17.742031
AT2G30942	7	0.730088	5.097063	6.586916
AT5G52155	0	0.0	0.0	0.0
AT3G48131	0	0.0	0.0	0.0
AT1G51370	8	0.285855	2.178180	2.814855
AT2G03913	0	0.0	0.0	0.0
AT4G04330	206	9.817571	68.952644	89.107269
AT1G10095	0	0.0	0.0	0.0
AT5G09660	1096	43.177513	392.745026	507.543060
AT5G59880	455	37.873825	264.413666	341.700867
AT3G13110	96	3.994223	27.885412	36.036221
AT1G30570	27	0.645859	4.509023	5.826995
AT1G62820	29	1.913997	13.362448	17.268244
AT2G46900	28	0.959649	6.699728	8.658035
AT3G22080	0	0.0	0.0	0.0
AT1G66245	0	0.0	0.0	0.0
AT3G59770	58	0.777516	5.734572	7.410768
AT1G06400	39	2.322531	16.214602	20.954073
AT4G00953	0	0.0	0.0	0.0
AT5G04330	0	0.000000	0.000000	0.000000
AT4G09660	0	0.0	0.0	0.0
AT5G34883	0	0.0	0.0	0.0
AT3G21520	2	0.122625	0.856099	1.106333
AT3G25860	168	6.471014	45.176968	58.382042
AT3G02210	15	0.601815	4.201532	5.429626
AT4G28680	0	0.000000	0.000000	0.000000
AT1G61040	23	0.642935	4.488609	5.800614
AT5G03900	96	2.999606	24.180922	31.248922
AT5G59540	267	11.400964	83.162956	107.471207
AT4G36660	54	4.336373	30.274107	39.123127
AT2G01620	49	0.629299	8.727360	11.278337
AT1G22110	2	0.063078	0.508360	0.656952
AT1G13080	33	1.380503	9.637894	12.455016
AT5G28680	0	0.0	0.0	0.0
AT3G47470	0	0.000000	0.000000	0.000000
AT3G60630	62	2.027640	14.155839	18.293543
AT5G64020	21	0.881356	6.190362	7.999784
AT1G15330	0	0.0	0.0	0.0
AT4G33230	0	0.000000	0.000000	0.000000
AT4G19680	0	0.0	0.0	0.0
AT1G69485	0	0.0	0.0	0.0
AT4G02310	0	0.0	0.0	0.0
AT3G04765	0	0.0	0.0	0.0
AT3G59130	0	0.0	0.0	0.0
AT1G05213	0	0.000000	0.000000	0.000000
AT2G15325	0	0.0	0.0	0.0
AT1G07297	0	0.0	0.0	0.0
AT1G49225	0	0.000000	0.000000	0.000000
AT5G19680	33	1.648267	11.507270	14.870806
AT4G22666	0	0.0	0.0	0.0
AT1G67100	0	0.0	0.0	0.0
AT1G06457	1	0.062165	0.434001	0.560858
AT5G02310	75	0.885803	6.184177	7.991790
AT3G61970	9	0.339681	2.371461	3.064631
AT2G07040	0	0.0	0.0	0.0
AT1G19370	28	0.944254	6.592248	8.519140
AT4G08170	22	0.574599	4.043278	5.225114
AT4G05520	48	1.870398	13.696844	17.700384
AT1G67620	27	1.925387	13.441966	17.371006
AT2G45270	48	1.721794	12.293540	15.886900
AT1G54385	31	0.861835	6.895739	8.911340
AT3G58520	0	0.000000	0.000000	0.000000
AT3G55170	119	11.761606	90.913528	117.487236
AT2G12465	0	0.0	0.0	0.0
AT3G04050	0	0.000000	0.000000	0.000000
AT3G04505	0	0.0	0.0	0.0
AT5G08170	21	0.758386	6.625040	8.561517
AT5G05520	31	1.080912	8.440556	10.907701
AT1G76890	37	1.380368	9.636950	12.453798
AT2G40475	227	14.454545	100.913483	130.410141
AT3G08365	0	0.000000	0.000000	0.000000
AT5G08265	0	0.0	0.0	0.0
AT4G11880	0	0.0	0.0	0.0
AT3G50510	0	0.0	0.0	0.0
AT3G50460	0	0.0	0.0	0.0
AT2G24395	50	5.443828	42.749039	55.244438
AT5G63840	57	1.419799	9.912235	12.809548
AT3G11770	32	2.664234	18.600178	24.036947
AT1G78090	0	0.000000	0.000000	0.000000
AT1G28370	6	0.361226	2.612796	3.376507
AT5G09015	0	0.0	0.0	0.0
AT5G46470	83	1.066818	8.151057	10.533583
AT1G72200	1	0.044794	0.312726	0.404135
AT5G11880	196	7.664047	53.506050	69.145691
AT1G06650	85	4.007081	32.367977	41.829021
AT4G08265	0	0.0	0.0	0.0
AT3G20960	0	0.000000	0.000000	0.000000
AT4G09784	0	0.0	0.0	0.0
AT2G20440	11	0.371153	2.792574	3.608834
AT2G01100	39	1.911790	17.976074	23.230417
AT1G06397	1	0.005624	0.039264	0.050740
AT4G09015	0	0.0	0.0	0.0
AT4G31210	82	1.441798	10.285749	13.292238
AT5G62575	35	3.656992	25.531055	32.993694
AT4G11540	0	0.0	0.0	0.0
AT2G38020	59	1.575040	11.317431	14.625477
AT5G63580	0	0.0	0.0	0.0
AT2G03470	50	2.216094	15.471518	19.993790
AT5G08730	0	0.0	0.0	0.0
AT1G06710	13	0.216735	1.552266	2.005989
AT1G14520	5	0.122524	1.668780	2.156558
AT4G29285	0	0.0	0.0	0.0
AT3G55730	0	0.000000	0.000000	0.000000
AT4G30825	61	1.552277	10.837122	14.004776
AT5G11540	0	0.000000	0.000000	0.000000
AT4G08730	0	0.0	0.0	0.0
AT1G43970	0	0.0	0.0	0.0
AT5G51680	4	0.215984	1.507878	1.948626
AT5G01860	0	0.0	0.0	0.0
AT3G29385	0	0.0	0.0	0.0
AT3G44820	34	0.873459	6.548440	8.462526
AT1G21313	0	0.000000	0.000000	0.000000
AT2G30010	109	5.701904	39.807476	51.443066
AT1G48620	342	11.404095	82.549118	106.677940
AT4G01860	31	0.515501	3.706723	4.790186
AT4G14716	106	7.534050	52.598484	67.972847
AT4G06526	0	0.0	0.0	0.0
AT3G11130	246	3.299899	23.038034	29.771971
AT4G09467	0	0.0	0.0	0.0
AT4G33050	86	2.828002	23.364128	30.193384
AT1G06607	0	0.0	0.0	0.0
AT1G07160	0	0.0	0.0	0.0
AT4G13760	0	0.0	0.0	0.0
AT2G44150	19	0.763722	5.555491	7.179343
AT5G06685	0	0.0	0.0	0.0
AT3G27260	52	1.145661	8.305982	10.733791
AT3G54250	11	0.453933	3.212417	4.151395
AT5G13760	23	0.734481	5.328322	6.885773
AT1G79720	61	2.901788	20.258646	26.180180
AT3G44326	0	0.0	0.0	0.0
AT3G47140	0	0.0	0.0	0.0
AT2G40690	23	1.052722	7.674985	9.918358
AT4G06685	0	0.000000	0.000000	0.000000
AT5G65720	93	3.618955	25.679480	33.185505
AT1G75390	7	0.389779	2.721217	3.516619
AT1G74240	7	0.316813	2.372564	3.066056
AT5G02135	0	0.0	0.0	0.0
AT4G21610	0	0.0	0.0	0.0
AT4G15920	129	7.986791	55.759266	72.057510
AT5G34870	0	0.0	0.0	0.0
AT3G25012	0	0.000000	0.000000	0.000000
AT4G27360	0	0.0	0.0	0.0
ATMG00630	2	0.438438	3.060927	3.955625
AT3G17010	0	0.0	0.0	0.0
AT2G46780	27	1.011905	7.596291	9.816661
AT3G20840	0	0.0	0.0	0.0
AT1G30090	24	1.057318	7.381598	9.539213
AT5G54350	0	0.0	0.0	0.0
AT5G15920	31	0.684916	4.781697	6.179371
AT4G34870	632	45.490993	317.592468	410.423615
AT5G27360	0	0.000000	0.000000	0.000000
AT1G63057	0	0.000000	0.000000	0.000000
AT3G02545	0	0.000000	0.000000	0.000000
AT5G47530	0	0.000000	0.000000	0.000000
AT5G63960	34	0.726383	5.142700	6.645894
AT1G07813	0	0.000000	0.000000	0.000000
AT2G22320	0	0.0	0.0	0.0
AT1G05897	0	0.0	0.0	0.0
AT5G00795	0	0.0	0.0	0.0
AT5G02775	0	0.0	0.0	0.0
AT5G03780	0	0.000000	0.000000	0.000000
AT4G04115	0	0.0	0.0	0.0
AT1G66510	5	0.143463	1.477600	1.909497
AT1G66460	0	0.000000	0.000000	0.000000
AT1G18250	50	3.176518	22.230658	28.728603
AT3G13335	0	0.0	0.0	0.0
AT3G20580	0	0.0	0.0	0.0
AT1G32070	140	8.625080	73.291168	94.713928
AT1G17180	0	0.0	0.0	0.0
AT5G04115	0	0.0	0.0	0.0
AT2G40300	347	9.549301	147.569946	190.704132
AT3G02885	0	0.000000	0.000000	0.000000
AT3G03870	36	1.214559	9.124157	11.791117
AT1G75600	0	0.0	0.0	0.0
AT5G50100	39	2.736842	20.496693	26.487806
AT1G04920	0	0.0	0.0	0.0
AT4G13235	0	0.000000	0.000000	0.000000
AT4G21750	156	2.762852	24.548075	31.723394
AT5G43790	8	0.335443	2.341874	3.026395
AT5G42950	104	1.445491	10.238037	13.230581
AT2G42670	17	0.528652	4.554619	5.885918
AT1G29250	115	11.472956	80.097702	103.509987
AT3G09150	10	0.381995	3.075609	3.974599
AT4G01940	131	9.378246	65.473625	84.611336
AT1G75717	0	0.0	0.0	0.0
AT2G35320	27	1.640986	11.456438	14.805116
AT2G04935	0	0.0	0.0	0.0
AT5G01940	0	0.0	0.0	0.0
AT1G63000	128	6.974761	48.693844	62.926891
AT2G39790	0	0.0	0.0	0.0
AT2G44420	22	0.940917	7.370735	9.525175
AT2G03140	52	0.525430	3.798508	4.908800
AT2G22190	53	2.530539	19.384724	25.050814
AT2G13463	0	0.0	0.0	0.0
AT4G37420	0	0.000000	0.000000	0.000000
AT2G32510	1	0.048083	0.335688	0.433809
AT5G50620	0	0.0	0.0	0.0
AT3G54030	0	0.000000	0.000000	0.000000
AT3G32940	26	0.874396	6.291223	8.130126
AT2G32460	0	0.0	0.0	0.0
AT1G28715	12	0.418062	3.962551	5.120791
AT4G21065	0	0.000000	0.000000	0.000000
AT5G61800	0	0.000000	0.000000	0.000000
AT5G37420	0	0.0	0.0	0.0
AT1G53260	0	0.000000	0.000000	0.000000
AT1G52180	0	0.0	0.0	0.0
AT1G78570	224	6.942235	48.466770	62.633438
AT1G75120	16	0.505640	4.100846	5.299510
AT3G05610	0	0.0	0.0	0.0
AT1G56630	0	0.0	0.0	0.0
AT5G58610	0	0.000000	0.000000	0.000000
AT1G44608	0	0.0	0.0	0.0
AT1G19715	113	1.088174	28.934107	37.391445
AT1G70944	0	0.0	0.0	0.0
AT5G58750	0	0.0	0.0	0.0
AT3G26360	32	2.636943	18.409649	23.790726
AT2G47870	1	0.095498	0.666713	0.861591
AT2G18025	0	0.000000	0.000000	0.000000
AT5G10820	7	0.191182	1.446756	1.869638
AT2G35190	68	3.189157	22.264896	28.772846
AT4G23630	233	7.858594	54.957336	71.021179
AT3G46530	74	1.849826	12.914441	16.689289
AT3G26922	0	0.000000	0.000000	0.000000
AT3G55440	616	30.076313	209.975845	271.351074
AT1G09363	0	0.000000	0.000000	0.000000
AT1G18030	13	0.645023	4.503186	5.819453
AT4G29810	139	6.229592	49.596638	64.093559
AT5G23630	96	1.700864	12.296808	15.891123
AT4G10820	0	0.0	0.0	0.0
AT3G05750	11	0.214956	1.737777	2.245723
AT2G25510	5027	529.102661	3741.436035	4835.044922
AT3G25940	37	4.431165	30.935896	39.978348
AT2G25460	0	0.000000	0.000000	0.000000
AT1G51405	0	0.000000	0.000000	0.000000
AT5G08440	31	0.818026	5.856650	7.568528
AT2G34530	4	0.227201	1.651096	2.133705
AT3G52010	0	0.0	0.0	0.0
AT1G75450	6	0.136579	1.104310	1.427095
AT5G16010	219	15.071675	106.231033	137.281998
AT5G39493	0	0.0	0.0	0.0
AT1G03993	0	0.000000	0.000000	0.000000
AT4G38280	28	2.211032	15.436176	19.948120
AT1G16830	3	0.109829	0.766764	0.990887
AT5G50345	0	0.0	0.0	0.0
AT5G24990	17	0.802567	5.603070	7.240828
AT5G37150	0	0.0	0.0	0.0
AT5G18810	0	0.000000	0.000000	0.000000
AT4G26260	0	0.0	0.0	0.0
AT5G46140	0	0.000000	0.000000	0.000000
AT5G13500	34	1.213483	9.771838	12.628114
AT5G54490	5	0.358472	2.502649	3.234165
AT4G24990	64	4.129032	29.812302	38.526337
AT5G38280	0	0.0	0.0	0.0
AT2G20170	0	0.000000	0.000000	0.000000
AT1G45248	0	0.0	0.0	0.0
AT4G18810	102	3.219889	22.479448	29.050114
AT4G37150	0	0.000000	0.000000	0.000000
AT4G13500	217	23.929262	183.598389	237.263580
AT3G07685	0	0.0	0.0	0.0
AT1G29030	0	0.000000	0.000000	0.000000
AT5G26260	0	0.0	0.0	0.0
AT2G04031	0	0.0	0.0	0.0
AT1G05163	2	0.153103	1.068879	1.381308
AT2G35720	27	1.015797	7.091722	9.164607
AT5G05030	0	0.0	0.0	0.0
AT1G23180	0	0.000000	0.000000	0.000000
AT2G39390	353	37.322281	299.445435	386.972321
AT1G15440	57	1.534759	10.714822	13.846727
AT3G03280	0	0.0	0.0	0.0
AT3G02275	0	0.000000	0.000000	0.000000
AT4G05030	0	0.0	0.0	0.0
AT5G43390	0	0.0	0.0	0.0
AT3G58030	35	1.093197	8.304830	10.732303
AT4G21350	3	0.194667	1.359055	1.756302
AT1G12010	0	0.0	0.0	0.0
AT3G11405	0	0.0	0.0	0.0
AT3G56830	0	0.000000	0.000000	0.000000
AT4G03380	0	0.0	0.0	0.0
AT2G33960	0	0.000000	0.000000	0.000000
AT2G40700	34	1.155394	8.304494	10.731870
AT1G74570	0	0.0	0.0	0.0
AT3G43290	0	0.0	0.0	0.0
AT4G12830	112	5.979195	41.743366	53.944809
AT5G02375	0	0.0	0.0	0.0
AT5G03380	77	3.268474	23.951937	30.953007
AT3G02160	4	0.164960	1.166256	1.507148
AT1G01150	0	0.000000	0.000000	0.000000
AT3G21250	32	0.437036	3.297186	4.260942
AT1G05810	11	0.864307	6.034104	7.797852
AT1G22260	0	0.000000	0.000000	0.000000
AT5G54610	232	11.103777	77.520302	100.179222
AT5G49960	13	0.318450	2.276891	2.942418
AT5G54750	83	6.821281	47.770382	61.733501
AT4G39753	0	0.0	0.0	0.0
AT4G05508	0	0.0	0.0	0.0
AT1G01420	18	0.708609	5.364459	6.932471
AT1G09503	0	0.0	0.0	0.0
AT1G09827	0	0.000000	0.000000	0.000000
AT3G45480	0	0.0	0.0	0.0
AT5G27760	76	4.990726	56.659649	73.221069
AT3G26500	4	0.158491	1.106495	1.429919
AT2G39600	0	0.0	0.0	0.0
AT5G19990	109	2.793910	33.110542	42.788639
AT2G22720	72	2.404632	17.112009	22.113791
AT1G14030	384	14.392946	103.165985	133.321045
AT1G08633	2	0.247458	1.727612	2.232587
AT5G43600	31	1.227065	9.014430	11.649317
AT4G27760	65	3.697013	25.810459	33.354767
AT4G19990	13	0.320613	2.362490	3.053038
AT5G04440	82	3.806772	32.894466	42.509407
AT2G46380	88	1.890261	16.007259	20.686127
AT2G38530	72	5.113207	35.697525	46.131790
AT2G41920	0	0.0	0.0	0.0
AT3G13175	12	1.191892	8.321117	10.753351
AT1G30515	5	0.494595	3.452983	4.462278
AT5G13360	12	0.308418	2.597813	3.357145
AT4G34280	18	0.510264	3.562375	4.603645
AT3G05490	30	1.204346	8.408064	10.865712
AT5G56180	17	0.664164	4.986205	6.443655
AT3G12180	24	2.197929	15.344700	19.829903
AT1G79320	0	0.0	0.0	0.0
AT1G07885	0	0.000000	0.000000	0.000000
AT5G65320	0	0.000000	0.000000	0.000000
AT1G75790	0	0.0	0.0	0.0
AT3G16630	82	1.996020	14.267081	18.437300
AT1G61290	7	0.197748	1.383881	1.788385
AT5G58490	104	6.569952	45.867699	59.274670
AT5G52630	2	0.078027	0.544740	0.703966
AT1G35260	2	0.190352	1.328930	1.717372
AT4G28990	10	0.342440	2.679782	3.463073
AT4G13360	52	2.581887	18.380514	23.753077
AT4G14810	0	0.0	0.0	0.0
AT3G23010	6	0.172695	1.260065	1.628378
AT5G44572	24	1.340116	9.355933	12.090641
AT1G49000	0	0.0	0.0	0.0
AT2G31800	107	3.584540	28.497021	36.826603
AT5G17630	87	4.234648	29.563925	38.205357
AT4G36070	0	0.000000	0.000000	0.000000
AT2G48150	0	0.000000	0.000000	0.000000
AT2G03565	0	0.0	0.0	0.0
AT4G05250	0	0.0	0.0	0.0
AT5G62460	37	1.458520	11.194697	14.466869
AT5G62510	0	0.0	0.0	0.0
AT3G58250	0	0.0	0.0	0.0
AT3G57180	25	0.857822	5.988829	7.739344
AT2G25095	0	0.0	0.0	0.0
AT2G47280	0	0.0	0.0	0.0
AT5G05250	12	0.634667	4.430887	5.726020
AT1G78240	61	1.480970	11.448892	14.795363
AT1G12665	0	0.0	0.0	0.0
AT5G43120	0	0.0	0.0	0.0
AT3G05350	67	2.252771	15.727574	20.324692
AT4G27500	155	4.536434	35.506157	45.884487
AT2G19802	0	0.0	0.0	0.0
AT3G26760	0	0.000000	0.000000	0.000000
AT5G58350	0	0.000000	0.000000	0.000000
AT4G38870	3	0.140115	0.978204	1.264130
AT2G07290	0	0.0	0.0	0.0
AT1G18382	0	0.000000	0.000000	0.000000
AT2G13845	0	0.0	0.0	0.0
AT1G20640	7	0.147982	1.145137	1.479857
AT3G18905	0	0.0	0.0	0.0
AT2G39120	13	0.779502	5.442043	7.032734
AT1G09763	0	0.0	0.0	0.0
AT5G64530	9	0.439759	5.762316	7.446622
AT4G31160	37	0.476765	3.328504	4.301414
AT1G03670	0	0.0	0.0	0.0
AT2G39450	43	1.899098	13.884567	17.942980
AT4G28162	15	0.595431	4.577546	5.915547
AT1G14250	174	6.656175	49.540657	64.021225
AT1G79190	33	0.570257	4.156230	5.371082
AT5G51990	0	0.0	0.0	0.0
AT2G40410	48	2.194813	15.666061	20.245199
AT2G40560	0	0.0	0.0	0.0
AT5G57830	0	0.000000	0.000000	0.000000
AT3G57072	1	0.539395	3.765751	4.866468
AT5G08115	0	0.0	0.0	0.0
AT5G43450	28	1.345611	10.568581	13.657742
AT4G21490	0	0.0	0.0	0.0
AT3G26235	0	0.000000	0.000000	0.000000
AT1G06135	0	0.0	0.0	0.0
AT2G20330	33	1.129931	7.888541	10.194334
AT1G08920	43	1.559150	11.541088	14.914509
AT5G09070	0	0.000000	0.000000	0.000000
AT1G80555	0	0.0	0.0	0.0
AT1G80000	50	1.443959	10.252531	13.249311
AT1G24405	0	0.0	0.0	0.0
AT1G57010	0	0.0	0.0	0.0
AT2G08935	0	0.0	0.0	0.0
AT4G09070	0	0.0	0.0	0.0
AT5G55505	0	0.0	0.0	0.0
AT1G27080	0	0.000000	0.000000	0.000000
AT3G09635	0	0.000000	0.000000	0.000000
AT5G55050	0	0.000000	0.000000	0.000000
AT1G37113	0	0.0	0.0	0.0
AT3G54520	0	0.000000	0.000000	0.000000
AT5G02710	60	2.677728	18.694386	24.158691
AT3G08050	0	0.000000	0.000000	0.000000
AT1G15730	57	2.824594	19.719721	25.483728
AT3G08505	62	3.103666	25.120533	32.463177
AT5G04170	96	4.117962	36.350792	46.976006
AT1G30240	28	0.717797	5.011253	6.476026
AT4G02710	4	0.075401	0.532523	0.688178
AT3G04365	0	0.0	0.0	0.0
AT2G13965	0	0.0	0.0	0.0
AT3G13445	47	2.406281	19.597052	25.325201
AT3G06850	18	0.732653	5.175708	6.688550
AT4G06995	0	0.000000	0.000000	0.000000
AT2G40980	32	0.990767	7.662692	9.902470
AT1G74090	45	2.606522	18.197268	23.516264
AT1G51130	0	0.000000	0.000000	0.000000
AT4G04265	0	0.0	0.0	0.0
AT5G06995	0	0.0	0.0	0.0
AT1G65930	337	11.789589	82.308258	106.366676
AT3G59370	0	0.0	0.0	0.0
AT2G34020	0	0.0	0.0	0.0
AT5G04730	0	0.000000	0.000000	0.000000
AT1G18520	0	0.0	0.0	0.0
AT1G15170	43	0.795417	11.659968	15.068137
AT3G62100	0	0.0	0.0	0.0
AT1G03495	6	0.333333	2.327143	3.007359
AT3G14385	0	0.0	0.0	0.0
AT3G46020	20	1.044572	11.540208	14.913372
AT4G04730	0	0.000000	0.000000	0.000000
AT3G10572	20	1.037761	7.461410	9.642354
AT2G28605	76	6.282427	43.860359	56.680595
AT1G29520	25	2.228505	15.558164	20.105762
AT3G48820	25	0.965021	7.874333	10.175974
AT1G10510	75	2.760930	19.275255	24.909346
AT4G02650	0	0.0	0.0	0.0
AT1G10460	2	0.109774	0.766380	0.990390
AT5G41640	0	0.0	0.0	0.0
AT1G42470	112	1.605181	13.326179	17.221375
AT1G51770	0	0.0	0.0	0.0
AT2G03985	0	0.0	0.0	0.0
AT5G14285	35	2.491758	17.396049	22.480854
AT1G07210	51	3.331107	23.255909	30.053532
AT5G02650	17	0.282277	2.459636	3.178580
AT2G02970	22	0.715866	4.997773	6.458604
AT1G59312	0	0.0	0.0	0.0
AT1G68877	0	0.0	0.0	0.0
AT4G25835	13	0.460332	3.213778	4.153155
AT3G27110	43	2.073048	15.859831	20.495607
AT5G59270	0	0.0	0.0	0.0
AT4G36590	0	0.0	0.0	0.0
AT1G44100	50	1.404821	12.785320	16.522425
AT1G28130	9	0.241505	1.983126	2.562787
AT3G08230	0	0.000000	0.000000	0.000000
AT5G26110	21	1.225547	9.186389	11.871540
AT4G20935	0	0.0	0.0	0.0
AT3G52075	0	0.000000	0.000000	0.000000
AT3G29785	0	0.0	0.0	0.0
AT3G53080	0	0.0	0.0	0.0
AT1G32660	0	0.0	0.0	0.0
AT4G26110	205	7.780429	65.885567	85.143692
AT5G20935	10	1.424146	10.803919	13.961866
AT5G55230	137	3.973732	30.775496	39.771069
AT3G55330	424	27.783895	218.085236	281.830780
AT5G49840	33	0.865834	6.463476	8.352728
AT5G47020	70	1.056926	7.455252	9.634397
AT4G08330	16	1.218287	9.176399	11.858629
AT1G19130	52	3.471119	24.233393	31.316732
AT2G26930	87	5.180472	36.167130	46.738663
AT2G42060	2	0.138447	0.966559	1.249081
AT5G08330	129	6.460138	45.101040	58.283916
AT1G06310	0	0.0	0.0	0.0
AT3G62620	6	0.223014	1.765514	2.281568
AT3G45910	0	0.0	0.0	0.0
AT2G45540	110	0.866172	6.370490	8.232563
AT5G23155	0	0.000000	0.000000	0.000000
AT2G33840	78	2.363328	17.576498	22.714048
AT5G49580	56	1.463863	10.719946	13.853349
AT4G24680	67	1.058172	7.461375	9.642309
AT2G18200	0	0.0	0.0	0.0
AT3G01835	0	0.0	0.0	0.0
AT1G60830	6	0.792043	5.880519	7.599375
AT1G06797	0	0.0	0.0	0.0
AT3G07995	0	0.000000	0.000000	0.000000
AT3G03776	0	0.000000	0.000000	0.000000
AT5G07850	0	0.0	0.0	0.0
AT5G24680	312	7.055430	52.178810	67.430496
AT3G11370	0	0.0	0.0	0.0
AT1G31772	0	0.000000	0.000000	0.000000
AT1G28770	0	0.000000	0.000000	0.000000
AT2G45880	11	0.259474	1.811501	2.340997
AT2G33580	9	0.236842	1.653497	2.136809
AT1G69970	0	0.000000	0.000000	0.000000
AT3G05675	9	0.265035	2.067301	2.671566
AT1G73805	50	1.466394	11.501747	14.863669
AT5G09590	52	1.592197	11.115821	14.364938
AT5G11270	51	2.672631	18.658802	24.112705
AT4G02400	76	2.210801	15.434565	19.946035
AT1G53110	15	0.513786	3.751125	4.847567
AT2G29200	42	0.428846	6.126154	7.916808
AT5G66820	33	1.438341	10.041685	12.976835
AT3G08765	0	0.0	0.0	0.0
AT4G09590	0	0.0	0.0	0.0
ATCG00200	4	3.985915	27.827408	35.961266
AT5G60010	0	0.0	0.0	0.0
AT1G48745	2	0.165169	1.153117	1.490169
AT4G11270	46	0.700993	5.219049	6.744559
AT5G02400	0	0.0	0.0	0.0
AT1G19770	41	2.280755	15.922944	20.577168
AT4G06450	0	0.0	0.0	0.0
AT4G39120	55	2.092513	18.886892	24.407467
AT3G47380	16	1.263692	8.822385	11.401137
AT4G07290	0	0.000000	0.000000	0.000000
AT3G53220	6	0.538177	4.315260	5.576596
AT5G56740	36	1.317908	10.747634	13.889131
AT3G12740	49	2.306603	16.103401	20.810369
AT2G38870	46	5.005465	34.945332	45.159733
AT2G43120	22	1.211359	8.681708	11.219342
AT5G10590	0	0.000000	0.000000	0.000000
AT2G27500	27	1.062814	10.607573	13.708130
AT5G06450	12	0.822610	5.742999	7.421658
AT5G39120	0	0.0	0.0	0.0
AT5G13845	0	0.000000	0.000000	0.000000
AT5G07290	34	0.689629	4.814600	6.221892
AT4G10590	40	0.741928	5.454086	7.048297
AT3G62940	44	1.956570	14.221896	18.378908
AT5G48150	30	0.945278	6.898608	8.915048
AT5G03415	30	1.196947	9.820778	12.691359
AT3G07390	201	13.438963	93.823257	121.247475
AT5G03565	0	0.0	0.0	0.0
AT2G17630	34	1.782609	12.445170	16.082851
AT5G67420	59	1.815319	12.673532	16.377964
AT3G44070	0	0.0	0.0	0.0
AT1G72810	0	0.000000	0.000000	0.000000
AT2G05250	19	0.515068	3.595914	4.646987
AT5G53320	0	0.000000	0.000000	0.000000
AT4G03415	68	2.081613	20.722040	26.779020
AT4G03565	0	0.0	0.0	0.0
AT2G36070	37	1.418526	9.903349	12.798063
AT5G47280	0	0.0	0.0	0.0
AT2G16595	0	0.000000	0.000000	0.000000
AT4G31800	38	1.153567	12.895647	16.665001
AT1G51480	1	0.025335	0.176875	0.228575
AT1G09667	0	0.000000	0.000000	0.000000
AT1G17340	20	0.491542	3.431669	4.434734
AT3G20230	176	13.801526	96.354469	124.518547
AT3G55935	0	0.0	0.0	0.0
AT4G08935	0	0.000000	0.000000	0.000000
AT2G09070	0	0.0	0.0	0.0
AT5G48420	0	0.0	0.0	0.0
ATMG01310	0	0.0	0.0	0.0
AT1G21980	40	1.011240	7.059907	9.123494
AT1G26320	0	0.0	0.0	0.0
AT1G04337	0	0.0	0.0	0.0
AT5G08935	0	0.0	0.0	0.0
AT5G67150	16	0.761056	5.313263	6.866313
AT4G12570	15	0.344796	2.407171	3.110779
AT4G20330	41	2.071354	19.172760	24.776894
AT1G03950	13	0.934982	6.967787	9.004447
AT1G02790	0	0.0	0.0	0.0
AT5G39450	15	0.498932	3.483262	4.501407
AT5G06120	47	0.821671	5.908822	7.635950
AT3G07600	6	0.409184	4.508143	5.825858
AT2G21490	0	0.0	0.0	0.0
AT1G23740	165	8.939077	62.407597	80.649117
AT3G28956	14	0.515023	5.992669	7.744306
AT3G56570	9	0.337245	2.396015	3.096362
AT2G31160	4	0.166574	1.162926	1.502845
AT5G20330	0	0.0	0.0	0.0
AT1G74830	0	0.0	0.0	0.0
AT2G30984	2	0.161972	1.130797	1.461325
AT2G08115	0	0.0	0.0	0.0
AT2G43450	0	0.0	0.0	0.0
AT5G40410	0	0.0	0.0	0.0
AT5G40560	0	0.0	0.0	0.0
AT5G53190	0	0.0	0.0	0.0
AT1G35516	0	0.000000	0.000000	0.000000
AT1G16240	69	3.819386	30.467985	39.373672
AT4G36808	80	3.831819	26.751598	34.570999
AT5G40700	14	0.634471	5.627212	7.272027
AT5G57570	4	0.284884	1.988899	2.570248
AT1G09460	0	0.000000	0.000000	0.000000
AT1G09510	0	0.0	0.0	0.0
AT3G07120	0	0.000000	0.000000	0.000000
AT5G06600	201	3.593323	27.347652	35.341278
AT3G49440	0	0.0	0.0	0.0
AT1G77610	51	2.482581	17.331980	22.398058
AT5G64870	8	0.308602	2.154485	2.784234
AT2G03380	0	0.0	0.0	0.0
AT1G60090	0	0.0	0.0	0.0
AT4G33960	17	2.144716	14.973197	19.349812
AT3G01095	0	0.0	0.0	0.0
AT1G27220	0	0.0	0.0	0.0
AT5G39390	0	0.0	0.0	0.0
AT3G14980	29	0.507809	3.669687	4.742324
AT1G08737	0	0.000000	0.000000	0.000000
AT2G21350	0	0.000000	0.000000	0.000000
AT1G71360	9	0.252665	1.779421	2.299540
AT4G39390	31	1.347486	9.807353	12.674009
AT2G43390	0	0.0	0.0	0.0
AT4G35720	0	0.0	0.0	0.0
AT3G50835	0	0.000000	0.000000	0.000000
AT1G52340	33	2.166385	15.124477	19.545311
AT3G02800	0	0.000000	0.000000	0.000000
AT5G65274	0	0.000000	0.000000	0.000000
AT4G06390	0	0.0	0.0	0.0
AT2G14810	0	0.0	0.0	0.0
AT2G13360	1287	41.751320	374.418121	483.859283
AT2G28990	0	0.0	0.0	0.0
AT4G03705	4	1.407931	9.829380	12.702474
AT3G46280	14	0.618059	4.314939	5.576181
AT5G06390	32	1.008502	7.040792	9.098791
AT3G20050	231	3.311629	88.802277	114.758873
AT2G20619	0	0.0	0.0	0.0
AT1G54475	0	0.0	0.0	0.0
AT2G34280	0	0.000000	0.000000	0.000000
AT1G19480	18	0.576434	5.026571	6.495821
AT5G03705	0	0.0	0.0	0.0
AT5G22720	0	0.0	0.0	0.0
AT1G26190	31	0.803114	6.718243	8.681962
AT3G15000	0	0.000000	0.000000	0.000000
AT4G38530	0	0.000000	0.000000	0.000000
AT1G62070	0	0.0	0.0	0.0
AT5G39600	40	2.883153	22.179607	28.662634
AT3G07450	0	0.0	0.0	0.0
AT2G19990	5	0.438702	3.062770	3.958007
AT2G27760	14	0.661281	4.630542	5.984034
AT1G44940	0	0.0	0.0	0.0
AT1G77750	44	3.326087	23.220861	30.008242
AT4G01435	0	0.0	0.0	0.0
AT3G06290	31	0.419428	3.088168	3.990829
AT5G46380	0	0.0	0.0	0.0
AT5G38530	38	1.555208	10.857584	14.031219
AT5G41920	18	0.781145	5.453513	7.047557
AT4G22720	23	0.995650	7.457996	9.637942
AT4G39600	5	0.156184	1.297283	1.676475
AT2G04440	0	0.0	0.0	0.0
AT1G05803	0	0.0	0.0	0.0
AT1G05527	0	0.0	0.0	0.0
AT1G28480	3	0.267315	1.866243	2.411739
AT1G08177	0	0.0	0.0	0.0
AT3G04960	0	0.0	0.0	0.0
AT2G07734	2	0.103746	0.724296	0.936005
AT2G43600	0	0.0	0.0	0.0
AT5G01435	0	0.000000	0.000000	0.000000
AT3G57740	3	0.099185	0.692838	0.895352
AT1G36510	0	0.0	0.0	0.0
AT5G26930	0	0.0	0.0	0.0
AT5G42060	26	3.584507	25.025005	32.339729
AT4G33840	0	0.000000	0.000000	0.000000
AT1G14890	23	1.653742	11.545493	14.920201
AT4G20115	0	0.000000	0.000000	0.000000
AT1G24159	0	0.000000	0.000000	0.000000
AT2G47020	6	0.209095	1.627973	2.103824
AT1G69710	0	0.0	0.0	0.0
AT5G10070	55	3.432157	26.473799	34.212002
AT3G04580	34	0.792379	5.555282	7.179072
AT1G28910	0	0.000000	0.000000	0.000000
AT1G54300	0	0.0	0.0	0.0
AT5G45540	5	0.119869	0.836858	1.081468
AT4G26930	0	0.000000	0.000000	0.000000
AT5G56430	0	0.0	0.0	0.0
AT3G12430	0	0.0	0.0	0.0
AT1G73165	0	0.0	0.0	0.0
AT3G18690	103	8.333799	58.181885	75.188255
AT2G08330	0	0.000000	0.000000	0.000000
AT1G58410	0	0.0	0.0	0.0
AT5G61210	81	3.687889	29.465925	38.078712
ATCG01000	183	14.178734	98.987923	127.921753
AT4G10070	0	0.000000	0.000000	0.000000
AT1G20920	90	0.798639	10.694178	13.820048
AT1G19910	239	12.243648	136.031754	175.793381
AT2G26110	42	2.033251	14.195012	18.344164
AT3G61310	53	0.788965	5.857983	7.570251
AT1G73270	0	0.0	0.0	0.0
AT3G44590	104	8.711816	76.331001	98.642296
AT3G45130	0	0.000000	0.000000	0.000000
AT1G50420	10	0.310651	2.168790	2.802720
AT1G06693	0	0.0	0.0	0.0
AT2G36590	0	0.000000	0.000000	0.000000
AT3G29690	0	0.0	0.0	0.0
AT4G05890	0	0.0	0.0	0.0
AT3G58890	0	0.0	0.0	0.0
AT2G11270	0	0.000000	0.000000	0.000000
AT2G09590	0	0.0	0.0	0.0
AT3G05955	0	0.0	0.0	0.0
AT5G05890	14	0.651327	4.547198	5.876328
AT4G30097	1	0.486111	3.393753	4.385735
AT1G71866	6	0.420567	2.936162	3.794391
AT1G54690	106	10.529410	73.510399	94.997238
AT4G29200	0	0.0	0.0	0.0
AT3G18300	0	0.000000	0.000000	0.000000
AT5G35698	0	0.0	0.0	0.0
AT1G76520	132	4.028396	30.373444	39.251495
AT1G21700	34	0.906482	6.328546	8.178358
AT5G63050	98	5.048792	38.042152	49.161739
AT2G02400	30	1.647391	11.501154	14.862903
AT3G14560	43	2.974848	20.768709	26.839333
AT3G14410	33	1.875273	13.092097	16.918873
AT4G33580	120	5.953808	45.391232	58.658928
AT1G53930	0	0.000000	0.000000	0.000000
AT4G12090	0	0.000000	0.000000	0.000000
AT3G48660	0	0.000000	0.000000	0.000000
AT3G45770	55	2.552525	19.384062	25.049955
AT5G18200	16	0.810423	5.657917	7.311706
AT3G04840	1000	67.007545	467.808868	604.547791
AT5G45880	0	0.0	0.0	0.0
AT1G69650	0	0.0	0.0	0.0
AT5G12090	0	0.0	0.0	0.0
AT3G56090	450	28.158966	196.590012	254.052597
AT1G06303	0	0.0	0.0	0.0
AT3G29300	0	0.0	0.0	0.0
AT1G08640	285	13.810188	96.414940	124.596695
AT2G24680	0	0.000000	0.000000	0.000000
AT1G43310	1	0.080645	0.646432	0.835382
AT2G07850	0	0.000000	0.000000	0.000000
AT5G65925	10	0.901235	6.291914	8.131020
AT4G29037	0	0.0	0.0	0.0
AT5G40980	3	0.220004	1.535944	1.984895
AT5G57090	0	0.0	0.0	0.0
AT2G32835	0	0.0	0.0	0.0
AT3G49730	13	0.223001	1.556867	2.011934
AT2G04265	0	0.0	0.0	0.0
AT2G06995	2	0.172897	1.207069	1.559891
AT3G03020	21	2.071887	14.464746	18.692741
AT3G01575	0	0.0	0.0	0.0
AT1G60570	0	0.0	0.0	0.0
AT4G28395	0	0.0	0.0	0.0
AT4G13965	0	0.0	0.0	0.0
AT2G02710	26	0.973535	8.102396	10.470698
AT3G14700	0	0.0	0.0	0.0
AT5G00990	1	0.000771	0.005383	0.006956
AT5G15725	0	0.0	0.0	0.0
AT3G22550	9	0.356452	2.488547	3.215940
AT1G21410	8	0.363805	2.589463	3.346355
AT1G21560	0	0.000000	0.000000	0.000000
AT1G68238	17	2.885714	20.146427	26.035158
AT4G19395	0	0.0	0.0	0.0
AT1G65110	0	0.0	0.0	0.0
AT4G00990	30	0.714547	5.132249	6.632388
AT2G04170	0	0.000000	0.000000	0.000000
AT1G08447	0	0.0	0.0	0.0
AT1G51910	0	0.0	0.0	0.0
AT1G61850	26	0.414902	2.896612	3.743281
AT3G62860	7	0.316534	2.209862	2.855797
AT5G18037	0	0.0	0.0	0.0
AT5G63230	0	0.0	0.0	0.0
AT2G41640	1	0.002852	0.023527	0.030404
AT4G09432	2	0.064007	0.446861	0.577477
AT4G02970	0	0.000000	0.000000	0.000000
AT4G03985	0	0.000000	0.000000	0.000000
AT5G44635	22	0.598355	4.497999	5.812749
AT1G13550	3	0.172441	1.203886	1.555777
AT3G49170	12	0.327881	2.289080	2.958170
AT2G02650	0	0.0	0.0	0.0
AT2G23347	0	0.000000	0.000000	0.000000
AT5G02970	23	0.802183	5.600389	7.237364
AT5G03985	0	0.000000	0.000000	0.000000
AT2G14285	43	3.564583	24.885908	32.159973
AT3G57430	22	0.574352	4.009801	5.181853
AT5G01745	0	0.0	0.0	0.0
AT3G43850	0	0.0	0.0	0.0
AT1G62590	10	0.265606	1.933446	2.498585
AT5G66660	0	0.0	0.0	0.0
AT1G71528	6	0.120873	4.037218	5.217283
AT3G21890	3	0.194369	1.356975	1.753614
AT1G31040	0	0.000000	0.000000	0.000000
AT1G09245	0	0.0	0.0	0.0
AT1G69400	122	4.012757	29.393772	37.985470
AT3G27930	27	1.125530	8.292647	10.716559
AT1G16515	14	1.684533	26.299927	33.987305
AT4G34020	44	1.801792	13.460739	17.395266
AT2G31210	0	0.0	0.0	0.0
AT2G09015	0	0.0	0.0	0.0
AT1G70895	6	0.237912	1.660967	2.146462
AT2G46470	34	1.456850	10.355221	13.382017
AT4G01100	142	5.173120	38.670338	49.973549
AT1G06703	0	0.0	0.0	0.0
AT4G20440	121	5.233479	38.605362	49.889580
AT3G53550	0	0.0	0.0	0.0
AT1G43710	151	6.268187	43.760944	56.552120
AT2G08265	0	0.0	0.0	0.0
AT2G45023	0	0.000000	0.000000	0.000000
AT5G50940	0	0.000000	0.000000	0.000000
AT1G69797	0	0.0	0.0	0.0
AT5G01100	0	0.0	0.0	0.0
AT5G20440	0	0.0	0.0	0.0
AT1G73540	29	2.069280	14.446545	18.669220
AT1G06970	0	0.000000	0.000000	0.000000
AT5G66590	26	2.058233	14.369421	18.569553
AT1G17430	21	1.285886	8.977331	11.601374
AT3G18700	0	0.0	0.0	0.0
AT5G09820	40	1.579425	15.677944	20.260555
AT5G07040	0	0.0	0.0	0.0
AT3G61650	45	1.667287	11.640058	15.042406
AT1G62660	30	0.637693	5.049533	6.525494
AT1G04447	0	0.0	0.0	0.0
AT2G05520	5376	403.482635	4166.509277	5384.365723
AT5G41908	0	0.0	0.0	0.0
AT4G09820	0	0.000000	0.000000	0.000000
AT4G07040	0	0.0	0.0	0.0
AT5G47229	0	0.0	0.0	0.0
AT3G11591	28	4.942506	34.505787	44.591713
AT3G25620	0	0.0	0.0	0.0
AT2G33050	0	0.000000	0.000000	0.000000
AT5G51795	0	0.0	0.0	0.0
AT2G01860	1	0.000700	0.004887	0.006315
AT4G36820	0	0.000000	0.000000	0.000000
AT3G61710	35	1.227314	9.384991	12.128191
AT4G30010	263	22.972677	160.382278	207.261459
AT5G36820	0	0.0	0.0	0.0
AT5G49050	0	0.0	0.0	0.0
AT1G54700	0	0.0	0.0	0.0
AT1G21690	37	1.459016	13.270013	17.148792
AT5G38020	0	0.000000	0.000000	0.000000
AT5G03470	27	0.911360	6.362601	8.222368
AT2G08730	0	0.000000	0.000000	0.000000
AT1G05037	0	0.0	0.0	0.0
AT5G02485	0	0.0	0.0	0.0
AT1G43650	7	0.308248	2.448285	3.163910
AT4G38020	0	0.000000	0.000000	0.000000
AT1G69310	10	0.205352	2.020434	2.611001
AT1G73880	5	0.194459	1.357603	1.754426
AT4G03470	0	0.0	0.0	0.0
AT1G64255	0	0.0	0.0	0.0
AT1G30830	0	0.0	0.0	0.0
AT4G02485	7	0.335953	2.543665	3.287170
AT3G11910	440	7.135118	57.758202	74.640732
AT5G46900	0	0.0	0.0	0.0
AT1G18890	32	0.851245	6.497085	8.396160
AT3G10150	0	0.000000	0.000000	0.000000
AT2G09660	0	0.000000	0.000000	0.000000
AT1G67860	37	4.830033	33.720566	43.576969
AT1G09077	0	0.0	0.0	0.0
AT3G08580	1439	59.989750	475.967865	615.091675
AT5G20854	0	0.0	0.0	0.0
AT5G01345	0	0.000000	0.000000	0.000000
AT1G58300	0	0.000000	0.000000	0.000000
AT3G66658	27	0.893895	6.251199	8.078403
AT3G14690	80	2.721557	19.000376	24.554119
AT5G55580	76	2.589270	22.252174	28.756409
AT1G54560	0	0.0	0.0	0.0
AT1G54410	2024	145.464111	1015.548401	1312.389648
AT1G27550	0	0.0	0.0	0.0
AT3G13930	111	3.930408	27.439890	35.460476
AT5G15640	37	1.286903	9.786004	12.646420
AT2G07772	0	0.000000	0.000000	0.000000
AT1G60240	0	0.0	0.0	0.0
AT3G48590	21	1.485714	10.372416	13.404239
AT3G61400	0	0.0	0.0	0.0
AT1G29890	65	1.961029	14.829826	19.164534
AT3G25100	6	0.189143	1.320490	1.706464
AT1G16090	0	0.000000	0.000000	0.000000
AT1G05200	88	1.820632	14.473912	18.704588
AT4G15640	53	2.332031	18.326269	23.682974
AT5G49230	38	1.843521	13.690512	17.692202
AT1G22930	59	1.166211	8.342885	10.781483
AT1G09575	0	0.000000	0.000000	0.000000
AT3G54890	5813	365.155548	2747.604736	3550.720215
AT3G63170	47	3.647230	25.462902	32.905621
AT2G02310	0	0.0	0.0	0.0
AT1G52430	0	0.000000	0.000000	0.000000
AT3G14300	0	0.0	0.0	0.0
AT2G19680	60	3.024778	28.953501	37.416512
AT2G33230	0	0.000000	0.000000	0.000000
AT3G06040	123	6.840590	81.566818	105.408524
AT3G18560	3	0.199818	1.395017	1.802775
AT3G18410	81	5.311927	72.865784	94.164200
AT5G01620	15	0.635778	4.550758	5.880929
AT3G59910	24	0.706514	5.090744	6.578752
AT3G44660	0	0.000000	0.000000	0.000000
AT5G14200	345	16.163832	118.984283	153.762985
AT3G08840	17	0.286739	2.593946	3.352147
AT3G10420	79	2.266164	16.367851	21.152117
AT3G29560	0	0.0	0.0	0.0
AT2G36660	0	0.000000	0.000000	0.000000
AT3G29410	0	0.0	0.0	0.0
AT1G48860	145	5.322432	38.487831	49.737694
AT1G05257	0	0.000000	0.000000	0.000000
AT5G55840	10	0.164405	1.179807	1.524660
AT4G14200	10	0.274313	1.915099	2.474875
AT3G49330	0	0.0	0.0	0.0
AT2G28680	0	0.0	0.0	0.0
AT1G04640	58	3.337209	28.146406	36.373505
AT1G06413	0	0.0	0.0	0.0
AT1G06983	1	0.138258	1.187982	1.535225
AT5G20730	40	0.690351	4.839392	6.253929
AT2G11215	0	0.000000	0.000000	0.000000
AT3G45638	0	0.0	0.0	0.0
AT3G03530	0	0.000000	0.000000	0.000000
AT1G67940	13	0.967877	6.757171	8.732269
AT3G14475	0	0.000000	0.000000	0.000000
AT1G02390	0	0.000000	0.000000	0.000000
AT1G23340	0	0.000000	0.000000	0.000000
AT4G26466	0	0.0	0.0	0.0
AT3G59480	0	0.000000	0.000000	0.000000
AT5G66070	0	0.000000	0.000000	0.000000
AT1G71500	407	26.152979	182.585342	235.954407
AT2G10553	0	0.0	0.0	0.0
AT1G55000	38	2.534570	17.694937	22.867107
AT5G22190	0	0.0	0.0	0.0
AT3G18980	29	1.195457	8.346006	10.785515
AT1G26720	0	0.0	0.0	0.0
AT5G03140	20	0.540673	3.774674	4.877998
AT1G04737	0	0.000000	0.000000	0.000000
AT4G32510	0	0.0	0.0	0.0
AT4G32460	31	1.069826	11.240244	14.525729
AT2G37420	19	0.413020	2.954586	3.818201
AT4G22190	65	3.372969	23.548166	30.431215
AT4G27585	64	2.491237	17.790842	22.991043
AT5G32460	0	0.000000	0.000000	0.000000
AT4G03140	0	0.000000	0.000000	0.000000
AT2G46140	14	1.150844	8.034544	10.383013
AT2G13500	0	0.0	0.0	0.0
AT2G37150	24	0.395171	2.775470	3.586730
AT5G12240	48	1.461804	31.387617	40.562107
AT3G56240	113	6.828898	57.097721	73.787186
AT2G18810	0	0.0	0.0	0.0
AT5G53720	0	0.0	0.0	0.0
AT4G20170	45	1.686097	11.771378	15.212111
AT2G24990	43	1.668796	11.650591	15.056020
AT2G26260	19	0.644239	4.497714	5.812379
AT1G02600	0	0.0	0.0	0.0
AT3G07790	35	1.314851	9.179548	11.862699
AT4G27845	0	0.0	0.0	0.0
AT1G76250	0	0.0	0.0	0.0
AT4G12240	3	0.155306	1.084259	1.401184
AT2G38280	69	1.760800	12.473285	16.119183
AT5G20170	14	0.367215	3.126392	4.040225
AT1G77490	228	6.565122	50.923969	65.808868
AT5G55960	79	2.539145	17.726877	22.908382
AT4G34530	0	0.000000	0.000000	0.000000
AT1G54980	0	0.0	0.0	0.0
AT4G25510	0	0.000000	0.000000	0.000000
AT2G07741	12	0.766915	5.354168	6.919173
AT5G35190	0	0.0	0.0	0.0
AT2G29810	0	0.0	0.0	0.0
AT1G48940	0	0.0	0.0	0.0
AT5G47870	76	7.149480	49.913635	64.503220
AT5G61160	7	0.282319	1.970992	2.547106
ATCG00810	1379	228.316727	1593.978516	2059.893066
AT5G25510	47	1.626858	11.357804	14.677652
AT3G47780	0	0.000000	0.000000	0.000000
AT5G25460	410	20.463415	142.864014	184.622696
AT2G08440	0	0.000000	0.000000	0.000000
AT1G24480	0	0.000000	0.000000	0.000000
AT1G04177	0	0.000000	0.000000	0.000000
AT3G08960	50	0.956511	6.677820	8.629724
AT4G35190	0	0.0	0.0	0.0
AT5G56340	42	1.847315	12.896911	16.666634
AT2G23630	0	0.0	0.0	0.0
AT3G12340	16	0.589210	4.409886	5.698882
AT5G46780	23	1.492283	10.418278	13.463505
AT4G22320	0	0.000000	0.000000	0.000000
AT4G00680	0	0.0	0.0	0.0
AT3G11480	0	0.000000	0.000000	0.000000
AT3G57340	34	1.553856	12.506006	16.161469
AT2G34870	0	0.0	0.0	0.0
AT1G09597	0	0.0	0.0	0.0
AT2G47530	0	0.0	0.0	0.0
AT3G03205	0	0.0	0.0	0.0
AT5G22320	48	2.170507	16.492817	21.313612
AT3G63440	9	0.300964	2.160691	2.792254
AT5G50860	41	1.247963	8.777285	11.342854
AT5G02915	0	0.000000	0.000000	0.000000
AT2G27360	34	1.668719	11.650055	15.055326
AT3G46870	14	0.880096	6.326388	8.175570
AT3G49115	0	0.000000	0.000000	0.000000
AT1G77350	55	5.015964	35.018631	45.254456
AT1G02120	97	3.406930	24.195095	31.267237
AT2G21610	0	0.0	0.0	0.0
AT5G06790	17	0.952415	6.649224	8.592770
AT2G06685	0	0.0	0.0	0.0
AT5G44150	0	0.000000	0.000000	0.000000
AT1G65735	0	0.0	0.0	0.0
AT3G48070	29	1.024775	7.154401	9.245607
AT3G22220	0	0.000000	0.000000	0.000000
AT5G03305	0	0.000000	0.000000	0.000000
AT1G36095	0	0.0	0.0	0.0
AT5G57240	0	0.000000	0.000000	0.000000
AT1G16570	20	0.783335	6.161494	7.962478
AT5G40690	6	0.332078	2.318381	2.996036
AT2G13760	0	0.0	0.0	0.0
AT1G71235	0	0.0	0.0	0.0
AT1G07857	0	0.0	0.0	0.0
AT5G64280	0	0.000000	0.000000	0.000000
AT1G65260	259	8.444218	85.409950	110.374985
AT1G31290	0	0.0	0.0	0.0
AT5G10660	3	0.107511	0.944951	1.221157
AT4G39790	4	0.116894	0.816088	1.054628
AT2G43790	84	3.913652	27.322910	35.309303
AT2G42950	15	0.569688	3.985011	5.149816
AT5G42670	50	2.434542	16.996597	21.964645
AT1G13220	44	0.867062	6.351529	8.208058
AT1G76030	273	10.972837	76.606163	98.997871
AT1G52740	249	23.646080	165.083588	213.336960
AT4G35320	43	3.494802	24.398735	31.530403
AT5G44420	224	30.930916	215.942200	279.061371
AT4G10660	0	0.0	0.0	0.0
AT3G01510	37	1.174704	8.599237	11.112764
AT2G01940	23	0.803956	6.455531	8.342461
AT1G02450	16	1.990369	13.895634	17.957279
AT5G39790	52	1.911039	14.132792	18.263760
AT3G01460	34	0.352941	2.467267	3.188441
ATMG01400	0	0.0	0.0	0.0
AT2G21750	0	0.0	0.0	0.0
AT1G08337	0	0.0	0.0	0.0
AT5G35320	0	0.000000	0.000000	0.000000
AT5G04935	0	0.0	0.0	0.0
AT1G71760	0	0.000000	0.000000	0.000000
AT1G21475	0	0.0	0.0	0.0
AT2G03780	22	1.234776	10.388824	13.425441
AT5G03695	5	0.688312	4.805406	6.210010
AT2G07756	0	0.000000	0.000000	0.000000
AT5G40300	17	0.633478	6.992054	9.035809
AT1G78830	325	13.251789	92.516510	119.558777
AT2G04115	0	0.0	0.0	0.0
AT3G23360	0	0.0	0.0	0.0
AT3G18990	36	0.653711	5.552908	7.176004
AT5G22180	0	0.0	0.0	0.0
AT4G26630	370	9.292269	70.525139	91.139397
AT2G07205	0	0.0	0.0	0.0
AT4G13010	72	2.764649	20.418556	26.386829
AT3G24810	0	0.000000	0.000000	0.000000
AT1G78220	0	0.0	0.0	0.0
AT4G22180	0	0.0	0.0	0.0
AT4G27595	23	0.366020	2.587446	3.343747
AT5G26630	0	0.0	0.0	0.0
AT3G48346	0	0.0	0.0	0.0
AT1G28610	35	1.319280	10.201098	13.182846
AT5G13010	53	0.948655	6.622974	8.558846
AT1G06993	1	0.033003	0.230408	0.297756
AT3G17760	0	0.000000	0.000000	0.000000
AT3G05715	1	0.316832	2.211942	2.858485
AT1G13830	0	0.0	0.0	0.0
AT2G20635	23	0.795151	5.990875	7.741987
AT2G25000	38	1.891277	14.037942	18.141184
AT5G43140	14	0.832703	6.183234	7.990572
AT3G52500	154	5.616332	39.210064	50.671028
AT4G23260	34	1.186471	8.931149	11.541693
AT5G16500	0	0.0	0.0	0.0
AT2G39140	65	3.065191	22.446587	29.007647
AT1G02380	6	0.244116	1.881399	2.431326
AT1G20620	3300	52.000793	803.913696	1038.894897
AT1G19610	0	0.000000	0.000000	0.000000
AT1G04263	2	1.465347	10.230227	13.220486
AT1G67148	0	0.0	0.0	0.0
AT3G59490	0	0.000000	0.000000	0.000000
AT4G16500	54	2.478413	17.302881	22.360455
AT2G46493	0	0.0	0.0	0.0
AT1G70210	57	1.706923	12.639575	16.334080
AT5G23260	0	0.000000	0.000000	0.000000
AT1G54990	64	3.043976	21.251324	27.463011
AT3G22830	0	0.0	0.0	0.0
AT1G34160	9	0.324338	2.264345	2.926205
AT1G19750	0	0.000000	0.000000	0.000000
AT4G11250	0	0.0	0.0	0.0
AT5G35180	66	1.548570	12.712300	16.428062
AT3G47790	0	0.0	0.0	0.0
AT1G24490	61	2.442306	17.050802	22.034693
AT3G05655	1	0.345794	2.414139	3.119783
AT5G59030	79	5.033520	35.141197	45.412849
AT5G11250	9	0.144265	1.085229	1.402438
AT4G35180	0	0.000000	0.000000	0.000000
AT1G56260	16	1.124774	7.852538	10.147807
AT1G28750	0	0.000000	0.000000	0.000000
AT1G12360	54	1.599774	11.168719	14.433298
AT3G11350	0	0.0	0.0	0.0
AT2G32000	0	0.000000	0.000000	0.000000
AT1G59810	0	0.0	0.0	0.0
AT5G07870	0	0.000000	0.000000	0.000000
AT2G24980	0	0.0	0.0	0.0
AT1G08940	12	0.803404	5.608913	7.248380
AT3G07780	56	1.748808	12.209191	15.777895
AT3G48960	0	0.0	0.0	0.0
AT1G77480	49	1.116105	7.792015	10.069594
AT2G38290	59	2.200284	17.115541	22.118355
AT2G06695	0	0.0	0.0	0.0
AT5G06780	42	1.954384	13.684941	17.685001
AT1G15420	42	2.118480	17.128204	22.134722
AT1G63460	45	3.115044	27.335546	35.325634
AT1G63510	0	0.0	0.0	0.0
AT1G68800	2	0.035071	0.244846	0.316414
AT2G35740	0	0.000000	0.000000	0.000000
AT1G24350	44	2.187266	19.430458	25.109917
AT1G10225	0	0.0	0.0	0.0
AT5G40680	0	0.0	0.0	0.0
AT1G36085	0	0.0	0.0	0.0
AT1G01183	0	0.0	0.0	0.0
AT1G57360	0	0.0	0.0	0.0
AT4G06780	0	0.000000	0.000000	0.000000
AT3G06870	0	0.000000	0.000000	0.000000
AT3G09115	0	0.0	0.0	0.0
AT3G11490	39	1.489826	10.401124	13.441338
AT4G16235	0	0.0	0.0	0.0
AT4G00690	0	0.000000	0.000000	0.000000
AT2G46685	0	0.0	0.0	0.0
AT5G04150	0	0.000000	0.000000	0.000000
AT5G46790	30	1.630780	11.636615	15.037958
AT1G42120	0	0.0	0.0	0.0
AT3G08070	0	0.000000	0.000000	0.000000
AT1G09587	0	0.000000	0.000000	0.000000
AT1G51610	104	3.843474	26.832966	34.676151
AT5G16235	0	0.000000	0.000000	0.000000
AT2G15128	2	0.685446	4.785398	6.184153
AT1G66000	0	0.0	0.0	0.0
AT5G55070	151	5.470160	41.746067	53.948299
AT1G20100	155	6.378030	50.285042	64.983185
ATMG00260	0	0.0	0.0	0.0
AT2G06305	0	0.0	0.0	0.0
AT2G22740	13	0.380756	2.683343	3.467675
AT5G59250	123	3.674427	27.567938	35.625950
AT5G11030	29	0.834495	6.094354	7.875712
AT4G16760	102	2.749234	21.729586	28.081070
AT5G03685	0	0.0	0.0	0.0
AT1G09847	0	0.0	0.0	0.0
AT2G03790	0	0.0	0.0	0.0
AT1G01440	9	0.224448	1.630647	2.107280
AT1G07027	0	0.0	0.0	0.0
AT2G14045	79	4.630804	33.235863	42.950596
AT2G02950	31	0.934692	6.525492	8.432871
AT5G02670	0	0.000000	0.000000	0.000000
AT2G41940	79	4.944270	34.518105	44.607628
AT4G11030	0	0.0	0.0	0.0
AT5G16760	56	2.635453	18.399244	23.777283
AT5G04420	39	1.351472	9.882873	12.771601
AT3G52760	25	1.682203	11.744192	15.176979
AT3G17500	0	0.0	0.0	0.0
AT4G03685	0	0.000000	0.000000	0.000000
AT4G02670	0	0.0	0.0	0.0
AT1G31280	17	0.346901	2.545536	3.289588
AT3G27630	0	0.0	0.0	0.0
AT4G00300	76	3.447744	24.070204	31.105841
AT4G39780	22	1.252959	8.747453	11.304303
AT5G64290	266	9.367284	65.397087	84.512436
AT5G65340	4	0.241437	1.685577	2.178265
AT4G19905	0	0.0	0.0	0.0
AT1G79340	117	5.206658	36.349949	46.974915
AT5G43695	0	0.0	0.0	0.0
AT2G43780	39	2.318457	26.319929	34.013153
AT1G15150	0	0.0	0.0	0.0
AT1G47800	0	0.0	0.0	0.0
AT3G59350	21	0.600149	5.268701	6.808724
AT1G11810	0	0.000000	0.000000	0.000000
AT5G66960	0	0.000000	0.000000	0.000000
AT5G66580	8	0.504303	3.520759	4.549864
AT4G38850	18	1.805951	12.608130	16.293444
AT1G03710	0	0.000000	0.000000	0.000000
AT5G58370	31	0.759481	7.288898	9.419417
AT5G61412	0	0.0	0.0	0.0
AT3G58165	0	0.0	0.0	0.0
AT5G41100	12	0.411892	2.875597	3.716125
AT4G35733	0	0.0	0.0	0.0
AT5G17110	0	0.0	0.0	0.0
AT2G30500	19	0.338672	4.024463	5.200799
AT5G38850	21	0.466609	3.257601	4.209786
AT3G05370	23	0.604245	4.218498	5.451550
AT5G05270	21	1.086253	8.442663	10.910426
AT5G47040	74	1.645342	12.546471	16.213760
AT5G49820	41	1.577713	11.014702	14.234262
AT3G02035	0	0.000000	0.000000	0.000000
AT2G33820	23	0.741687	5.793580	7.487023
AT1G26945	48	3.630332	25.344929	32.753166
AT4G05270	0	0.0	0.0	0.0
AT2G45520	54	5.256928	36.700905	47.428455
AT3G58270	4	0.193891	1.353638	1.749301
AT3G62640	0	0.0	0.0	0.0
AT2G11890	77	5.570776	39.875237	51.530632
AT4G36050	22	0.666403	4.923595	6.362745
AT2G17930	27	0.175617	1.226561	1.585081
AT4G33467	7	0.766272	5.373528	6.944191
AT1G21680	99	3.109799	21.710861	28.056873
AT2G41860	0	0.0	0.0	0.0
AT5G02495	0	0.0	0.0	0.0
AT5G08635	0	0.0	0.0	0.0
AT3G50000	86	4.307790	30.074558	38.865250
AT1G09967	0	0.0	0.0	0.0
AT4G08635	0	0.000000	0.000000	0.000000
AT2G24617	0	0.0	0.0	0.0
AT5G09050	0	0.0	0.0	0.0
AT5G09505	2	0.320618	2.238374	2.892643
AT2G35637	4	0.163898	1.172155	1.514772
AT1G73890	312	19.347286	145.081314	187.488098
AT1G45976	29	1.731503	13.250716	17.123856
AT5G66840	0	0.0	0.0	0.0
AT3G04015	0	0.000000	0.000000	0.000000
AT2G12550	0	0.000000	0.000000	0.000000
AT2G24700	0	0.000000	0.000000	0.000000
AT5G43470	181	3.288321	27.619202	35.692200
AT4G37330	28	0.888094	7.701913	9.953156
AT1G14270	119	5.261838	42.817966	55.333508
AT2G39470	260	19.879343	138.786346	179.353134
AT3G07900	0	0.000000	0.000000	0.000000
AT1G03650	7	0.573991	4.007281	5.178596
AT1G48725	0	0.0	0.0	0.0
AT1G77910	0	0.000000	0.000000	0.000000
AT3G21270	32	1.839706	12.843789	16.597984
AT3G54540	90	2.700639	18.854338	24.365396
AT5G06900	0	0.0	0.0	0.0
AT5G02355	0	0.0	0.0	0.0
AT1G29880	157	4.858582	33.919880	43.834541
AT5G60360	288	12.777159	91.361244	118.065819
AT3G48580	0	0.0	0.0	0.0
AT1G01170	100	15.506391	108.256874	139.899979
AT4G33660	74	4.429857	30.926760	39.966549
AT2G35430	4	0.244779	1.708909	2.208417
AT1G16080	148	3.724770	61.342854	79.273155
AT1G74550	5	0.213039	1.487318	1.922056
AT4G06900	0	0.0	0.0	0.0
AT1G30220	0	0.000000	0.000000	0.000000
AT2G24410	0	0.0	0.0	0.0
AT2G24560	0	0.0	0.0	0.0
AT2G44330	0	0.0	0.0	0.0
AT5G54130	0	0.000000	0.000000	0.000000
AT1G18880	0	0.000000	0.000000	0.000000
AT5G09765	0	0.0	0.0	0.0
AT4G36230	16	1.223529	8.541988	11.038783
AT3G08590	98	3.296717	23.921951	30.914257
AT2G19300	0	0.0	0.0	0.0
AT2G26211	2	0.784946	5.480051	7.081850
AT3G14680	0	0.0	0.0	0.0
AT3G60260	29	0.927429	7.021788	9.074233
AT4G09765	0	0.0	0.0	0.0
AT5G36230	224	8.490495	64.787727	83.724953
AT3G02255	0	0.000000	0.000000	0.000000
AT1G39060	0	0.0	0.0	0.0
AT3G21165	0	0.0	0.0	0.0
AT5G55590	0	0.000000	0.000000	0.000000
AT1G03457	6	0.188784	1.526435	1.972607
AT5G09230	7	0.333767	2.499180	3.229681
AT3G28875	0	0.000000	0.000000	0.000000
AT5G22799	6	0.331644	2.433407	3.144684
AT1G06060	0	0.000000	0.000000	0.000000
AT1G18540	767	39.746597	277.488312	358.597198
AT2G34040	68	2.245812	16.501293	21.324566
AT1G08113	0	0.000000	0.000000	0.000000
AT1G01730	42	2.759398	19.264559	24.895525
AT2G42310	152	12.819620	89.499352	115.659706
AT2G28690	0	0.0	0.0	0.0
AT2G22430	206	9.962447	69.552185	89.882050
AT3G46040	198	18.893414	131.903152	170.457993
AT4G39900	76	4.001989	31.943115	41.279976
AT2G30760	0	0.000000	0.000000	0.000000
AT3G04660	0	0.000000	0.000000	0.000000
AT3G54880	45	2.319715	23.559050	30.445280
AT5G41620	3	0.048721	0.555373	0.717707
AT3G48840	0	0.0	0.0	0.0
AT1G29540	0	0.000000	0.000000	0.000000
AT3G16110	0	0.000000	0.000000	0.000000
AT2G43900	0	0.000000	0.000000	0.000000
AT5G52110	12	0.561594	5.838791	7.545450
AT5G39900	11	0.363411	2.631903	3.401200
AT2G19690	16	1.259596	9.381305	12.123427
AT1G03400	36	1.787194	13.783734	17.812674
AT1G63245	1	0.106259	0.741840	0.958678
AT1G08860	0	0.0	0.0	0.0
AT1G23052	4	0.312121	2.179053	2.815982
AT5G54770	6245	311.048553	2171.565674	2806.306641
AT3G09330	0	0.000000	0.000000	0.000000
AT5G60500	0	0.0	0.0	0.0
AT3G58540	0	0.0	0.0	0.0
AT5G02060	0	0.000000	0.000000	0.000000
AT1G26799	0	0.0	0.0	0.0
AT1G67640	0	0.0	0.0	0.0
AT4G05540	0	0.000000	0.000000	0.000000
AT2G09840	0	0.0	0.0	0.0
AT3G44580	0	0.0	0.0	0.0
AT4G13577	49	4.088675	29.747066	38.442032
AT1G48325	0	0.0	0.0	0.0
AT2G07020	0	0.0	0.0	0.0
AT5G37730	0	0.0	0.0	0.0
AT1G06683	0	0.000000	0.000000	0.000000
AT1G59406	0	0.0	0.0	0.0
AT1G78550	0	0.000000	0.000000	0.000000
AT5G05540	31	1.288154	9.342124	12.072796
AT4G02060	75	2.240846	15.914673	20.566475
AT2G28410	30	2.435099	17.000486	21.969671
AT2G28560	0	0.000000	0.000000	0.000000
AT4G37730	1	0.052180	0.364291	0.470772
AT2G24300	5	0.163920	1.160419	1.499606
AT3G29680	3	0.128878	0.899753	1.162748
AT2G36580	105	4.120297	28.765589	37.173672
AT5G07815	0	0.0	0.0	0.0
AT5G15860	0	0.000000	0.000000	0.000000
AT1G14880	219	18.642857	130.153900	168.197433
AT5G58130	27	0.874164	6.102920	7.886782
AT1G56110	510	21.449184	149.746109	193.516373
AT5G63820	0	0.000000	0.000000	0.000000
AT3G04590	46	2.002187	13.978140	18.063902
AT3G05130	40	1.315548	9.184413	11.868986
AT1G17232	0	0.000000	0.000000	0.000000
AT3G18680	121	6.799817	52.677574	68.075043
AT5G45472	21	0.223519	1.739446	2.247880
AT4G07815	0	0.0	0.0	0.0
AT2G20420	204	8.167002	62.502850	80.772224
AT1G34210	23	0.691150	4.834665	6.247821
AT2G19410	0	0.0	0.0	0.0
AT2G19560	29	1.426312	10.143775	13.108766
AT1G25230	51	2.707835	18.904575	24.430319
AT4G13075	0	0.0	0.0	0.0
AT4G37170	2	0.059688	0.416708	0.538510
AT1G02900	7	0.598361	4.177419	5.398464
AT4G33590	0	0.0	0.0	0.0
AT4G12080	5	0.210079	1.466653	1.895351
AT1G14540	0	0.0	0.0	0.0
AT1G70160	171	6.760257	47.196297	60.991615
AT5G23110	31	0.170967	1.193595	1.542479
AT2G38040	294	7.734041	54.137550	69.961769
AT3G45955	0	0.0	0.0	0.0
AT2G20150	0	0.000000	0.000000	0.000000
AT5G37170	0	0.0	0.0	0.0
AT5G12080	64	1.692153	12.559121	16.230110
AT1G07537	0	0.000000	0.000000	0.000000
AT5G45890	0	0.0	0.0	0.0
AT3G56080	17	0.555602	4.195222	5.421471
AT4G23110	0	0.0	0.0	0.0
AT2G42400	18	0.721875	5.039724	6.512818
AT5G11520	71	3.123188	21.804337	28.177670
AT4G30845	23	2.950040	20.595514	26.615513
AT2G24690	0	0.000000	0.000000	0.000000
AT3G58880	0	0.0	0.0	0.0
AT3G08660	4	0.128083	0.904375	1.168721
AT1G75470	0	0.0	0.0	0.0
AT4G05880	0	0.000000	0.000000	0.000000
AT3G44840	0	0.0	0.0	0.0
AT2G23930	190	16.191442	152.142776	196.613586
AT3G05770	0	0.000000	0.000000	0.000000
AT1G80245	0	0.000000	0.000000	0.000000
AT5G35688	0	0.000000	0.000000	0.000000
AT1G32230	186	2.810785	32.895428	42.510651
AT5G05880	0	0.000000	0.000000	0.000000
AT5G55660	213	4.875000	34.915390	45.121037
AT1G54680	3	0.187505	1.715143	2.216474
AT1G04860	57	1.143613	9.217198	11.911354
AT1G67325	24	1.102364	7.696083	9.945622
AT1G03310	78	2.007477	14.015072	18.111629
AT5G58770	0	0.000000	0.000000	0.000000
AT2G47850	36	1.056192	7.373737	9.529055
AT5G27247	0	0.0	0.0	0.0
AT5G24313	0	0.0	0.0	0.0
AT2G36840	9	0.249314	1.770708	2.288280
AT1G48640	0	0.000000	0.000000	0.000000
AT1G44478	0	0.0	0.0	0.0
AT5G00980	0	0.0	0.0	0.0
AT5G02615	0	0.0	0.0	0.0
AT4G21130	0	0.0	0.0	0.0
AT1G79430	16	0.773691	5.666426	7.322703
AT1G06147	0	0.0	0.0	0.0
AT5G65430	167	6.764348	62.785786	81.137856
AT4G34850	0	0.000000	0.000000	0.000000
AT5G54370	0	0.000000	0.000000	0.000000
AT2G15620	274	8.828226	61.883224	79.971474
AT3G09730	0	0.000000	0.000000	0.000000
AT2G30360	2	0.058650	0.409461	0.529145
AT4G00980	0	0.000000	0.000000	0.000000
AT5G21130	0	0.0	0.0	0.0
AT2G46995	0	0.000000	0.000000	0.000000
AT3G22053	0	0.0	0.0	0.0
AT3G17227	0	0.000000	0.000000	0.000000
AT1G10000	1	0.055011	0.384056	0.496314
AT5G34850	175	5.399536	37.696514	48.715076
AT1G62840	0	0.000000	0.000000	0.000000
AT5G40990	0	0.0	0.0	0.0
AT5G57080	6	0.890909	6.219824	8.037857
AT1G60073	0	0.0	0.0	0.0
AT2G42710	58	2.801950	20.683405	26.729092
AT3G54270	7	0.276815	1.932566	2.497449
AT2G21910	0	0.0	0.0	0.0
ATMG00110	45	5.697262	39.775066	51.401184
AT3G21540	39	0.950372	6.634961	8.574337
AT5G35945	0	0.0	0.0	0.0
AT1G48195	0	0.000000	0.000000	0.000000
AT1G67195	6	3.750000	26.180386	33.832821
AT2G19700	0	0.0	0.0	0.0
AT4G10960	4	0.217424	1.517932	1.961618
AT2G01640	38	2.439739	20.853821	26.949322
AT1G62580	0	0.000000	0.000000	0.000000
AT4G09365	0	0.000000	0.000000	0.000000
AT4G21903	2	0.064074	0.521004	0.673291
AT5G59520	0	0.0	0.0	0.0
AT1G61020	0	0.0	0.0	0.0
AT5G04635	0	0.0	0.0	0.0
AT3G06815	0	0.0	0.0	0.0
AT5G64040	3634	285.506561	2026.986938	2619.468506
AT5G10960	120	4.538754	31.687019	40.949028
AT3G21880	0	0.0	0.0	0.0
AT5G09365	1	0.171765	1.199166	1.549679
AT1G29270	10	0.462904	4.382156	5.663046
AT2G42650	13	0.597896	4.174172	5.394269
AT4G21770	50	2.090811	15.214084	19.661110
AT5G42970	18	0.820543	5.783191	7.473598
AT5G53592	4	0.271218	2.183556	2.821802
AT3G03850	13	1.446629	10.099547	13.051611
AT4G08874	0	0.0	0.0	0.0
AT3G09265	0	0.0	0.0	0.0
AT1G32050	265	15.113409	105.513298	136.354462
AT4G03995	3	0.888449	6.202650	8.015663
AT2G28700	0	0.0	0.0	0.0
AT2G44730	25	1.557989	10.877000	14.056310
AT1G18270	37	0.542894	4.394151	5.678546
AT3G07522	0	0.000000	0.000000	0.000000
AT1G49245	12	1.021528	7.131732	9.216313
AT2G15345	0	0.0	0.0	0.0
AT5G03995	19	3.026639	21.800385	28.172564
AT5G02755	0	0.000000	0.000000	0.000000
AT5G60760	0	0.000000	0.000000	0.000000
AT3G27425	0	0.0	0.0	0.0
AT3G07380	0	0.000000	0.000000	0.000000
AT4G37440	40	1.614035	11.379852	14.706143
AT1G06670	69	1.051056	7.337880	9.482718
AT2G03120	231	9.713158	76.966789	99.463913
AT1G34047	0	0.0	0.0	0.0
AT1G64800	0	0.0	0.0	0.0
AT1G28350	41	1.016992	8.169438	10.557338
AT3G11750	14	0.947729	8.936887	11.549109
AT5G37440	4	0.216716	1.512989	1.955230
AT1G12760	63	2.581011	18.019161	23.286102
AT1G80460	51	1.890038	13.195179	17.052084
AT1G80510	21	0.822320	5.740974	7.419041
AT5G46450	42	0.831750	5.960289	7.702461
AT5G50640	0	0.000000	0.000000	0.000000
AT3G32920	0	0.0	0.0	0.0
AT5G47290	0	0.0	0.0	0.0
AT1G57500	0	0.0	0.0	0.0
AT3G47390	30	0.639782	5.433352	7.021501
AT5G08150	0	0.0	0.0	0.0
AT1G75140	36	1.219481	8.513728	11.002262
AT3G04070	0	0.000000	0.000000	0.000000
AT5G10580	0	0.000000	0.000000	0.000000
AT4G07280	0	0.0	0.0	0.0
AT2G45250	28	1.622509	14.901637	19.257336
AT4G08150	0	0.000000	0.000000	0.000000
AT3G55150	0	0.0	0.0	0.0
AT3G51810	0	0.0	0.0	0.0
AT3G22121	470	27.344624	193.905014	250.582794
AT1G62960	53	2.023592	14.979850	19.358410
AT3G61950	9	0.322886	2.882286	3.724768
AT1G19350	132	4.325525	33.421181	43.190075
AT2G39415	0	0.0	0.0	0.0
AT5G07280	2	0.036264	0.253175	0.327177
AT3G55420	12	0.778507	5.435097	7.023757
AT1G02780	1447	104.348061	728.499268	941.437134
AT4G33070	0	0.000000	0.000000	0.000000
AT4G32714	0	0.0	0.0	0.0
AT2G06565	0	0.0	0.0	0.0
AT2G06415	0	0.0	0.0	0.0
AT5G10840	262	9.226532	64.414436	83.242561
AT2G21480	0	0.000000	0.000000	0.000000
AT5G27010	0	0.0	0.0	0.0
AT3G05315	0	0.0	0.0	0.0
AT3G17360	22	0.258107	1.809393	2.338272
AT4G40063	0	0.000000	0.000000	0.000000
AT5G08420	582	11.064178	77.798630	100.538902
AT3G25920	828	57.863560	403.970734	522.049988
AT4G10840	75	2.494790	18.151125	23.456636
AT4G27010	19	0.184847	1.308998	1.691614
AT2G29045	0	0.0	0.0	0.0
AT3G47600	24	0.784043	7.442532	9.617958
AT1G43950	0	0.0	0.0	0.0
AT1G51490	0	0.000000	0.000000	0.000000
AT4G00560	6	0.308252	2.312901	2.988954
AT5G05215	0	0.0	0.0	0.0
AT5G17260	0	0.0	0.0	0.0
AT3G23760	55	4.954648	34.590557	44.701260
AT1G21990	0	0.0	0.0	0.0
AT4G05215	0	0.0	0.0	0.0
AT3G13437	4	0.565138	3.996809	5.165063
AT4G17260	0	0.000000	0.000000	0.000000
AT2G03450	5	0.167274	1.167813	1.509160
AT5G62000	299	6.171059	43.555725	56.286915
AT5G39380	11	0.266909	2.086437	2.696295
AT3G03341	0	0.000000	0.000000	0.000000
AT3G14990	240	5.274007	44.065559	56.945770
AT3G59750	0	0.000000	0.000000	0.000000
AT1G49510	85	4.028674	28.604376	36.965336
AT3G28810	0	0.0	0.0	0.0
AT1G49460	0	0.0	0.0	0.0
AT1G74220	0	0.000000	0.000000	0.000000
AT4G39380	6	0.134952	1.010500	1.305866
AT3G09440	373	9.238671	83.955093	108.494881
AT4G00700	0	0.000000	0.000000	0.000000
AT5G65740	15	0.757300	5.300802	6.850208
AT3G47120	28	1.395187	10.246569	13.241607
AT5G46600	10	0.411461	2.888995	3.733438
AT1G30550	0	0.0	0.0	0.0
AT5G52260	0	0.0	0.0	0.0
AT1G79740	0	0.000000	0.000000	0.000000
AT1G24610	29	0.976251	7.419793	9.588573
AT3G16260	76	1.813905	13.631819	17.616352
AT1G35630	0	0.000000	0.000000	0.000000
AT3G16175	0	0.000000	0.000000	0.000000
AT3G20820	173	8.683480	60.623158	78.343102
AT3G19810	65	3.286563	23.182856	29.959126
AT5G53180	56	1.632407	15.228807	19.680138
AT5G16360	7	0.403408	2.816367	3.639581
AT3G52360	31	2.570675	17.947002	23.192850
AT1G51350	34	1.041012	7.267758	9.392099
AT2G45030	48	1.387918	9.865579	12.749253
AT4G15940	32	2.447318	17.085793	22.079912
AT3G13630	0	0.0	0.0	0.0
AT2G22340	0	0.0	0.0	0.0
AT4G05018	0	0.0	0.0	0.0
AT2G06705	0	0.0	0.0	0.0
AT1G09013	0	0.000000	0.000000	0.000000
AT3G02525	1	0.258434	1.804240	2.331614
AT1G31870	34	1.095140	7.693179	9.941869
AT4G16360	53	2.314961	16.934219	21.884033
AT1G08263	0	0.0	0.0	0.0
AT3G26010	0	0.0	0.0	0.0
AT2G03390	116	4.863225	43.008144	55.579277
AT5G15940	0	0.0	0.0	0.0
AT1G60080	29	1.524415	10.642605	13.753403
AT3G01085	0	0.0	0.0	0.0
AT2G19980	0	0.0	0.0	0.0
AT3G60110	4	0.104789	0.757493	0.978905
AT1G26180	65	2.709406	22.753658	29.404474
AT3G42800	10	0.469610	3.278552	4.236862
AT2G39705	13	0.704360	4.917444	6.354796
AT3G06280	0	0.0	0.0	0.0
AT3G21215	45	1.311769	9.931183	12.834034
AT4G20947	0	0.0	0.0	0.0
AT1G28490	37	2.243808	20.504477	26.497866
AT1G22630	200	21.696186	151.470535	195.744843
AT5G46390	46	1.928496	14.140200	18.273331
AT3G53830	12	0.349441	2.776168	3.587632
AT3G47450	103	4.119538	29.964281	38.722736
AT1G57760	0	0.0	0.0	0.0
AT4G01920	2	0.059277	0.413839	0.534802
AT2G36960	23	0.604428	4.534463	5.859871
AT4G06380	0	0.0	0.0	0.0
AT1G12500	78	3.717352	25.952454	33.538269
AT3G46290	65	1.571779	10.973274	14.180724
AT1G04940	96	6.410250	44.752750	57.833824
AT3G44960	14	0.774262	6.213876	8.030170
AT3G59610	0	0.0	0.0	0.0
AT2G44440	0	0.000000	0.000000	0.000000
AT5G06380	1	0.075413	0.526491	0.680383
AT5G01920	71	2.972108	20.749578	26.814613
AT1G53801	0	0.000000	0.000000	0.000000
AT2G03600	0	0.0	0.0	0.0
AT2G35340	0	0.000000	0.000000	0.000000
AT1G19490	14	0.535670	3.876742	5.009901
AT2G34290	0	0.0	0.0	0.0
AT4G02280	0	0.0	0.0	0.0
AT3G28610	0	0.0	0.0	0.0
AT1G64450	4	0.225633	1.575242	2.035680
AT2G41070	0	0.000000	0.000000	0.000000
AT2G29480	0	0.000000	0.000000	0.000000
AT3G42390	0	0.0	0.0	0.0
AT5G02280	17	1.771006	13.916703	17.984509
AT1G35830	4	0.158955	1.109734	1.434106
AT5G03275	0	0.0	0.0	0.0
AT1G67960	16	0.504042	3.618395	4.676039
ATCG00480	991	52.947414	369.648987	477.696106
AT1G05383	0	0.000000	0.000000	0.000000
AT1G18990	0	0.000000	0.000000	0.000000
AT5G46800	102	4.756646	33.486786	43.274857
AT1G23360	42	2.291667	17.681305	22.849487
AT2G21045	0	0.0	0.0	0.0
AT2G18480	0	0.0	0.0	0.0
AT3G19610	0	0.000000	0.000000	0.000000
AT5G48000	0	0.0	0.0	0.0
AT5G24030	17	0.287869	2.111842	2.729127
AT3G03375	0	0.0	0.0	0.0
AT3G20620	16	0.624560	4.369115	5.646193
AT3G02380	20	0.674202	4.706898	6.082708
AT4G32440	0	0.000000	0.000000	0.000000
AT2G40805	0	0.0	0.0	0.0
AT5G03160	34	1.521069	10.619246	13.723214
AT1G29990	40	3.329462	25.805943	33.348930
AT1G52500	31	1.236319	9.301813	12.020702
AT5G42290	1	0.000404	0.002820	0.003645
AT1G68790	64	1.302469	9.093103	11.750987
AT2G16190	0	0.0	0.0	0.0
AT4G12735	0	0.0	0.0	0.0
AT4G24030	0	0.000000	0.000000	0.000000
AT1G47317	0	0.0	0.0	0.0
AT3G13830	0	0.0	0.0	0.0
AT4G35010	0	0.0	0.0	0.0
AT1G31670	0	0.0	0.0	0.0
AT4G03160	0	0.0	0.0	0.0
AT1G17760	14	0.399349	2.796114	3.613408
AT5G32440	87	5.344086	38.706635	50.020454
AT3G56260	8	0.560190	3.910931	5.054082
AT5G12260	0	0.000000	0.000000	0.000000
AT2G46160	7	0.279260	2.321111	2.999564
AT5G54855	31	3.447699	24.069889	31.105434
AT2G17220	49	2.054852	14.345817	18.539051
AT3G24490	21	0.890677	6.218204	8.035764
AT5G40270	9	0.325765	2.335402	3.018032
AT3G61530	20	0.820513	6.173565	7.978077
AT1G47790	0	0.0	0.0	0.0
AT5G67000	0	0.0	0.0	0.0
AT2G26240	46	4.206633	29.368340	37.952602
AT1G22830	5	0.115850	0.940504	1.215410
AT1G17235	0	0.0	0.0	0.0
AT3G54990	0	0.000000	0.000000	0.000000
AT5G45475	42	3.139550	21.918566	28.325289
AT4G25440	11	0.450950	3.148278	4.068510
AT5G22010	21	0.452207	3.157054	4.079850
AT5G55940	87	6.420485	44.824203	57.926163
AT5G61140	51	0.577409	4.191130	5.416183
AT3G53630	50	2.432964	23.953650	30.955217
AT1G48960	17	1.304029	9.103994	11.765061
AT5G06525	0	0.0	0.0	0.0
AT4G13180	13	0.844500	5.895823	7.619151
AT1G07780	76	1.442864	20.994749	27.131441
AT2G07761	1	0.193333	1.349742	1.744267
AT2G08460	0	0.0	0.0	0.0
AT4G22010	131	4.935438	34.456444	44.527943
AT3G08940	1452	84.939285	678.918335	877.363831
AT2G08510	0	0.0	0.0	0.0
AT1G64120	0	0.000000	0.000000	0.000000
AT5G25440	36	1.185232	11.194557	14.466688
AT2G03800	13	0.640605	4.472342	5.779593
AT3G59810	37	3.086498	23.864113	30.839510
AT1G11350	45	1.193152	8.554584	11.055059
AT3G12360	54	1.869011	13.604521	17.581076
AT3G28750	1	0.054896	0.383253	0.495276
AT5G56360	61	1.960864	13.689646	17.691082
AT5G13180	229	12.114645	84.577614	109.299362
AT1G06870	35	1.575226	10.997339	14.211823
AT1G64600	45	1.712169	12.069276	15.597084
AT3G57360	0	0.0	0.0	0.0
AT3G24350	42	2.081801	15.168797	19.602583
AT5G50840	44	2.264820	15.842316	20.472971
AT3G63510	26	1.177647	8.659745	11.190959
AT3G63460	156	3.245435	22.699245	29.334156
AT3G07525	9	0.163528	1.318758	1.704227
AT3G15420	0	0.000000	0.000000	0.000000
AT2G27340	16	0.722884	5.266467	6.805837
AT3G18215	15	0.574344	4.989151	6.447462
AT4G24250	1	0.014467	0.271808	0.351257
AT4G09920	0	0.000000	0.000000	0.000000
AT2G33435	50	0.615612	4.456167	5.758689
AT4G04632	0	0.0	0.0	0.0
AT3G51610	23	1.531304	11.500756	14.862389
AT5G57260	0	0.000000	0.000000	0.000000
AT4G38775	2	0.019178	0.171359	0.221447
AT1G33420	0	0.000000	0.000000	0.000000
AT5G09920	68	4.157329	36.224556	46.812866
AT1G08070	2	0.059895	0.418153	0.540378
AT5G49435	0	0.0	0.0	0.0
AT5G35926	6	0.208551	1.512758	1.954933
AT1G11490	0	0.000000	0.000000	0.000000
AT2G04095	0	0.0	0.0	0.0
AT5G36920	5	0.615905	4.299901	5.556747
AT1G17500	38	0.657263	4.588639	5.929883
AT1G65240	0	0.000000	0.000000	0.000000
AT1G64390	314	6.714554	63.323288	81.832474
AT1G52760	54	2.965612	20.704229	26.756004
AT3G51750	27	2.954545	26.598902	34.373669
AT4G36920	29	1.139348	8.695231	11.236818
AT4G10640	0	0.000000	0.000000	0.000000
AT5G57735	0	0.0	0.0	0.0
AT2G01960	0	0.000000	0.000000	0.000000
AT4G31380	0	0.0	0.0	0.0
AT3G01440	115	8.083922	57.816399	74.715935
AT1G71740	0	0.0	0.0	0.0
AT3G20100	23	0.922805	6.442504	8.325625
AT1G30930	0	0.0	0.0	0.0
AT3G11810	13	0.767094	5.355418	6.920788
AT1G73980	29	0.800780	6.150959	7.948864
AT1G54215	2	0.172333	1.203132	1.554803
AT3G47800	49	2.673465	18.664625	24.120230
AT3G15150	0	0.000000	0.000000	0.000000
AT5G50580	31	1.670624	11.663354	15.072513
AT2G30925	0	0.0	0.0	0.0
AT1G64584	0	0.0	0.0	0.0
AT2G19796	0	0.0	0.0	0.0
AT1G27630	43	1.269659	10.658991	13.774577
AT3G09085	12	1.459436	10.188959	13.167156
AT2G15820	29	0.811672	5.666636	7.322974
AT4G34650	16	0.722287	5.219217	6.744776
AT1G05370	3	0.124271	0.867590	1.121184
AT3G04185	0	0.000000	0.000000	0.000000
AT3G46970	742	18.720959	130.699173	168.902084
AT5G25265	198	8.347919	61.183189	79.066833
AT5G02815	0	0.0	0.0	0.0
AT5G50960	50	2.642190	18.446280	23.838064
AT2G41590	0	0.000000	0.000000	0.000000
AT2G08245	0	0.0	0.0	0.0
AT4G19520	13	0.166343	1.256686	1.624012
ATMG09950	0	0.0	0.0	0.0
AT4G20460	0	0.000000	0.000000	0.000000
AT4G30190	490	10.598432	76.027626	98.250244
AT2G34970	68	2.124804	14.834183	19.170164
AT3G03710	142	3.413325	23.829910	30.795309
ATCG01150	2	1.662162	11.604277	14.996168
AT2G23550	0	0.0	0.0	0.0
AT1G73410	0	0.0	0.0	0.0
AT5G20510	11	0.600695	5.065234	6.545784
AT5G20460	0	0.0	0.0	0.0
AT1G73560	0	0.0	0.0	0.0
AT5G19520	0	0.000000	0.000000	0.000000
AT2G06562	0	0.0	0.0	0.0
AT4G28520	0	0.0	0.0	0.0
AT3G06755	0	0.0	0.0	0.0
AT2G02020	23	0.814057	5.683287	7.344492
AT4G25170	71	2.779099	21.166876	27.353880
AT1G07957	0	0.000000	0.000000	0.000000
AT5G07060	0	0.0	0.0	0.0
AT1G62640	84	3.437274	23.997107	31.011379
AT1G07133	0	0.0	0.0	0.0
AT5G61470	0	0.0	0.0	0.0
AT2G01580	0	0.0	0.0	0.0
AT1G58270	121	5.196026	36.275719	46.878990
AT2G26515	6	0.464286	3.321627	4.292528
AT1G04517	0	0.0	0.0	0.0
AT4G32730	22	0.423754	3.097139	4.002423
AT1G04467	0	0.000000	0.000000	0.000000
AT5G28520	0	0.0	0.0	0.0
AT4G11216	0	0.0	0.0	0.0
AT5G25170	20	0.770885	6.900828	8.917916
AT4G07060	0	0.0	0.0	0.0
AT1G46912	0	0.0	0.0	0.0
AT4G14370	0	0.0	0.0	0.0
AT2G09195	0	0.0	0.0	0.0
AT5G52471	0	0.000000	0.000000	0.000000
AT1G50000	0	0.000000	0.000000	0.000000
AT5G14370	34	1.705161	11.904471	15.384109
AT4G04835	0	0.0	0.0	0.0
AT5G63100	17	0.934266	6.522518	8.429028
AT4G32265	0	0.0	0.0	0.0
AT2G42850	0	0.0	0.0	0.0
AT3G06615	0	0.0	0.0	0.0
AT5G59385	0	0.000000	0.000000	0.000000
AT3G21680	0	0.0	0.0	0.0
AT1G78930	12	0.420124	2.933069	3.790395
AT4G17080	16	0.563234	3.932182	5.081545
AT3G03650	0	0.000000	0.000000	0.000000
AT1G07900	0	0.000000	0.000000	0.000000
AT4G32170	0	0.0	0.0	0.0
AT3G14270	43	0.515687	3.791967	4.900346
AT2G47400	1736	152.047104	1061.507080	1371.781982
AT1G24062	0	0.0	0.0	0.0
AT1G07773	0	0.0	0.0	0.0
AT5G17080	0	0.0	0.0	0.0
AT4G34710	145	3.834826	26.772591	34.598129
AT4G25730	125	3.492997	24.386133	31.514118
AT2G09640	0	0.000000	0.000000	0.000000
AT4G34400	0	0.000000	0.000000	0.000000
AT2G31985	0	0.0	0.0	0.0
AT5G51520	0	0.0	0.0	0.0
AT2G36325	0	0.0	0.0	0.0
AT1G69020	0	0.000000	0.000000	0.000000
AT4G38310	0	0.000000	0.000000	0.000000
AT2G47710	176	13.925299	106.964317	138.229630
AT3G30220	0	0.0	0.0	0.0
AT4G11653	0	0.0	0.0	0.0
AT3G16080	394	26.155445	312.476349	403.812134
AT1G67840	111	3.812715	27.888037	36.039612
AT5G52080	0	0.0	0.0	0.0
AT3G01170	28	1.597101	11.150058	14.409182
AT1G48580	3	0.108135	0.761360	0.983904
AT5G01365	0	0.000000	0.000000	0.000000
AT5G38310	1	0.041110	0.287007	0.370898
AT1G06883	0	0.0	0.0	0.0
AT1G54540	0	0.0	0.0	0.0
AT1G21270	40	0.854428	6.088266	7.867845
AT5G45300	48	1.490966	10.928468	14.122821
AT4G29770	0	0.0	0.0	0.0
AT5G18770	14	0.471071	3.609835	4.664978
AT5G63620	50	2.103834	15.375503	19.869709
AT1G59675	0	0.0	0.0	0.0
AT2G13430	0	0.0	0.0	0.0
AT3G45200	0	0.0	0.0	0.0
AT4G30320	0	0.0	0.0	0.0
AT1G60260	51	2.134555	14.980687	19.359491
AT1G14680	0	0.0	0.0	0.0
AT5G15660	0	0.0	0.0	0.0
AT5G07615	0	0.000000	0.000000	0.000000
AT1G53233	2	0.064053	0.447182	0.577892
AT4G18770	0	0.000000	0.000000	0.000000
AT1G08590	3	0.058643	0.409412	0.529082
AT3G18880	2	0.142578	1.535078	1.983776
AT2G04575	0	0.0	0.0	0.0
AT4G15660	36	3.039362	21.219110	27.421383
AT1G45231	23	0.886728	6.543749	8.456464
AT4G29130	97	3.627332	25.323986	32.726101
AT1G71430	12	1.235310	8.624237	11.145072
AT3G01730	0	0.0	0.0	0.0
AT3G10974	0	0.0	0.0	0.0
AT3G22425	51	2.909354	20.794004	26.872021
AT4G11385	0	0.0	0.0	0.0
AT2G18910	59	4.806154	33.553852	43.361534
AT5G27945	0	0.0	0.0	0.0
AT3G06060	54	2.582332	18.028385	23.298019
AT5G45690	0	0.0	0.0	0.0
AT1G09330	109	4.973729	51.657879	66.757301
AT1G73700	0	0.000000	0.000000	0.000000
AT1G35614	0	0.0	0.0	0.0
AT3G58680	219	19.506697	136.184738	175.991074
AT3G08860	0	0.0	0.0	0.0
AT4G05680	0	0.000000	0.000000	0.000000
AT3G03400	0	0.0	0.0	0.0
AT4G18130	46	0.927147	6.472817	8.364799
ATCG00910	0	0.0	0.0	0.0
AT1G67580	11	0.250937	1.751901	2.263975
AT2G47650	19	0.524795	3.866906	4.997189
AT1G16110	7	0.201176	1.404497	1.815027
AT5G47970	38	1.276170	10.114648	13.071125
AT2G09325	0	0.000000	0.000000	0.000000
AT2G29910	19	0.694988	5.183563	6.698700
AT1G48840	14	0.389173	2.794229	3.610972
AT2G36640	0	0.0	0.0	0.0
AT2G10920	0	0.0	0.0	0.0
AT3G11285	0	0.0	0.0	0.0
AT1G06543	0	0.000000	0.000000	0.000000
AT5G18130	29	1.044118	9.844718	12.722296
AT1G04660	1	0.049075	0.342614	0.442759
AT5G55860	21	0.603532	4.213520	5.445117
AT5G05680	12	0.302577	2.130043	2.752647
AT1G29680	0	0.000000	0.000000	0.000000
AT4G38400	21	1.486678	10.379147	13.412936
AT2G43255	0	0.000000	0.000000	0.000000
AT4G33860	0	0.000000	0.000000	0.000000
AT5G42040	3	0.184188	1.353037	1.748525
AT1G07373	2	0.223583	1.560930	2.017185
AT4G01050	0	0.000000	0.000000	0.000000
AT4G34310	17	0.272935	2.077019	2.684124
AT5G64970	124	4.253224	30.186779	39.010269
AT4G25330	0	0.0	0.0	0.0
AT5G38400	0	0.0	0.0	0.0
AT5G03668	0	0.000000	0.000000	0.000000
AT5G45410	0	0.000000	0.000000	0.000000
AT5G45560	12	0.341874	2.386771	3.084416
AT5G01050	0	0.000000	0.000000	0.000000
AT5G01505	3	1.514084	10.570480	13.660195
AT5G25330	0	0.0	0.0	0.0
AT5G14770	0	0.000000	0.000000	0.000000
AT3G25230	119	4.096104	28.596687	36.955402
AT1G45244	0	0.0	0.0	0.0
AT4G12110	53	2.839809	19.825945	25.621000
AT5G23080	21	0.502990	3.511592	4.538019
AT1G18680	0	0.000000	0.000000	0.000000
AT1G04083	0	0.000000	0.000000	0.000000
AT2G31470	0	0.0	0.0	0.0
AT2G46210	1	0.016332	0.114021	0.147349
AT4G14770	106	2.377988	18.938240	24.473824
AT1G04590	38	2.114951	14.859706	19.203148
AT5G12110	84	3.354707	25.541967	33.007797
AT3G56110	37	1.854259	17.718863	22.898026
AT3G14880	0	0.0	0.0	0.0
AT4G23080	0	0.0	0.0	0.0
AT2G08575	0	0.000000	0.000000	0.000000
AT2G05125	0	0.0	0.0	0.0
AT4G20095	0	0.0	0.0	0.0
AT4G32330	180	6.370173	50.123848	64.774872
AT1G56080	0	0.000000	0.000000	0.000000
AT2G17550	9	0.189103	1.361052	1.758883
AT2G05455	0	0.0	0.0	0.0
AT4G03210	279	14.603539	102.221611	132.100632
AT4G08116	0	0.0	0.0	0.0
AT2G33100	0	0.0	0.0	0.0
AT3G06355	527	83.914856	585.846191	757.086975
AT5G49100	22	0.875776	6.114174	7.901326
AT2G28890	29	0.889412	6.209373	8.024351
AT3G14540	13	0.436123	3.044765	3.934739
AT2G14910	215	6.590334	61.291798	79.207184
AT5G03210	0	0.0	0.0	0.0
AT3G02900	57	5.079329	37.250713	48.138969
AT2G26090	0	0.0	0.0	0.0
AT3G48640	1	0.062069	0.744689	0.962359
AT5G07495	0	0.0	0.0	0.0
AT3G03310	9	0.306940	2.154925	2.784802
AT1G05903	0	0.0	0.0	0.0
AT3G04860	7	0.298133	2.081396	2.689781
AT3G54680	0	0.000000	0.000000	0.000000
AT5G41820	0	0.0	0.0	0.0
AT5G06255	0	0.000000	0.000000	0.000000
AT4G14130	0	0.000000	0.000000	0.000000
AT1G05770	4	0.370701	2.588025	3.344496
AT2G45403	0	0.0	0.0	0.0
AT2G19890	0	0.0	0.0	0.0
AT4G06255	3	1.539370	10.747012	13.888328
AT5G14130	0	0.000000	0.000000	0.000000
AT1G08660	38	1.430344	10.259974	13.258929
AT5G01230	19	0.576619	5.016190	6.482405
AT4G38650	0	0.000000	0.000000	0.000000
AT2G09725	0	0.0	0.0	0.0
AT3G08185	0	0.0	0.0	0.0
AT3G42628	0	0.0	0.0	0.0
AT3G15635	0	0.000000	0.000000	0.000000
AT3G10000	0	0.000000	0.000000	0.000000
AT2G05395	0	0.0	0.0	0.0
AT1G43020	0	0.0	0.0	0.0
AT5G38650	0	0.000000	0.000000	0.000000
AT1G09730	25	0.489640	3.557020	4.596725
AT2G38970	28	0.867218	6.054427	7.824115
AT3G06495	0	0.0	0.0	0.0
AT4G01230	0	0.0	0.0	0.0
AT1G73300	0	0.000000	0.000000	0.000000
AT3G07255	0	0.0	0.0	0.0
AT5G38397	0	0.0	0.0	0.0
AT4G24520	125	3.571541	25.626085	33.116505
AT4G31900	0	0.0	0.0	0.0
AT5G07355	0	0.000000	0.000000	0.000000
AT3G48195	29	0.688140	4.804205	6.208458
AT5G49620	0	0.0	0.0	0.0
AT1G54270	0	0.000000	0.000000	0.000000
AT1G21540	0	0.000000	0.000000	0.000000
AT2G07787	0	0.000000	0.000000	0.000000
AT1G72910	25	1.086809	7.587488	9.805284
AT1G08517	0	0.0	0.0	0.0
AT5G24520	70	2.895213	24.958256	32.253468
AT3G25050	0	0.0	0.0	0.0
AT2G33620	40	1.523447	10.759761	13.904802
AT3G25505	0	0.0	0.0	0.0
AT3G62840	146	16.858757	118.028854	152.528305
AT3G01330	0	0.000000	0.000000	0.000000
AT5G08835	11	1.652977	11.540153	14.913300
AT2G41660	2	0.085714	0.598407	0.773319
AT5G57110	25	0.495212	3.614897	4.671518
AT4G18370	91	5.000230	35.620205	46.031872
AT3G29270	34	1.181977	8.902238	11.504332
AT2G05605	0	0.0	0.0	0.0
AT1G21880	75	3.295845	24.944481	32.235668
AT1G09170	0	0.000000	0.000000	0.000000
AT1G06273	0	0.000000	0.000000	0.000000
AT5G18370	14	0.131487	0.917968	1.186287
AT4G08835	0	0.0	0.0	0.0
AT3G18165	44	2.894389	20.206991	26.113424
AT1G73690	3	0.122087	0.852343	1.101479
ATMG00080	1	0.084627	0.590818	0.763512
AT4G30720	81	2.398807	17.052191	22.036489
AT3G62580	112	9.063265	63.274605	81.769554
AT1G36730	366	12.796588	89.338554	115.451912
AT1G74930	5	0.267384	1.866724	2.412361
AT5G01765	0	0.000000	0.000000	0.000000
AT5G38710	0	0.000000	0.000000	0.000000
AT5G45700	14	0.936441	6.537703	8.448650
AT5G66640	10	0.323894	2.464035	3.184264
AT3G18270	17	0.573993	4.958104	6.407341
AT4G29370	0	0.0	0.0	0.0
AT1G65090	0	0.000000	0.000000	0.000000
AT2G27430	0	0.0	0.0	0.0
AT5G06035	0	0.0	0.0	0.0
AT3G32050	0	0.0	0.0	0.0
AT2G31081	0	0.0	0.0	0.0
AT4G38710	190	7.674937	54.661465	70.638824
AT1G03850	12	0.610687	8.169766	10.557762
AT2G47310	16	0.599038	4.182146	5.404572
AT1G16445	11	0.738532	5.603244	7.241054
AT3G57500	3	0.277919	1.940274	2.507409
AT3G24065	1	0.127148	0.887676	1.147140
AT1G32920	52	3.312854	23.128477	29.888851
AT3G03135	2	0.225915	1.577211	2.038224
AT1G68600	59	2.310498	16.130594	20.845510
AT3G12760	56	1.468064	10.249194	13.244999
AT1G11750	212	12.570257	88.217567	114.003265
AT4G14315	0	0.0	0.0	0.0
AT4G19250	0	0.0	0.0	0.0
AT5G56760	104	6.179985	43.145168	55.756351
AT1G69530	570	29.417959	225.904709	291.935852
AT3G06670	66	1.407556	10.764159	13.910486
AT5G40880	16	0.577110	4.029057	5.206736
AT2G23220	0	0.0	0.0	0.0
AT5G19250	832	71.656250	500.263519	646.488770
AT5G51030	0	0.0	0.0	0.0
AT1G07380	13	0.359539	2.590657	3.347898
AT1G26665	11	0.888398	6.229828	8.050786
AT3G19350	0	0.000000	0.000000	0.000000
AT5G03545	3	0.240385	1.678232	2.168774
AT4G28250	145	5.532312	44.949554	58.088158
AT1G61950	0	0.0	0.0	0.0
AT3G62960	9	0.959064	6.695644	8.652758
AT1G51810	0	0.0	0.0	0.0
AT1G55150	30	1.128751	7.980738	10.313479
AT4G00890	3	0.156003	1.089125	1.407472
AT4G03545	0	0.0	0.0	0.0
AT1G47657	0	0.0	0.0	0.0
AT1G04070	11	1.275362	8.903858	11.506425
AT4G27180	49	1.361972	9.637474	12.454474
AT1G47390	0	0.0	0.0	0.0
AT2G08095	0	0.0	0.0	0.0
AT1G09647	0	0.000000	0.000000	0.000000
AT5G03885	2	0.122093	0.852384	1.101534
AT4G20575	0	0.0	0.0	0.0
AT5G02870	788	38.122807	266.151917	343.947235
AT1G68390	0	0.000000	0.000000	0.000000
AT2G13105	0	0.0	0.0	0.0
AT2G37000	1	0.072782	0.508123	0.656645
AT2G37555	0	0.000000	0.000000	0.000000
AT1G17360	48	0.967552	6.754902	8.729337
AT1G72480	58	2.004357	15.914078	20.565708
AT4G02870	0	0.0	0.0	0.0
AT3G03775	0	0.0	0.0	0.0
AT3G02780	128	4.891857	37.748108	48.781750
AT1G55420	0	0.0	0.0	0.0
AT2G26570	72	1.723244	13.568818	17.534937
AT5G15070	0	0.000000	0.000000	0.000000
AT1G58215	0	0.0	0.0	0.0
AT4G34135	14	0.480963	3.524390	4.554556
AT1G05783	0	0.000000	0.000000	0.000000
AT3G27830	1499	81.922768	951.585754	1229.731079
AT3G21990	0	0.0	0.0	0.0
AT1G23760	0	0.0	0.0	0.0
AT2G31140	47	3.715560	25.939943	33.522099
AT4G15070	2	0.054307	0.379141	0.489962
AT1G11610	0	0.0	0.0	0.0
AT5G40540	0	0.000000	0.000000	0.000000
AT3G51490	0	0.000000	0.000000	0.000000
AT3G43950	0	0.0	0.0	0.0
AT3G42790	104	5.821879	41.459145	53.577511
AT1G47600	0	0.0	0.0	0.0
AT1G16260	28	0.859703	6.001961	7.756314
AT3G24610	0	0.0	0.0	0.0
AT1G68450	0	0.0	0.0	0.0
AT5G51250	0	0.0	0.0	0.0
AT5G19030	13	1.120087	10.004126	12.928297
AT1G09440	0	0.000000	0.000000	0.000000
AT4G26830	4	0.158569	1.107039	1.430623
AT1G28810	0	0.000000	0.000000	0.000000
AT3G49460	0	0.0	0.0	0.0
AT3G49510	2	0.097686	0.681989	0.881331
AT1G31812	576	59.066753	412.370728	532.905273
AT1G23500	0	0.0	0.0	0.0
AT4G19030	3	0.131658	1.139405	1.472449
AT1G59750	71	1.994572	16.712336	21.597294
AT1G14990	212	8.819885	62.552334	80.836166
AT4G33940	0	0.000000	0.000000	0.000000
AT5G26830	91	2.833203	19.779825	25.561399
ATMG01020	0	0.0	0.0	0.0
AT4G31780	127	2.901323	33.736355	43.597378
AT3G60080	18	0.836145	5.837492	7.543772
AT5G44000	45	1.881890	16.459782	21.270920
AT1G71340	30	0.675582	4.987649	6.445522
AT5G28030	5	0.145232	1.176393	1.520248
AT2G20835	3	0.392070	2.737211	3.537289
AT1G13630	0	0.000000	0.000000	0.000000
AT1G64790	159	1.450810	10.530142	13.608066
AT3G51350	0	0.000000	0.000000	0.000000
AT4G28030	80	6.082936	42.835136	55.355701
AT1G52360	95	1.850939	14.803841	19.130953
AT1G20820	0	0.0	0.0	0.0
AT3G30823	0	0.0	0.0	0.0
AT5G53010	0	0.000000	0.000000	0.000000
AT3G28490	0	0.0	0.0	0.0
AT3G22630	50	1.013500	36.551491	47.235363
AT5G05990	26	2.178724	15.210622	19.656633
AT3G05855	0	0.0	0.0	0.0
AT1G06280	0	0.0	0.0	0.0
AT1G09183	0	0.0	0.0	0.0
AT3G63095	0	0.0	0.0	0.0
AT3G58990	141	9.013643	62.928169	81.321861
AT3G26180	109	4.348803	30.360889	39.235271
AT1G60110	0	0.0	0.0	0.0
AT4G05990	0	0.000000	0.000000	0.000000
AT3G01115	0	0.0	0.0	0.0
AT3G19490	196	7.266628	50.731495	65.560143
AT5G07670	33	1.399038	9.767294	12.622240
AT1G59610	116	2.754790	19.232389	24.853951
AT1G44960	41	2.664173	18.599751	24.036396
AT5G45980	0	0.0	0.0	0.0
AT2G27740	3	0.186916	1.403946	1.814314
AT4G07670	0	0.0	0.0	0.0
AT3G04940	73	3.418864	26.647261	34.436165
AT2G16720	0	0.000000	0.000000	0.000000
AT1G68120	1	0.098765	0.689521	0.891066
AT1G65570	0	0.0	0.0	0.0
AT5G56500	37	1.177037	8.227322	10.632140
AT2G31305	0	0.000000	0.000000	0.000000
AT3G12500	0	0.000000	0.000000	0.000000
AT3G57760	5	0.150189	1.212976	1.567524
AT1G47450	0	0.0	0.0	0.0
AT3G24750	0	0.0	0.0	0.0
AT1G53830	0	0.000000	0.000000	0.000000
AT1G30814	0	0.0	0.0	0.0
AT4G37510	140	5.604786	39.129452	50.566860
AT4G37460	79	1.617278	11.290922	14.591221
AT2G34670	0	0.000000	0.000000	0.000000
AT1G04573	0	0.0	0.0	0.0
AT5G23570	23	0.595415	4.159651	5.375503
AT1G70470	8	0.737255	5.147098	6.651577
AT4G00880	69	6.072062	42.391708	54.782661
AT1G80440	24	1.106087	7.722075	9.979212
AT3G46670	0	0.000000	0.000000	0.000000
AT5G37510	248	6.729004	50.424316	65.163170
AT4G02482	0	0.000000	0.000000	0.000000
AT5G37460	0	0.0	0.0	0.0
AT1G12740	0	0.0	0.0	0.0
AT1G53220	0	0.0	0.0	0.0
AT4G34950	555	19.513845	136.234665	176.055588
AT4G27190	0	0.0	0.0	0.0
AT2G08085	0	0.0	0.0	0.0
AT1G47380	28	0.786557	5.946249	7.684318
AT4G23570	69	2.365759	17.188059	22.212069
AT5G50660	1	0.007448	0.051998	0.067196
AT5G00880	0	0.000000	0.000000	0.000000
AT1G75160	0	0.0	0.0	0.0
AT2G25150	0	0.000000	0.000000	0.000000
AT3G52105	7	0.914430	7.593910	9.813584
AT2G21810	0	0.0	0.0	0.0
AT1G07657	0	0.0	0.0	0.0
AT4G16105	0	0.0	0.0	0.0
AT1G07390	0	0.000000	0.000000	0.000000
AT1G62940	0	0.0	0.0	0.0
AT3G29796	0	0.0	0.0	0.0
AT5G40890	114	2.632419	20.620167	26.647369
AT5G42870	19	0.414703	2.950501	3.812923
AT2G02741	1	0.268014	1.871123	2.418045
AT1G09323	0	0.000000	0.000000	0.000000
AT3G26320	13	0.631579	4.409328	5.698160
AT3G21980	0	0.0	0.0	0.0
AT5G10860	191	13.914234	97.141327	125.535408
AT1G07717	0	0.0	0.0	0.0
AT3G06915	0	0.0	0.0	0.0
AT1G05793	0	0.0	0.0	0.0
AT2G25420	12	0.324813	2.346845	3.032819
AT1G20230	1	0.029528	0.206148	0.266404
AT3G17340	61	1.277586	8.971864	11.594309
AT3G42780	0	0.0	0.0	0.0
AT2G39885	0	0.0	0.0	0.0
AT3G51480	12	0.230850	1.696677	2.192610
AT4G10860	0	0.0	0.0	0.0
AT1G68380	0	0.0	0.0	0.0
AT1G79500	33	1.352848	10.279780	13.284525
AT4G26220	0	0.0	0.0	0.0
AT2G29065	0	0.000000	0.000000	0.000000
AT2G32150	0	0.000000	0.000000	0.000000
AT5G65500	0	0.0	0.0	0.0
AT5G17240	6	0.249263	1.796317	2.321373
AT1G56570	164	3.829662	26.778086	34.605228
AT4G00540	0	0.0	0.0	0.0
AT1G78630	766	44.049603	307.529449	397.419281
AT1G72490	0	0.0	0.0	0.0
AT4G03895	5	0.457879	3.196653	4.131023
AT3G23740	22	0.825532	5.763399	7.448020
AT5G26220	62	4.026229	29.768066	38.469170
AT1G07600	1	0.117634	0.821254	1.061304
AT3G02790	26	2.905771	20.286453	26.216114
AT3G03950	44	1.860391	12.988200	16.784607
AT3G15251	0	0.0	0.0	0.0
AT4G17240	27	1.194064	9.088469	11.744996
ATCG00065	22	15.263158	106.558762	137.705521
ATCG00750	285	54.582733	381.065857	492.450073
AT3G27220	4	0.137671	0.961141	1.242079
AT3G60090	0	0.0	0.0	0.0
AT4G31790	63	3.023636	23.143110	29.907763
AT1G07120	0	0.000000	0.000000	0.000000
AT4G13720	68	3.045198	35.735939	46.181431
AT1G64780	5	0.169053	1.180233	1.525211
AT5G65760	87	1.319105	9.209247	11.901078
AT3G09510	0	0.0	0.0	0.0
AT2G29750	0	0.0	0.0	0.0
AT5G13720	0	0.000000	0.000000	0.000000
AT3G16240	9	0.588482	4.108449	5.309335
AT5G52240	112	7.906112	55.196014	71.329620
AT1G79760	0	0.0	0.0	0.0
AT2G07135	0	0.0	0.0	0.0
AT3G52340	69	2.501138	21.090155	27.254736
AT3G05025	0	0.0	0.0	0.0
AT5G16340	4	0.140751	0.982644	1.269868
AT4G15960	0	0.000000	0.000000	0.000000
AT5G04000	0	0.000000	0.000000	0.000000
AT4G27320	78	2.522504	24.872469	32.142605
AT1G42525	0	0.0	0.0	0.0
AT1G72350	0	0.0	0.0	0.0
AT4G16340	65	0.621330	4.516417	5.836549
AT1G66150	156	3.705060	25.866638	33.427368
AT1G07407	0	0.0	0.0	0.0
AT2G22360	86	3.939794	27.505421	35.545158
AT5G63920	8	0.182953	1.302903	1.683738
AT2G18750	106	2.887857	20.599417	26.620556
AT1G14980	0	0.000000	0.000000	0.000000
AT4G04555	0	0.0	0.0	0.0
AT5G07915	0	0.0	0.0	0.0
AT5G15960	78	2.495051	18.619362	24.061739
AT4G30662	8	0.718975	5.019477	6.486654
AT2G42530	188	9.452021	65.988678	85.276939
AT5G27320	32	1.359545	9.491576	12.265931
AT1G66420	0	0.000000	0.000000	0.000000
AT2G07775	0	0.000000	0.000000	0.000000
AT3G19480	25	0.940587	6.566648	8.486056
AT5G45990	0	0.000000	0.000000	0.000000
AT1G20050	168	11.528805	80.487610	104.013863
AT1G02800	3	0.120680	0.842520	1.088785
AT5G60430	0	0.000000	0.000000	0.000000
AT2G47950	0	0.0	0.0	0.0
AT5G47670	11	0.313459	2.394416	3.094296
AT1G04960	27	1.204197	8.728848	11.280259
AT3G28480	54	2.989437	21.839495	28.223104
AT5G05980	38	1.427309	10.118487	13.076087
AT1G09193	1	0.001339	0.009348	0.012081
AT1G06290	82	2.301476	18.153395	23.459570
AT2G23830	0	0.0	0.0	0.0
ATMG00570	0	0.000000	0.000000	0.000000
AT3G44940	11	0.599317	4.184093	5.407089
AT2G44510	0	0.000000	0.000000	0.000000
AT2G44460	0	0.000000	0.000000	0.000000
AT2G35360	25	1.157429	10.954885	14.156960
AT1G07450	8	0.529676	3.714606	4.800372
AT4G05980	0	0.0	0.0	0.0
ATCG00610	16	16.810810	117.363594	151.668564
AT3G62070	0	0.000000	0.000000	0.000000
AT3G58980	0	0.000000	0.000000	0.000000
AT3G26190	0	0.0	0.0	0.0
AT1G15000	6	0.284168	1.983901	2.563788
AT4G05410	58	2.380432	16.618832	21.476461
AT5G02040	38	2.220225	17.087509	22.082132
AT1G67660	50	2.390909	19.700830	25.459314
AT3G58410	0	0.0	0.0	0.0
AT3G58560	99	3.250412	22.692543	29.325495
AT1G12430	26	0.584257	4.211802	5.442898
AT1G18690	13	0.281500	2.268631	2.931745
AT1G04093	0	0.0	0.0	0.0
AT5G23090	14	0.751705	6.486969	8.383087
AT3G54300	51	2.728997	19.434153	25.114689
AT1G80730	0	0.0	0.0	0.0
AT2G30105	24	1.336140	9.328176	12.054770
AT4G02040	4	0.373761	2.609388	3.372104
AT3G28910	27	1.095214	7.745826	10.009905
AT1G04580	0	0.0	0.0	0.0
AT2G28540	46	1.042105	7.418913	9.587437
AT5G05560	23	0.262531	1.872917	2.420364
AT5G05410	0	0.000000	0.000000	0.000000
AT3G08325	0	0.0	0.0	0.0
AT3G14890	50	1.670608	11.678037	15.091486
AT4G23090	0	0.0	0.0	0.0
AT5G41050	58	4.021216	28.073860	36.279755
AT5G36100	0	0.0	0.0	0.0
AT5G15840	0	0.000000	0.000000	0.000000
AT1G29690	8	0.198110	1.453228	1.878001
AT5G08225	0	0.0	0.0	0.0
AT1G31970	195	7.387862	54.552532	70.498055
AT3G50420	5	0.150943	1.053799	1.361821
AT1G29357	15	0.620981	4.646816	6.005064
AT1G45130	55	1.561283	11.223684	14.504329
AT4G36100	0	0.000000	0.000000	0.000000
AT5G54200	0	0.000000	0.000000	0.000000
AT4G15840	73	1.978439	13.902746	17.966473
AT2G06210	38	0.837105	5.844194	7.552433
AT3G20362	0	0.000000	0.000000	0.000000
AT4G08225	0	0.000000	0.000000	0.000000
AT1G61310	13	0.293691	2.050385	2.649705
AT2G19540	129	5.859268	43.281773	55.932888
AT3G19910	48	2.199077	16.903593	21.844454
AT3G20920	0	0.000000	0.000000	0.000000
AT2G39210	47	1.605150	11.206251	14.481800
AT1G14410	249	7.300589	57.866592	74.780800
AT2G34355	0	0.000000	0.000000	0.000000
AT1G14560	16	0.595124	4.374380	5.652995
AT5G15580	27	0.514131	3.589373	4.638534
AT5G07485	0	0.0	0.0	0.0
AT4G09100	0	0.0	0.0	0.0
AT2G26080	465	9.364507	65.377701	84.487381
AT3G21700	16	0.711187	5.288067	6.833752
AT4G15093	7	0.419815	2.930912	3.787607
AT1G18300	6	0.385563	2.691783	3.478582
AT3G54690	41	2.179418	15.215467	19.662895
AT2G38060	0	0.0	0.0	0.0
AT1G70140	0	0.000000	0.000000	0.000000
AT1G80170	11	0.404422	3.097370	4.002720
AT3G46355	0	0.0	0.0	0.0
AT5G09100	0	0.0	0.0	0.0
AT2G40250	0	0.0	0.0	0.0
AT2G19880	73	2.194392	16.603487	21.456631
AT5G43210	0	0.000000	0.000000	0.000000
AT3G50150	0	0.0	0.0	0.0
AT3G08640	121	6.583561	45.962708	59.397449
AT1G29300	11	0.401902	2.805853	3.625994
AT5G01820	53	1.882671	13.143746	16.985619
AT3G23430	20	0.512692	3.579326	4.625551
AT3G44860	35	1.671084	11.666566	15.076663
AT1G56090	6	0.286645	2.007735	2.594589
AT2G28880	25	0.585676	4.300111	5.557018
AT1G04840	0	0.000000	0.000000	0.000000
AT5G55640	16	1.515650	10.581413	13.674324
AT2G36860	0	0.0	0.0	0.0
AT3G15359	0	0.0	0.0	0.0
AT1G48660	0	0.000000	0.000000	0.000000
AT4G01820	0	0.0	0.0	0.0
AT3G53930	11	0.269739	1.972870	2.549533
AT3G48185	22	1.762500	12.304781	15.901425
AT3G60570	0	0.0	0.0	0.0
AT1G03020	11	1.200594	8.381869	10.831861
AT1G64900	105	4.456823	31.115023	40.209839
AT1G49730	20	0.563851	4.765318	6.158205
AT2G30340	0	0.0	0.0	0.0
AT5G09620	68	2.338954	16.329256	21.102243
AT3G61850	32	1.013387	9.775574	12.632940
AT3G51910	0	0.000000	0.000000	0.000000
AT2G24270	332	11.290405	80.972046	104.639900
AT3G23637	0	0.0	0.0	0.0
AT4G09620	72	2.521470	17.603481	22.748919
AT3G21560	42	1.711100	11.945935	15.437691
AT3G21410	0	0.0	0.0	0.0
AT1G22550	14	0.565620	3.948840	5.103072
AT3G06485	0	0.0	0.0	0.0
AT1G14700	50	1.959555	20.040756	25.898600
AT2G40030	9	0.099338	0.707038	0.913703
AT4G36620	0	0.000000	0.000000	0.000000
AT5G48835	0	0.0	0.0	0.0
AT2G01660	5	0.172968	1.381193	1.784911
AT3G25820	0	0.000000	0.000000	0.000000
AT1G49170	0	0.000000	0.000000	0.000000
AT5G09345	0	0.0	0.0	0.0
AT3G13550	34	2.083782	18.907766	24.434443
AT5G10940	29	0.720140	5.520375	7.133962
AT4G24805	10	0.728667	5.087142	6.574096
AT1G65080	7	0.293356	2.048046	2.646683
AT5G64060	0	0.0	0.0	0.0
AT5G41765	0	0.0	0.0	0.0
AT1G63330	1	0.016087	0.150617	0.194642
AT3G04725	0	0.0	0.0	0.0
AT5G05700	21	0.680914	4.753757	6.143264
AT1G27930	76	2.975514	20.773359	26.845343
AT3G09245	0	0.0	0.0	0.0
AT1G21890	0	0.000000	0.000000	0.000000
ATMG00090	0	0.000000	0.000000	0.000000
AT1G73680	19	0.553136	4.261769	5.507469
AT4G08028	0	0.0	0.0	0.0
AT1G30630	161	9.000271	66.767845	86.283852
AT3G62590	0	0.000000	0.000000	0.000000
AT4G05700	0	0.0	0.0	0.0
AT5G60740	0	0.000000	0.000000	0.000000
AT1G43850	0	0.000000	0.000000	0.000000
AT2G07310	0	0.0	0.0	0.0
AT3G58700	184	13.910731	97.116882	125.503807
AT1G57430	0	0.0	0.0	0.0
AT1G35550	0	0.0	0.0	0.0
AT3G06970	0	0.0	0.0	0.0
AT4G05497	0	0.0	0.0	0.0
AT1G34470	30	1.286029	9.093369	11.751329
AT2G19270	34	1.997699	13.974202	18.058813
AT2G01590	161	10.797138	75.379524	97.412704
AT1G32620	0	0.000000	0.000000	0.000000
AT3G43710	0	0.0	0.0	0.0
AT4G21200	0	0.000000	0.000000	0.000000
AT1G53550	0	0.000000	0.000000	0.000000
AT1G29700	87	3.772159	26.335085	34.032742
AT3G04195	0	0.000000	0.000000	0.000000
AT2G42020	0	0.0	0.0	0.0
AT2G28270	0	0.0	0.0	0.0
AT2G10608	0	0.0	0.0	0.0
AT5G47060	22	1.396853	10.292459	13.300909
AT3G62660	80	2.847322	19.878397	25.688782
AT4G30180	0	0.0	0.0	0.0
AT3G21300	35	0.998207	7.212074	9.320139
AT1G18700	29	0.703912	5.637788	7.285695
AT3G17430	33	1.173059	8.460048	10.932891
AT3G05535	0	0.0	0.0	0.0
AT2G20000	35	0.898025	6.409573	8.283069
AT3G59295	0	0.000000	0.000000	0.000000
AT1G61710	0	0.000000	0.000000	0.000000
AT2G41840	874	52.515038	366.630371	473.795135
AT4G17090	297	11.280374	78.753204	101.772499
AT4G23515	0	0.0	0.0	0.0
AT2G02850	19	1.464322	10.223069	13.211238
AT1G09947	0	0.000000	0.000000	0.000000
AT2G16592	0	0.0	0.0	0.0
AT1G75210	105	2.968772	21.331882	27.567118
AT5G17090	0	0.0	0.0	0.0
AT1G11591	0	0.000000	0.000000	0.000000
AT2G09185	0	0.0	0.0	0.0
AT1G11910	316	8.149177	58.055183	75.024513
AT5G66860	54	3.678938	25.684269	33.191692
AT4G26550	17	0.872975	6.631868	8.570341
AT3G08725	0	0.0	0.0	0.0
AT1G47900	35	0.707019	5.165927	6.675910
AT2G15050	193	5.488397	40.570805	52.429512
AT5G59395	0	0.0	0.0	0.0
AT3G21690	152	5.483973	38.286007	49.476871
AT3G54700	0	0.0	0.0	0.0
AT1G80330	0	0.000000	0.000000	0.000000
AT3G27550	22	0.841393	6.200967	8.013489
AT3G54410	0	0.000000	0.000000	0.000000
AT3G54560	111	8.050321	72.825905	94.112663
AT1G14690	47	1.430050	9.983803	12.902034
AT4G33640	57	6.113041	48.915325	63.213108
AT1G08093	0	0.0	0.0	0.0
AT5G60340	83	6.627273	46.267883	59.791824
AT3G58300	0	0.0	0.0	0.0
AT2G24540	2	0.098359	0.686687	0.887403
AT1G08580	105	9.780117	68.279259	88.237053
AT1G63730	0	0.000000	0.000000	0.000000
AT3G04325	0	0.0	0.0	0.0
AT5G05300	0	0.0	0.0	0.0
AT1G10150	32	1.367841	9.549494	12.340778
AT3G18890	291	9.311574	65.138588	84.178368
AT1G31485	0	0.000000	0.000000	0.000000
AT3G05200	18	0.736647	5.142854	6.646092
AT5G04225	0	0.000000	0.000000	0.000000
AT3G16090	35	1.235188	8.623385	11.143971
AT5G52090	0	0.0	0.0	0.0
AT1G48590	0	0.0	0.0	0.0
AT5G58200	63	3.934426	29.395515	37.987724
AT1G61400	7	0.148126	1.047425	1.353583
AT3G60240	109	1.560674	10.907474	14.095692
AT1G69523	0	0.000000	0.000000	0.000000
AT1G13930	1358	105.204460	830.209717	1072.877075
AT4G04225	2	0.345592	2.412728	3.117960
AT1G18410	0	0.000000	0.000000	0.000000
AT1G18560	4	0.110613	0.772238	0.997960
AT1G06040	563	30.484068	239.811508	309.907593
AT4G05690	0	0.000000	0.000000	0.000000
AT1G67590	27	1.132267	8.266362	10.682591
AT1G14300	29	1.340413	10.456047	13.512314
AT3G52430	72	2.535698	17.702812	22.877285
AT3G58690	26	1.153846	8.616725	11.135365
AT2G34060	10	0.423253	3.143985	4.062961
AT1G63170	66	2.899721	20.764788	26.834263
AT5G16430	0	0.0	0.0	0.0
AT5G50070	0	0.0	0.0	0.0
AT1G54890	0	0.0	0.0	0.0
AT3G09575	0	0.000000	0.000000	0.000000
AT3G46060	133	7.528328	62.154659	80.322250
AT3G22930	5	0.202629	2.922094	3.776212
AT5G05690	182	7.537584	52.623154	68.004730
AT4G16430	44	1.904399	13.295439	17.181650
AT2G05785	0	0.0	0.0	0.0
AT3G04640	20	1.962725	16.047131	20.737652
AT1G32100	14	0.829947	5.794222	7.487853
AT1G49330	0	0.0	0.0	0.0
AT2G30740	44	1.311979	9.596011	12.400892
AT5G60966	0	0.0	0.0	0.0
AT2G15230	0	0.000000	0.000000	0.000000
AT3G43400	0	0.0	0.0	0.0
AT2G03931	0	0.0	0.0	0.0
AT3G48860	47	1.044644	8.680997	11.218422
AT1G29410	8	0.299438	2.313983	2.990352
AT1G29560	11	0.373242	2.753597	3.558464
AT1G08840	37	0.627948	4.723388	6.104018
AT2G24880	0	0.0	0.0	0.0
AT5G07970	22	0.355002	2.561126	3.309734
AT1G59910	15	0.355014	2.478507	3.202967
AT1G69850	43	1.331517	9.791178	12.653105
AT5G45680	220	19.560268	136.558746	176.474411
AT2G18490	0	0.0	0.0	0.0
AT3G23340	17	0.657698	4.733176	6.116667
AT5G62420	0	0.000000	0.000000	0.000000
AT3G02390	0	0.000000	0.000000	0.000000
AT4G06800	1	0.149284	1.042217	1.346853
AT2G01070	53	1.397526	11.346188	14.662640
AT1G67481	0	0.0	0.0	0.0
AT1G68780	27	0.988832	6.903467	8.921327
AT1G03530	25	0.672030	4.691734	6.063112
AT1G29980	27	0.991150	8.271989	10.689863
AT5G42280	12	0.338210	2.501330	3.232460
AT3G01323	0	0.0	0.0	0.0
AT5G06800	0	0.000000	0.000000	0.000000
AT5G64670	51	3.039940	21.223146	27.426600
AT1G77810	32	1.516645	12.070596	15.598789
AT4G02290	45	1.529665	11.199256	14.472760
AT3G17740	13	0.234997	1.642124	2.122112
AT2G29490	0	0.000000	0.000000	0.000000
AT5G43160	0	0.000000	0.000000	0.000000
AT4G23240	0	0.000000	0.000000	0.000000
AT5G08000	46	2.689299	18.775169	24.263086
ATCG00490	288	15.971181	111.501770	144.093353
AT4G31450	45	1.617912	12.171805	15.729582
AT5G02290	79	3.344494	25.121895	32.464935
AT2G39160	0	0.0	0.0	0.0
AT1G09723	0	0.0	0.0	0.0
AT2G14750	141	6.906289	48.215813	62.309132
AT2G22055	0	0.0	0.0	0.0
AT3G26720	62	1.171720	10.259862	13.258784
AT1G18980	0	0.0	0.0	0.0
AT4G08555	2	0.247458	1.727612	2.232587
AT5G23240	88	3.457717	27.679375	35.769962
AT3G55000	30	1.899676	13.262465	17.139040
AT2G22500	115	4.419355	30.853443	39.871799
AT1G07317	0	0.0	0.0	0.0
AT1G04243	0	0.0	0.0	0.0
AT4G31120	50	1.652203	12.511920	16.169111
AT1G52825	29	2.973856	29.687416	38.364948
AT4G37095	8	4.788618	33.431431	43.203320
AT4G13190	0	0.000000	0.000000	0.000000
AT1G34140	0	0.0	0.0	0.0
AT1G07790	78	7.234467	50.506966	65.269981
AT3G02600	70	1.705810	13.250235	17.123232
AT4G17570	65	1.832322	13.551268	17.512257
AT4G05475	0	0.0	0.0	0.0
AT2G14610	63	5.501109	38.405640	49.631477
AT4G22463	0	0.0	0.0	0.0
AT4G22513	104	13.113805	91.553185	118.313873
AT4G00270	50	2.674797	18.673923	24.132248
AT1G56240	0	0.0	0.0	0.0
AT5G13190	46	1.523630	11.534407	14.905874
AT2G40520	12	0.293431	2.671160	3.451931
AT5G17570	6	0.341140	2.454456	3.171885
AT5G05475	0	0.0	0.0	0.0
AT4G00165	159	17.464285	121.925781	157.564270
AT1G12340	0	0.000000	0.000000	0.000000
AT1G08960	0	0.000000	0.000000	0.000000
AT3G24480	20	0.938169	6.549767	8.464241
AT1G47780	0	0.0	0.0	0.0
AT5G39800	36	4.252585	29.689148	38.367184
AT2G43800	42	1.003967	7.009131	9.057877
AT2G35500	85	3.334401	45.873241	59.281834
AT5G62150	3	0.320755	2.239331	2.893879
AT3G48940	0	0.0	0.0	0.0
AT2G06275	0	0.0	0.0	0.0
AT3G54980	6	0.112637	1.097084	1.417758
AT1G05603	0	0.0	0.0	0.0
AT4G39800	242	8.857142	64.255867	83.037636
AT5G38950	0	0.0	0.0	0.0
AT2G38670	97	4.376059	30.551174	39.481178
AT1G08573	0	0.000000	0.000000	0.000000
AT1G05123	0	0.000000	0.000000	0.000000
AT2G35760	13	0.649367	4.833304	6.246062
AT5G19151	0	0.000000	0.000000	0.000000
AT1G63440	0	0.000000	0.000000	0.000000
AT1G57340	0	0.0	0.0	0.0
AT4G38950	45	0.929588	7.110138	9.188408
AT1G11480	39	1.322107	9.246172	11.948796
AT2G04085	0	0.0	0.0	0.0
AT2G17830	4	0.191394	1.336205	1.726773
AT5G52570	13	0.747563	5.712595	7.382367
AT3G16570	111	4.491094	31.354284	40.519035
AT4G09435	0	0.000000	0.000000	0.000000
AT2G33920	0	0.000000	0.000000	0.000000
AT1G22220	0	0.0	0.0	0.0
AT5G49920	0	0.000000	0.000000	0.000000
AT1G48070	0	0.0	0.0	0.0
AT2G07375	0	0.0	0.0	0.0
AT4G31600	22	1.000597	7.178494	9.276743
AT2G14282	0	0.0	0.0	0.0
AT1G70985	10	1.195440	8.345887	10.785362
AT1G72610	3490	299.879425	2093.588867	2705.537842
AT5G09435	0	0.000000	0.000000	0.000000
AT3G02120	23	2.980456	20.807863	26.889929
AT4G16740	0	0.000000	0.000000	0.000000
AT1G73990	43	1.368208	9.661756	12.485853
AT1G72750	63	4.126971	28.812181	37.233883
ATMG00240	0	0.0	0.0	0.0
AT2G22760	0	0.0	0.0	0.0
AT2G18350	11	0.634783	4.431697	5.727067
AT1G67070	0	0.000000	0.000000	0.000000
AT1G01460	0	0.0	0.0	0.0
AT5G62627	0	0.0	0.0	0.0
AT3G02450	99	3.274093	23.626694	30.532696
AT1G01510	74	2.224498	15.530190	20.069611
AT5G27720	91	7.349544	51.310368	66.308212
AT1G09867	7	3.750000	26.180386	33.832821
AT3G52740	14	1.172487	8.185643	10.578278
AT5G16740	0	0.0	0.0	0.0
AT3G13220	0	0.0	0.0	0.0
AT5G50590	0	0.0	0.0	0.0
AT2G41960	52	0.987304	6.937271	8.965012
AT3G09095	0	0.000000	0.000000	0.000000
AT2G05905	0	0.0	0.0	0.0
AT4G27720	189	7.349218	51.308090	66.305275
AT3G44766	0	0.0	0.0	0.0
AT1G64380	4	0.179803	1.255283	1.622198
AT5G65360	274	30.305672	211.577103	273.420349
AT2G29350	0	0.000000	0.000000	0.000000
AT3G07800	48	2.518104	17.579981	22.718550
AT5G13320	0	0.000000	0.000000	0.000000
AT1G79360	0	0.0	0.0	0.0
AT3G01572	0	0.0	0.0	0.0
ATCG00350	340	12.056646	84.172707	108.776093
AT1G74630	1	0.013862	0.096777	0.125064
AT1G06217	0	0.000000	0.000000	0.000000
AT4G31390	86	1.685578	12.485042	16.134377
AT3G10116	0	0.0	0.0	0.0
AT2G30430	0	0.0	0.0	0.0
AT5G66940	1	0.081382	0.568163	0.734235
AT1G35220	23	0.396145	3.142763	4.061382
AT1G05453	0	0.000000	0.000000	0.000000
AT3G21475	0	0.0	0.0	0.0
AT4G13320	4	0.289631	2.022040	2.613076
AT2G25344	0	0.0	0.0	0.0
AT1G52060	0	0.0	0.0	0.0
AT4G28330	0	0.0	0.0	0.0
AT3G19230	0	0.000000	0.000000	0.000000
AT3G51050	49	1.456036	10.728847	13.864852
ATMG01320	5	0.379067	2.646432	3.419975
AT5G48410	0	0.0	0.0	0.0
AT5G57035	40	1.206969	8.426376	10.889378
AT5G03155	0	0.000000	0.000000	0.000000
AT3G60380	47	1.308607	9.135956	11.806364
AT1G06925	0	0.0	0.0	0.0
AT5G48560	6	0.196612	1.422740	1.838602
AT5G35400	22	0.980892	7.206915	9.313472
AT1G26310	0	0.0	0.0	0.0
AT1G55540	19	0.247294	1.729099	2.234509
AT5G44300	0	0.0	0.0	0.0
AT1G71040	98	1.926394	17.241533	22.281178
AT1G76954	0	0.0	0.0	0.0
AT2G32890	0	0.000000	0.000000	0.000000
AT1G77100	0	0.0	0.0	0.0
AT4G19330	0	0.0	0.0	0.0
AT3G28230	0	0.0	0.0	0.0
AT5G06110	155	4.844166	33.819229	43.704479
AT5G09875	0	0.0	0.0	0.0
AT3G44200	32	0.611302	4.357708	5.631451
AT1G15680	0	0.0	0.0	0.0
AT5G14660	147	8.139338	64.450523	83.289185
AT1G08130	88	2.390194	17.553612	22.684473
AT5G60280	4	0.127453	0.889805	1.149892
AT5G00935	0	0.0	0.0	0.0
AT5G27807	0	0.0	0.0	0.0
AT2G36200	39	0.855278	6.129407	7.921012
AT1G79485	0	0.000000	0.000000	0.000000
AT4G06110	0	0.000000	0.000000	0.000000
AT5G19330	83	1.354505	9.618680	12.430187
AT2G05575	0	0.0	0.0	0.0
AT4G14660	0	0.000000	0.000000	0.000000
AT2G17470	0	0.000000	0.000000	0.000000
AT2G08125	0	0.0	0.0	0.0
AT5G40420	0	0.0	0.0	0.0
AT3G30305	0	0.0	0.0	0.0
AT3G09785	1	0.276423	1.929829	2.493912
AT2G31550	0	0.0	0.0	0.0
AT4G39110	0	0.000000	0.000000	0.000000
AT2G31005	0	0.0	0.0	0.0
AT2G09200	0	0.000000	0.000000	0.000000
AT5G40150	24	1.238312	8.645196	11.172156
AT3G53210	0	0.000000	0.000000	0.000000
AT4G22400	0	0.0	0.0	0.0
AT2G08455	0	0.0	0.0	0.0
AT2G43110	37	2.039860	17.465563	22.570686
AT5G52900	21	1.116102	7.791995	10.069568
AT3G16900	0	0.000000	0.000000	0.000000
AT2G25890	0	0.000000	0.000000	0.000000
AT5G39110	0	0.0	0.0	0.0
AT1G20687	0	0.0	0.0	0.0
AT5G22400	24	0.949505	6.628908	8.566515
AT5G44690	0	0.0	0.0	0.0
AT4G29590	92	3.837866	26.793816	34.625557
AT2G30870	386	27.276964	190.432373	246.095108
AT1G26797	0	0.0	0.0	0.0
AT5G18590	57	1.635036	11.570229	14.952167
AT3G45640	156	6.692681	46.724522	60.381939
AT5G03425	0	0.0	0.0	0.0
AT4G04680	0	0.000000	0.000000	0.000000
AT5G67560	145	8.230714	57.462200	74.258202
AT5G43930	41	1.027608	7.893882	10.201236
AT5G67410	1	0.053519	0.471896	0.609830
AT1G08903	0	0.0	0.0	0.0
AT4G27850	0	0.000000	0.000000	0.000000
AT4G18590	44	3.400198	25.128784	32.473843
AT1G72820	32	1.339602	9.352345	12.086003
AT2G39930	75	1.896391	14.240663	18.403158
AT5G53310	53	3.062089	25.968212	33.558632
AT1G08770	21	1.587598	11.083714	14.323445
AT1G17615	0	0.0	0.0	0.0
AT1G05660	0	0.0	0.0	0.0
AT1G55880	28	1.109091	8.189761	10.583601
AT5G04680	7	0.173522	1.266139	1.636227
AT5G54860	14	0.418738	3.115186	4.025745
AT5G27850	1093	57.895866	485.329285	627.189331
AT2G04795	8	0.769433	5.371747	6.941890
AT3G05185	0	0.000000	0.000000	0.000000
AT1G22882	34	0.824695	5.940483	7.676866
AT2G14820	0	0.0	0.0	0.0
AT1G09853	0	0.0	0.0	0.0
AT1G04370	0	0.0	0.0	0.0
AT4G35650	0	0.0	0.0	0.0
AT3G26850	17	0.750358	5.445359	7.037019
AT2G08395	0	0.0	0.0	0.0
AT4G30530	225	14.768724	103.106895	133.244690
AT1G50980	0	0.0	0.0	0.0
AT1G52615	0	0.0	0.0	0.0
AT3G19050	22	0.191782	1.354329	1.750194
AT4G23373	0	0.0	0.0	0.0
AT3G51230	7	0.446678	3.118454	4.029967
AT2G41130	0	0.000000	0.000000	0.000000
AT2G35970	0	0.0	0.0	0.0
AT3G61826	0	0.0	0.0	0.0
AT1G20480	0	0.000000	0.000000	0.000000
AT4G24265	2	0.212121	1.480909	1.913774
AT4G24170	0	0.0	0.0	0.0
AT2G20990	281	9.038338	69.504738	89.820724
ATMG01190	49	2.550853	17.808617	23.014013
AT4G17900	42	1.435428	13.192952	17.049206
AT5G51330	0	0.0	0.0	0.0
AT1G07080	113	7.363859	51.410309	66.437363
AT3G29635	0	0.0	0.0	0.0
AT5G41910	11	0.620263	4.330326	5.596066
AT4G22710	15	0.639623	4.465487	5.770733
AT2G25171	0	0.000000	0.000000	0.000000
AT1G05517	0	0.0	0.0	0.0
AT1G07593	2	1.102273	7.695448	9.944801
AT1G05467	0	0.000000	0.000000	0.000000
AT5G24170	17	0.762399	6.536446	8.447027
AT5G17900	52	1.683464	13.762776	17.785589
AT2G37690	63	1.742768	13.410368	17.330172
AT3G28050	86	4.014159	28.024593	36.216087
AT1G66890	15	1.254292	8.756759	11.316330
AT1G33270	0	0.000000	0.000000	0.000000
AT5G05835	0	0.0	0.0	0.0
AT4G15370	0	0.0	0.0	0.0
AT2G41770	40	1.141918	7.972227	10.302482
AT1G09520	22	1.450000	10.123082	13.082024
AT4G22650	0	0.0	0.0	0.0
AT3G07110	419	32.376812	226.693726	292.955536
AT1G77620	11	0.231249	1.614450	2.086348
AT5G22650	364	18.934288	132.188522	170.826767
AT2G22970	53	2.145855	16.698896	21.579926
AT2G09535	0	0.0	0.0	0.0
AT2G23985	21	0.892504	10.244475	13.238900
AT1G27210	56	1.740214	12.149192	15.700359
AT3G13882	96	8.353645	68.890076	89.026413
AT5G48700	0	0.0	0.0	0.0
AT1G23147	0	0.0	0.0	0.0
AT3G15270	0	0.000000	0.000000	0.000000
AT5G01675	0	0.000000	0.000000	0.000000
AT1G62200	52	1.240590	9.284542	11.998382
AT3G28007	13	0.804724	5.618129	7.260289
AT1G68090	0	0.000000	0.000000	0.000000
AT4G24730	20	0.862822	6.686386	8.640794
AT2G37300	13	0.527235	4.488065	5.799911
AT4G35710	0	0.0	0.0	0.0
AT1G17060	0	0.000000	0.000000	0.000000
AT5G56670	513	78.632111	582.653076	752.960510
AT5G10200	21	0.506457	3.607378	4.661801
AT3G12670	153	3.540955	26.410292	34.129929
AT4G07055	0	0.0	0.0	0.0
AT3G01030	0	0.0	0.0	0.0
ATCG01270	28	9.493589	66.278885	85.651970
AT2G26450	0	0.0	0.0	0.0
AT5G07500	0	0.0	0.0	0.0
AT4G10200	0	0.0	0.0	0.0
AT2G15292	52	3.301676	23.050440	29.788004
AT5G07055	0	0.0	0.0	0.0
AT1G76460	39	1.275475	9.099114	11.758755
AT1G76510	22	0.692845	5.256351	6.792764
AT2G27290	172	13.158502	91.865234	118.717133
AT2G06002	4	0.409091	2.856043	3.690854
AT3G06760	38	1.744361	13.259449	17.135141
AT3G14420	176	6.937346	62.023388	80.152611
AT1G73000	0	0.0	0.0	0.0
AT4G25250	0	0.0	0.0	0.0
AT3G50890	11	0.635071	4.433707	5.729665
AT1G58150	0	0.0	0.0	0.0
AT1G57280	0	0.0	0.0	0.0
AT4G05632	0	0.0	0.0	0.0
AT5G25250	194	6.048570	62.934814	81.330437
AT3G10300	44	1.443747	14.632615	18.909678
AT2G05095	0	0.000000	0.000000	0.000000
AT3G09905	0	0.000000	0.000000	0.000000
AT1G43320	0	0.0	0.0	0.0
AT2G11000	25	0.663330	5.305465	6.856235
AT1G65390	4	0.165821	1.279641	1.653676
AT5G06335	0	0.0	0.0	0.0
AT1G31360	22	0.614124	4.725769	6.107095
AT5G41480	11	0.447167	3.295119	4.258271
AT1G69720	0	0.000000	0.000000	0.000000
AT2G47010	2	0.068256	0.494802	0.639431
AT1G08315	10	0.627581	4.381416	5.662089
AT1G28920	0	0.000000	0.000000	0.000000
AT5G29070	0	0.0	0.0	0.0
AT3G16780	167	11.912187	83.164169	107.472771
AT5G52780	70	4.845217	33.826572	43.713963
AT3G03665	0	0.0	0.0	0.0
AT5G16870	14	1.149615	8.025964	10.371924
AT4G06335	0	0.000000	0.000000	0.000000
AT3G52870	45	1.977361	13.804819	17.839920
AT1G58420	0	0.0	0.0	0.0
AT5G61220	59	3.162003	37.558594	48.536842
AT4G29070	44	2.532176	18.763613	24.248154
AT1G19920	141	5.857051	40.890625	52.842815
AT5G18070	4	0.123363	0.861251	1.112992
AT1G20910	43	1.839169	12.840040	16.593140
ATMG00380	0	0.0	0.0	0.0
AT1G23670	0	0.0	0.0	0.0
AT2G26120	0	0.0	0.0	0.0
AT3G61320	19	0.623240	4.606155	5.952519
AT5G01490	0	0.0	0.0	0.0
AT3G14150	35	1.410101	12.017368	15.530005
AT2G42865	0	0.0	0.0	0.0
AT4G32250	9	0.222975	1.556686	2.011699
AT2G04137	0	0.0	0.0	0.0
AT3G61962	0	0.0	0.0	0.0
AT1G08783	0	0.0	0.0	0.0
AT1G34049	0	0.0	0.0	0.0
AT2G23067	0	0.000000	0.000000	0.000000
AT1G35353	0	0.0	0.0	0.0
AT4G18070	62	1.748930	18.047955	23.323309
AT1G50560	0	0.000000	0.000000	0.000000
AT1G50410	28	0.551776	4.153347	5.367356
AT2G17140	6	0.105820	0.800080	1.033940
AT3G06235	0	0.0	0.0	0.0
AT3G10690	90	2.253993	15.750909	20.354845
AT1G59833	0	0.0	0.0	0.0
AT1G65450	8	0.174132	1.489133	1.924402
AT2G34825	0	0.0	0.0	0.0
AT1G43190	131	5.458572	39.086334	50.511139
AT4G23380	0	0.0	0.0	0.0
AT1G47570	27	0.650837	7.400253	9.563320
AT1G50700	13	0.448730	3.243198	4.191174
AT5G41071	1	0.306011	2.136396	2.760857
AT1G34830	0	0.0	0.0	0.0
AT2G26600	31	1.174927	8.670322	11.204627
AT1G02260	33	0.987997	7.130322	9.214490
AT3G01250	0	0.0	0.0	0.0
AT5G23380	3	0.116987	1.282664	1.657583
AT1G21150	5	0.222021	1.744172	2.253988
AT3G22160	11	0.726595	5.072676	6.555402
AT4G07235	0	0.0	0.0	0.0
AT1G04383	0	0.0	0.0	0.0
AT3G22275	0	0.000000	0.000000	0.000000
AT3G23280	176	6.139180	48.728069	62.971115
AT1G03180	0	0.000000	0.000000	0.000000
AT2G16530	9	0.346960	2.811257	3.632977
AT4G17780	0	0.000000	0.000000	0.000000
AT5G01350	135	11.284664	78.783157	101.811203
AT5G25030	0	0.0	0.0	0.0
AT3G07335	0	0.0	0.0	0.0
AT5G42340	0	0.0	0.0	0.0
AT5G17780	0	0.000000	0.000000	0.000000
AT4G01350	0	0.0	0.0	0.0
AT4G25030	155	5.863852	42.406651	54.801971
AT2G17695	61	2.155080	15.194523	19.635830
AT1G45243	0	0.000000	0.000000	0.000000
AT2G30424	45	2.272265	36.619221	47.322895
AT4G35375	0	0.0	0.0	0.0
AT5G55855	0	0.0	0.0	0.0
AT1G12280	20	0.553737	3.899181	5.038898
AT3G25490	0	0.000000	0.000000	0.000000
AT5G08990	0	0.000000	0.000000	0.000000
AT1G79915	0	0.000000	0.000000	0.000000
AT3G61190	1	0.052143	0.430810	0.556735
AT2G26390	2	0.094867	0.662308	0.855898
AT5G35375	0	0.0	0.0	0.0
AT3G08855	1	0.172986	1.207691	1.560694
AT3G03010	16	0.673348	7.286252	9.415998
AT4G08990	0	0.000000	0.000000	0.000000
AT1G32810	32	0.640279	4.470067	5.776652
AT3G55990	0	0.000000	0.000000	0.000000
AT3G06055	0	0.0	0.0	0.0
AT2G02720	0	0.000000	0.000000	0.000000
AT5G54940	304	17.421204	183.159134	236.695908
AT4G24440	40	3.775240	26.742306	34.558990
AT3G06500	62	1.439394	10.845375	14.015440
AT5G07760	0	0.000000	0.000000	0.000000
AT5G48980	0	0.0	0.0	0.0
AT1G21420	0	0.0	0.0	0.0
AT4G32030	25	1.159064	9.055760	11.702727
AT3G57670	0	0.000000	0.000000	0.000000
AT1G65120	4	0.064472	0.472748	0.610931
AT5G24440	0	0.0	0.0	0.0
AT1G68570	25	0.949023	6.666838	8.615532
AT1G13160	73	2.118733	14.899927	19.255125
AT1G56380	0	0.0	0.0	0.0
AT1G51920	0	0.000000	0.000000	0.000000
AT4G15715	0	0.0	0.0	0.0
AT2G17305	0	0.0	0.0	0.0
AT3G25610	0	0.000000	0.000000	0.000000
AT3G52280	70	3.826897	28.113201	36.330597
AT5G16280	31	0.548504	3.829345	4.948650
AT1G31258	3	1.700000	11.868441	15.337545
AT2G42180	0	0.0	0.0	0.0
AT3G54363	4	0.608974	4.251513	5.494215
AT4G36810	80	3.516407	24.549570	31.725325
AT2G46630	33	1.328497	9.274817	11.985813
AT4G16280	43	0.633009	6.683747	8.637383
ATMG00780	0	0.0	0.0	0.0
AT4G30020	92	2.005475	16.450951	21.259506
AT3G61720	0	0.0	0.0	0.0
AT1G15990	8	0.258360	1.803724	2.330946
AT5G36810	0	0.0	0.0	0.0
AT1G08383	0	0.0	0.0	0.0
AT2G15480	4	0.124416	0.974539	1.259393
AT2G07585	0	0.000000	0.000000	0.000000
AT1G36030	0	0.0	0.0	0.0
AT5G39260	0	0.000000	0.000000	0.000000
AT5G01065	0	0.0	0.0	0.0
AT2G23140	16	0.323224	2.522707	3.260086
AT5G38010	0	0.000000	0.000000	0.000000
AT5G45000	0	0.000000	0.000000	0.000000
AT1G71290	0	0.0	0.0	0.0
AT1G65790	19	0.505128	3.567995	4.610908
AT5G06735	0	0.0	0.0	0.0
AT1G17670	0	0.0	0.0	0.0
AT4G39260	1308	82.807602	714.150085	922.893738
AT1G31760	0	0.000000	0.000000	0.000000
AT4G38010	6	0.211594	1.477230	1.909019
AT1G69320	1	0.095675	0.667949	0.863188
AT2G43260	9	0.412023	2.990742	3.864926
AT3G53160	3	0.131307	0.916711	1.184663
AT3G16380	0	0.000000	0.000000	0.000000
AT5G52380	24	1.401753	11.090541	14.332269
AT3G11920	0	0.0	0.0	0.0
AT4G06260	1	0.281894	1.968025	2.543272
AT2G09025	0	0.000000	0.000000	0.000000
AT2G31220	0	0.000000	0.000000	0.000000
AT2G07845	0	0.000000	0.000000	0.000000
AT3G10700	31	1.172246	9.058623	11.706427
AT4G19440	10	0.206751	1.443419	1.865325
AT5G04990	0	0.000000	0.000000	0.000000
AT2G13290	14	0.525937	3.702018	4.784105
AT1G43720	0	0.0	0.0	0.0
AT2G18196	6	0.230366	1.608285	2.078382
AT1G09030	0	0.0	0.0	0.0
AT5G06260	109	4.369544	33.460556	43.240963
AT3G04855	0	0.0	0.0	0.0
AT4G04990	0	0.0	0.0	0.0
AT5G19440	84	4.083231	30.991447	40.050137
AT3G60900	9	0.337269	2.354622	3.042870
AT5G58940	0	0.000000	0.000000	0.000000
AT1G57870	298	6.817379	228.680801	295.523407
AT4G28440	97	7.437259	51.922749	67.099586
AT2G07671	10	0.933097	6.514357	8.418481
AT5G06175	0	0.0	0.0	0.0
AT4G03630	0	0.0	0.0	0.0
AT5G44980	0	0.000000	0.000000	0.000000
AT5G09810	1279	43.490646	317.815338	410.711670
AT1G78895	19	1.151799	8.041210	10.391629
AT3G06360	0	0.0	0.0	0.0
AT1G24388	0	0.000000	0.000000	0.000000
AT2G05510	0	0.0	0.0	0.0
AT3G05940	21	0.764035	5.817281	7.517653
AT1G64570	0	0.000000	0.000000	0.000000
AT5G03630	219	7.854643	58.680256	75.832298
AT4G09810	21	0.885742	7.877224	10.179709
AT3G25750	0	0.0	0.0	0.0
AT4G06175	0	0.000000	0.000000	0.000000
AT4G31073	0	0.000000	0.000000	0.000000
AT3G26616	0	0.0	0.0	0.0
AT1G02335	22	1.769697	12.355025	15.966357
AT1G09207	0	0.0	0.0	0.0
AT1G56780	0	0.0	0.0	0.0
AT2G37980	0	0.000000	0.000000	0.000000
AT1G69190	0	0.0	0.0	0.0
AT2G17705	19	1.750583	12.221583	15.793909
AT2G02320	0	0.0	0.0	0.0
AT1G12870	0	0.0	0.0	0.0
AT2G20680	0	0.000000	0.000000	0.000000
AT3G03595	0	0.000000	0.000000	0.000000
AT5G07360	24	0.761182	5.365569	6.933906
AT3G07175	0	0.000000	0.000000	0.000000
AT3G18420	72	4.644535	32.425526	41.903393
AT5G01610	0	0.000000	0.000000	0.000000
AT2G26790	7	0.136088	1.003023	1.296203
AT4G21366	0	0.0	0.0	0.0
AT3G59920	189	6.891434	56.285492	72.737549
AT3G07260	0	0.000000	0.000000	0.000000
AT1G27160	0	0.0	0.0	0.0
AT1G54150	26	1.383525	10.321041	13.337845
AT4G01610	104	5.076734	35.552010	45.943745
AT3G10560	0	0.0	0.0	0.0
AT1G05070	33	1.552151	11.933228	15.421270
AT3G10410	58	2.319213	16.191435	20.924137
AT1G47240	39	1.284756	8.969441	11.591179
AT1G50690	0	0.0	0.0	0.0
AT3G42570	0	0.0	0.0	0.0
AT1G06423	0	0.000000	0.000000	0.000000
AT1G68240	0	0.000000	0.000000	0.000000
AT5G51440	0	0.0	0.0	0.0
AT3G07735	2	1.315068	9.181063	11.864655
AT1G06937	0	0.000000	0.000000	0.000000
AT1G52670	93	6.137873	42.851170	55.376415
AT5G42740	68	1.983150	14.247079	18.411451
AT4G21940	0	0.000000	0.000000	0.000000
AT4G01750	25	1.194428	8.338821	10.776232
AT5G17380	33	1.269305	8.861571	11.451778
AT1G09250	32	1.939394	13.539755	17.497379
AT1G06153	0	0.000000	0.000000	0.000000
AT1G31500	32	1.420753	10.799338	13.955948
AT3G61117	0	0.0	0.0	0.0
AT5G21940	20	0.934915	6.527049	8.434883
AT1G54420	0	0.0	0.0	0.0
AT5G01750	257	11.656446	93.910835	121.360657
AT4G17380	0	0.000000	0.000000	0.000000
AT5G14070	7	0.635236	4.434860	5.731153
AT5G23780	5	0.190134	1.327408	1.715405
AT3G18150	0	0.0	0.0	0.0
AT1G04783	0	0.0	0.0	0.0
AT1G10890	86	2.397486	25.215851	32.586357
AT3G28899	0	0.000000	0.000000	0.000000
AT3G23870	0	0.000000	0.000000	0.000000
AT4G14070	80	2.531661	17.674629	22.840862
AT3G17280	0	0.000000	0.000000	0.000000
AT4G23780	0	0.0	0.0	0.0
AT1G50300	83	2.759664	28.712627	37.105228
AT5G53710	0	0.0	0.0	0.0
AT1G08370	22	0.980792	6.847336	8.848789
AT5G62890	240	7.278937	57.717209	74.587753
AT4G19170	167	5.898717	41.181511	53.218731
AT5G64401	0	0.000000	0.000000	0.000000
AT2G04395	0	0.0	0.0	0.0
AT2G05245	0	0.0	0.0	0.0
AT1G18835	3	0.337963	2.359467	3.049131
ATMG00900	1	0.093385	0.651961	0.842527
AT2G21100	0	0.000000	0.000000	0.000000
AT5G19170	6	0.332579	2.386674	3.084290
AT1G26650	45	2.338101	16.323301	21.094547
AT2G15042	42	1.920046	13.404677	17.322819
AT4G25520	30	0.730985	5.103324	6.595009
AT4G28170	3	0.263529	1.839811	2.377581
AT5G06445	0	0.0	0.0	0.0
AT5G66200	43	1.170545	8.172085	10.560757
AT2G29820	0	0.0	0.0	0.0
AT5G18015	0	0.0	0.0	0.0
AT1G55270	10	0.270941	2.449416	3.165372
AT5G13850	218	17.946337	125.291199	161.913376
AT2G27040	86	2.045387	14.778380	19.098049
AT1G11765	0	0.0	0.0	0.0
AT2G16020	0	0.0	0.0	0.0
ATCG00820	1615	462.872772	3231.516602	4176.077637
AT4G26542	0	0.000000	0.000000	0.000000
AT5G25520	61	1.064509	9.647095	12.466908
AT2G30280	19	0.994573	6.943547	8.973123
AT3G31925	0	0.0	0.0	0.0
AT5G17522	0	0.000000	0.000000	0.000000
AT4G06445	0	0.0	0.0	0.0
AT3G57060	28	0.474876	3.341985	4.318836
AT4G13850	307	20.320629	143.171967	185.020630
AT3G24050	103	5.798582	40.482430	52.315304
AT2G43445	0	0.000000	0.000000	0.000000
AT2G11225	184	2.556251	17.889853	23.118996
AT5G19730	23	0.980129	6.842708	8.842808
AT1G52495	0	0.0	0.0	0.0
AT1G53542	16	6.503108	45.401031	58.671597
AT3G10980	56	1.438472	10.042601	12.978018
AT2G04605	0	0.0	0.0	0.0
AT3G30705	0	0.0	0.0	0.0
AT4G19730	0	0.0	0.0	0.0
AT1G11230	0	0.0	0.0	0.0
AT5G61550	0	0.0	0.0	0.0
AT4G21860	153	8.541224	89.168137	115.231682
AT1G75930	0	0.0	0.0	0.0
AT4G09285	0	0.0	0.0	0.0
AT3G60780	0	0.0	0.0	0.0
AT4G31080	59	2.273566	16.700481	21.581974
AT1G26710	0	0.0	0.0	0.0
AT5G44700	0	0.0	0.0	0.0
AT4G32520	116	4.437140	30.977608	40.032257
AT2G23470	13	0.546644	3.816360	4.931869
AT5G28730	0	0.0	0.0	0.0
AT1G64583	3	0.113885	0.843783	1.090418
AT5G09285	0	0.000000	0.000000	0.000000
AT2G37410	109	6.810683	47.548344	61.446564
AT5G44973	0	0.0	0.0	0.0
AT2G37560	0	0.000000	0.000000	0.000000
AT1G64090	300	14.021650	100.417862	129.769653
AT4G28730	0	0.000000	0.000000	0.000000
AT5G60870	0	0.000000	0.000000	0.000000
AT1G07663	0	0.000000	0.000000	0.000000
AT5G53650	43	5.348367	37.339283	48.253426
AT5G51170	0	0.000000	0.000000	0.000000
AT1G79970	41	2.247372	16.834183	21.754757
AT2G37700	0	0.000000	0.000000	0.000000
AT4G24330	98	3.962264	27.662292	35.747883
AT1G56900	0	0.0	0.0	0.0
AT2G38646	0	0.0	0.0	0.0
AT5G65970	0	0.000000	0.000000	0.000000
AT4G35310	143	4.282109	30.008297	38.779621
AT1G13210	87	1.641154	11.457611	14.806632
AT5G44410	31	1.252583	8.744828	11.300911
AT1G33880	0	0.0	0.0	0.0
AT5G44560	33	2.290179	17.818291	23.026518
AT4G29660	2	0.107471	0.750302	0.969613
AT1G60525	7	0.256602	1.894329	2.448035
AT1G70830	126	6.590670	50.273354	64.968086
AT3G01520	54	3.000000	29.452932	38.061924
AT5G48300	504	21.218651	148.136642	191.436478
AT5G24330	0	0.000000	0.000000	0.000000
AT3G03075	0	0.000000	0.000000	0.000000
AT3G02080	587	50.861172	419.727509	542.412415
AT4G20953	0	0.000000	0.000000	0.000000
AT1G26400	0	0.0	0.0	0.0
AT5G26749	6	0.493827	3.844593	4.968354
AT5G15770	0	0.000000	0.000000	0.000000
AT3G24230	0	0.0	0.0	0.0
AT2G07642	0	0.0	0.0	0.0
AT3G48200	158	3.097130	21.622414	27.942572
AT5G18660	110	5.490886	38.334270	49.539242
AT1G05083	0	0.000000	0.000000	0.000000
AT1G04130	15	0.574308	4.950404	6.397389
AT1G23060	0	0.000000	0.000000	0.000000
AT1G05590	26	0.827016	5.773759	7.461409
AT5G66535	0	0.0	0.0	0.0
AT4G15770	79	5.950476	41.542870	53.685703
AT4G18660	0	0.0	0.0	0.0
AT2G41370	12	0.436983	3.050769	3.942498
AT1G17147	7	0.576761	4.026620	5.203587
AT2G04125	0	0.000000	0.000000	0.000000
AT3G15880	57	1.013143	8.196066	10.591748
AT4G22310	133	7.878338	56.468281	72.973763
AT2G07626	0	0.0	0.0	0.0
AT3G12060	0	0.0	0.0	0.0
AT1G11050	7	0.207547	1.448976	1.872507
AT2G04455	3	0.878290	6.131725	7.924007
AT5G56060	0	0.0	0.0	0.0
AT4G28068	0	0.000000	0.000000	0.000000
AT5G22310	0	0.000000	0.000000	0.000000
AT5G02925	0	0.0	0.0	0.0
AT5G42430	0	0.0	0.0	0.0
AT5G48690	7	0.380000	2.787513	3.602293
AT3G15540	21	1.589109	11.094262	14.337077
AT2G15910	108	3.045876	48.674294	62.901619
AT5G51730	24	1.107769	9.019596	11.655993
AT2G07965	0	0.000000	0.000000	0.000000
AT5G66558	17	0.458738	3.240859	4.188151
AT5G67300	43	1.726952	12.056604	15.580709
AT1G02110	29	0.971046	6.779295	8.760860
AT5G14590	63	2.514661	18.353943	23.718739
AT2G21620	127	8.950486	63.497818	82.058014
AT5G23900	236	19.921776	139.082596	179.735962
AT4G15130	17	0.994587	6.943645	8.973248
AT3G05860	0	0.0	0.0	0.0
AT3G55680	0	0.0	0.0	0.0
AT3G22210	0	0.000000	0.000000	0.000000
AT4G14590	0	0.000000	0.000000	0.000000
AT1G33540	0	0.0	0.0	0.0
AT1G04770	45	2.784937	19.442858	25.125940
AT4G23900	0	0.000000	0.000000	0.000000
AT5G15130	0	0.0	0.0	0.0
AT5G08680	359	10.988310	89.175972	115.241806
AT5G58860	0	0.0	0.0	0.0
AT2G08795	0	0.000000	0.000000	0.000000
AT5G53400	52	2.701119	18.857689	24.369726
AT2G41231	0	0.000000	0.000000	0.000000
AT1G48370	5	0.121299	0.896542	1.158598
AT2G45245	19	0.210463	14.399854	18.608881
AT1G20750	0	0.0	0.0	0.0
AT5G56970	0	0.0	0.0	0.0
AT5G30341	0	0.0	0.0	0.0
AT3G12970	1	0.041891	0.292459	0.377944
AT2G30290	0	0.0	0.0	0.0
AT4G26470	0	0.000000	0.000000	0.000000
AT1G65900	30	1.355204	9.461269	12.226767
AT1G51100	336	26.773228	186.915573	241.550354
AT4G28556	2	0.103086	1.459846	1.886554
AT2G40440	0	0.000000	0.000000	0.000000
AT2G25270	11	0.410166	2.994463	3.869735
AT1G57040	0	0.0	0.0	0.0
AT5G62880	59	3.454613	25.315901	32.715652
AT1G59820	29	0.435272	3.150547	4.071442
AT3G09605	0	0.0	0.0	0.0
AT3G11745	8	0.679532	5.973805	7.719928
AT3G31430	0	0.0	0.0	0.0
AT2G27229	1	0.077495	0.541026	0.699167
AT3G62770	35	1.540720	11.703058	15.123821
AT1G15700	0	0.000000	0.000000	0.000000
AT3G08535	0	0.0	0.0	0.0
ATCG00050	186	61.987499	432.761749	559.256531
AT2G16850	27	1.430696	9.988313	12.907862
AT5G62540	43	3.566972	27.003830	34.896957
AT3G03965	1	0.139936	0.976954	1.262515
AT2G03445	0	0.0	0.0	0.0
AT4G09295	0	0.0	0.0	0.0
AT3G60790	0	0.0	0.0	0.0
AT3G24820	0	0.000000	0.000000	0.000000
AT4G13020	76	2.342701	19.094780	24.676117
AT1G64080	14	0.630435	4.442001	5.740383
AT5G65060	28	1.443005	10.624753	13.730333
AT1G78210	104	3.570401	29.263763	37.817463
AT5G09295	0	0.0	0.0	0.0
AT2G29050	18	0.764674	5.718048	7.389413
AT5G13020	68	2.016949	17.652414	22.812153
AT1G79060	27	1.039725	7.258773	9.380487
AT3G05725	0	0.0	0.0	0.0
AT1G53470	0	0.000000	0.000000	0.000000
AT3G62130	36	1.299679	9.519222	12.301659
AT3G09395	0	0.0	0.0	0.0
AT5G04700	0	0.0	0.0	0.0
AT3G10990	0	0.0	0.0	0.0
AT2G32270	0	0.0	0.0	0.0
AT1G23970	7	0.411721	2.874404	3.714582
AT1G15757	0	0.0	0.0	0.0
AT1G19620	0	0.000000	0.000000	0.000000
AT1G20610	15	0.582297	4.065269	5.253533
AT2G18050	3	0.228542	1.605514	2.074800
AT1G22985	2	0.169591	1.183989	1.530064
AT1G67370	0	0.000000	0.000000	0.000000
AT1G34550	59	1.361972	11.311084	14.617276
AT2G14365	0	0.0	0.0	0.0
AT1G70220	0	0.000000	0.000000	0.000000
AT4G04700	0	0.000000	0.000000	0.000000
AT1G19100	22	0.665153	4.643723	6.001067
AT4G06643	0	0.0	0.0	0.0
AT3G01324	0	0.0	0.0	0.0
AT2G26900	406	17.010492	118.757660	153.470108
AT4G08300	17	0.860053	6.004405	7.759472
AT1G07017	0	0.0	0.0	0.0
AT1G05093	0	0.000000	0.000000	0.000000
AT4G15955	0	0.000000	0.000000	0.000000
AT1G05580	0	0.0	0.0	0.0
AT5G04560	60	0.657210	4.738510	6.123560
AT5G04410	85	2.818533	20.529205	26.529821
AT3G15890	10	0.412470	2.879633	3.721340
AT5G08300	161	8.502975	59.362976	76.714569
AT3G08200	0	0.0	0.0	0.0
AT3G09455	31	4.296684	29.997023	38.765049
AT1G30545	5	0.225075	1.656388	2.140544
AT5G44063	17	0.494925	3.455287	4.465256
AT1G28100	5	0.140688	1.630417	2.106982
AT1G44130	0	0.000000	0.000000	0.000000
AT1G66270	0	0.0	0.0	0.0
AT5G55200	22	1.338961	9.347870	12.080220
AT4G14840	0	0.000000	0.000000	0.000000
AT1G33890	0	0.0	0.0	0.0
AT3G02090	465	17.951254	125.567940	162.271027
AT2G01370	0	0.000000	0.000000	0.000000
AT1G11820	80	3.047323	21.892107	28.291096
AT1G15410	0	0.000000	0.000000	0.000000
AT5G14580	23	0.530211	3.701634	4.783609
AT3G55690	14	0.682353	4.763804	6.156247
AT1G63520	2	0.069353	0.494851	0.639494
AT4G02430	50	1.043842	7.480392	9.666885
AT4G08690	11	0.560574	4.373339	5.651651
AT4G14580	4	0.178182	1.243966	1.607573
AT5G65615	0	0.0	0.0	0.0
AT1G12040	0	0.0	0.0	0.0
ATCG00230	0	0.0	0.0	0.0
AT3G09125	0	0.0	0.0	0.0
AT5G02430	0	0.000000	0.000000	0.000000
AT5G08690	1127	33.235855	285.645111	369.138184
AT1G60800	115	2.858393	21.698929	28.041454
AT3G01805	0	0.0	0.0	0.0
AT3G57970	0	0.000000	0.000000	0.000000
AT3G45860	36	1.105304	7.716609	9.972147
AT2G18230	0	0.000000	0.000000	0.000000
AT1G51620	0	0.000000	0.000000	0.000000
AT1G20065	0	0.000000	0.000000	0.000000
AT3G27470	15	0.421402	3.157543	4.080482
AT1G44770	55	2.171243	23.683514	30.606127
AT1G05840	38	1.468143	11.018590	14.239286
AT5G54640	47	4.345751	30.339582	39.207737
AT5G48680	28	2.036078	14.214747	18.369669
AT2G15490	0	0.000000	0.000000	0.000000
AT2G07595	0	0.000000	0.000000	0.000000
AT3G22104	32	0.841838	8.712804	11.259526
AT2G02180	63	2.957346	21.795700	28.166510
AT2G40730	94	2.591783	18.094368	23.383287
AT1G71280	0	0.000000	0.000000	0.000000
AT3G56800	422	17.612999	228.402542	295.163818
AT1G65032	7	0.726792	5.074052	6.557179
AT4G26483	0	0.0	0.0	0.0
AT1G65780	0	0.0	0.0	0.0
AT5G64760	24	1.047802	7.441924	9.617173
AT3G16390	0	0.000000	0.000000	0.000000
AT4G12800	4601	322.791229	2448.388672	3164.044434
AT5G52390	0	0.0	0.0	0.0
AT2G47585	0	0.000000	0.000000	0.000000
AT2G42190	71	3.084066	28.458097	36.776302
AT1G53140	0	0.000000	0.000000	0.000000
AT3G52290	32	1.334557	9.317124	12.040487
AT5G16290	68	2.898558	20.399467	26.362164
AT3G04025	0	0.000000	0.000000	0.000000
AT5G05000	100	1.813224	15.126761	19.548262
AT4G14960	595	24.843731	195.803864	253.036652
AT5G17450	9	0.456944	3.190125	4.122588
AT5G05555	0	0.0	0.0	0.0
ATMG00790	1	0.193333	1.349742	1.744267
AT3G11435	0	0.0	0.0	0.0
AT1G08393	0	0.0	0.0	0.0
AT4G05000	12	0.639947	6.641726	8.583080
AT5G60040	21	0.335064	2.437917	3.150512
AT1G15980	373	17.326887	120.966545	156.324661
AT4G05555	0	0.0	0.0	0.0
AT3G58000	1	0.082860	0.578482	0.747570
AT2G03260	0	0.000000	0.000000	0.000000
AT5G14960	10	0.484043	3.429477	4.431901
AT4G31570	57	0.509407	3.581658	4.628564
AT5G26140	0	0.0	0.0	0.0
AT4G08475	0	0.0	0.0	0.0
AT1G03720	0	0.0	0.0	0.0
AT5G44990	0	0.0	0.0	0.0
AT1G49030	0	0.000000	0.000000	0.000000
AT1G80250	0	0.0	0.0	0.0
AT5G46260	21	0.386942	2.701411	3.491024
AT4G26140	5	0.106608	0.825506	1.066798
AT3G50270	49	2.264757	15.811255	20.432831
AT5G52600	0	0.000000	0.000000	0.000000
AT5G08475	0	0.0	0.0	0.0
AT3G16600	0	0.0	0.0	0.0
AT5G17120	0	0.0	0.0	0.0
AT2G40170	0	0.0	0.0	0.0
AT2G39630	24	1.106955	8.642375	11.168511
AT2G09838	0	0.0	0.0	0.0
AT4G30850	8	0.267134	2.862075	3.698649
AT5G50370	38	2.363565	16.501078	21.324286
AT3G46360	0	0.0	0.0	0.0
AT1G05960	56	1.140409	8.328043	10.762301
AT1G09533	5	2.798561	19.537973	25.248857
AT5G49810	71	1.528297	10.669707	13.788426
AT5G04980	7	0.228343	1.594162	2.060130
AT3G45940	0	0.0	0.0	0.0
AT2G45510	14	0.501854	3.507040	4.532136
AT2G45460	17	0.408302	2.888115	3.732301
AT2G33810	0	0.000000	0.000000	0.000000
AT1G06340	0	0.0	0.0	0.0
AT2G38500	0	0.0	0.0	0.0
AT1G08603	0	0.0	0.0	0.0
AT1G14000	124	5.472005	38.202454	49.368896
AT2G34360	0	0.0	0.0	0.0
AT5G43630	43	0.964235	6.899544	8.916257
AT4G04980	0	0.000000	0.000000	0.000000
AT5G35950	0	0.0	0.0	0.0
AT3G28223	0	0.0	0.0	0.0
AT2G35670	0	0.000000	0.000000	0.000000
AT2G26780	45	0.603929	4.246235	5.487395
AT1G26761	48	2.350216	16.407881	21.203850
AT4G27530	0	0.000000	0.000000	0.000000
AT3G21000	0	0.0	0.0	0.0
AT1G08123	0	0.000000	0.000000	0.000000
AT2G38760	12	0.683761	4.773633	6.168950
AT1G61097	0	0.0	0.0	0.0
AT4G35950	56	2.787352	19.459719	25.147728
AT5G27530	0	0.0	0.0	0.0
AT2G42320	57	1.691220	12.537144	16.201708
AT1G50680	0	0.0	0.0	0.0
AT5G47360	2	0.108147	0.755021	0.975711
AT2G24150	106	3.903316	41.622383	53.788464
AT1G74160	25	0.392254	2.987077	3.860189
AT5G41610	0	0.000000	0.000000	0.000000
AT2G31830	0	0.000000	0.000000	0.000000
AT1G69180	0	0.000000	0.000000	0.000000
AT1G10540	0	0.0	0.0	0.0
AT5G52120	0	0.000000	0.000000	0.000000
AT1G56790	0	0.0	0.0	0.0
AT5G17600	6	0.220936	1.542450	1.993304
AT3G59435	0	0.0	0.0	0.0
AT2G37990	117	7.600774	53.064312	68.574829
AT3G16120	0	0.000000	0.000000	0.000000
AT3G27140	0	0.0	0.0	0.0
AT2G20690	81	5.354063	37.379047	48.304813
AT3G02570	68	3.453695	24.628431	31.827238
AT3G03585	0	0.000000	0.000000	0.000000
AT4G17600	323	15.040163	111.353897	143.902267
AT1G07240	22	0.924737	6.455992	8.343057
AT1G77920	12	0.501572	3.501693	4.525226
AT5G02740	62	2.760405	25.176260	32.535191
AT2G15350	0	0.0	0.0	0.0
AT1G48405	0	0.000000	0.000000	0.000000
AT1G10880	0	0.0	0.0	0.0
AT1G04793	0	0.0	0.0	0.0
AT5G23790	0	0.0	0.0	0.0
AT5G22950	31	1.841705	15.863916	20.500885
AT1G80030	176	2.142505	16.314869	21.083649
AT2G22670	347	13.406219	118.150848	152.685928
AT1G49250	0	0.000000	0.000000	0.000000
AT4G02740	13	0.548549	3.831796	4.951817
AT2G24420	153	6.070896	42.702229	55.183949
AT1G30210	147	3.838593	47.460289	61.332767
AT5G52450	31	1.348213	9.412462	12.163693
AT2G08905	1	0.762887	5.326046	6.882832
AT3G16450	11	0.536406	3.964702	5.123570
AT3G03845	0	0.0	0.0	0.0
AT4G23790	29	1.276249	8.910051	11.514427
AT5G41750	6	0.086788	0.643297	0.831331
AT4G22950	0	0.000000	0.000000	0.000000
AT5G17390	0	0.0	0.0	0.0
AT5G64500	107	4.020804	28.946915	37.408001
AT2G17036	0	0.000000	0.000000	0.000000
AT2G20300	29	0.683781	4.773774	6.169131
AT5G01975	0	0.0	0.0	0.0
AT1G08453	0	0.0	0.0	0.0
AT4G17390	695	53.771992	375.405701	485.135498
AT5G57800	70	2.144071	14.968694	19.343992
ATMG00600	0	0.0	0.0	0.0
AT1G06740	0	0.000000	0.000000	0.000000
AT5G23120	563	25.099833	175.232880	226.452835
AT2G19150	0	0.0	0.0	0.0
AT1G04123	0	0.000000	0.000000	0.000000
AT3G50880	31	1.715505	11.976688	15.477433
AT4G11510	0	0.0	0.0	0.0
AT4G11460	12	0.320863	2.870983	3.710161
AT1G57290	0	0.0	0.0	0.0
AT5G47500	103	5.633425	39.329399	50.825241
AT5G50770	0	0.0	0.0	0.0
AT4G23120	0	0.0	0.0	0.0
AT3G46760	0	0.0	0.0	0.0
AT5G11510	19	0.391808	2.862661	3.699407
AT5G11460	14	0.624630	4.360814	5.635465
AT2G05085	0	0.0	0.0	0.0
AT1G56450	136	8.037778	56.115231	72.517517
AT2G28150	31	0.959281	6.952505	8.984698
AT1G78160	0	0.0	0.0	0.0
AT2G30040	9	0.408495	2.851882	3.685477
AT1G09421	0	0.000000	0.000000	0.000000
AT5G02105	0	0.000000	0.000000	0.000000
AT4G14746	29	1.733180	12.100085	15.636898
AT1G03320	0	0.0	0.0	0.0
AT1G23915	0	0.0	0.0	0.0
AT2G27280	0	0.0	0.0	0.0
ATMG00390	0	0.0	0.0	0.0
AT5G50130	28	0.737001	9.043758	11.687219
AT1G08793	1	0.010103	0.070533	0.091150
AT5G01480	2	0.070977	0.495521	0.640361
AT1G48315	0	0.000000	0.000000	0.000000
AT1G63030	0	0.0	0.0	0.0
AT2G28420	0	0.0	0.0	0.0
AT2G04905	0	0.0	0.0	0.0
AT4G26415	0	0.000000	0.000000	0.000000
AT1G71870	5	0.177616	1.240015	1.602467
AT3G12915	15	0.242143	2.714641	3.508121
AT3G10680	0	0.000000	0.000000	0.000000
AT4G01480	24	1.283322	11.975320	15.475664
AT5G09045	0	0.0	0.0	0.0
AT1G65380	18	0.540958	3.776664	4.880569
AT5G07825	1	0.302905	2.114712	2.732835
AT5G64360	9	0.257480	1.923455	2.485675
AT1G07963	0	0.000000	0.000000	0.000000
AT5G63810	55	1.571378	10.970475	14.177107
AT5G53950	0	0.0	0.0	0.0
AT5G52790	0	0.000000	0.000000	0.000000
AT1G56120	24	0.462410	3.645545	4.711125
AT5G41490	0	0.0	0.0	0.0
AT4G23450	0	0.000000	0.000000	0.000000
AT3G50540	0	0.0	0.0	0.0
AT2G25215	0	0.0	0.0	0.0
AT4G31240	16	0.305101	2.390248	3.088909
AT4G09045	0	0.0	0.0	0.0
AT2G40330	16	0.780336	5.447865	7.040258
AT4G07825	54	2.670226	18.642012	24.091007
AT1G75630	109	7.583116	58.265564	75.296387
AT2G19420	0	0.0	0.0	0.0
AT1G34220	57	1.893888	13.735479	17.750313
AT1G04453	0	0.0	0.0	0.0
AT2G20410	16	0.731276	5.105356	6.597635
AT2G20560	0	0.000000	0.000000	0.000000
AT1G70550	24	0.782519	5.463106	7.059953
AT5G23450	77	1.626467	12.357386	15.969407
AT2G20700	0	0.000000	0.000000	0.000000
AT4G29960	31	1.872117	13.130761	16.968838
ATMG00450	0	0.0	0.0	0.0
AT3G23290	35	1.899659	13.262347	17.138885
AT1G22140	52	4.762515	49.144470	63.509228
AT5G59460	21	1.701671	13.119891	16.954790
AT5G59510	0	0.0	0.0	0.0
AT1G07570	33	1.171065	9.977910	12.894419
AT1G61010	62	1.695199	12.233103	15.808796
AT1G03190	12	0.343784	2.488896	3.216392
AT3G02240	0	0.0	0.0	0.0
AT4G17790	32	1.604771	11.203606	14.478381
AT1G79670	13	0.401837	2.805399	3.625408
AT5G65670	370	12.159455	109.563362	141.588364
AT1G10270	38	0.967065	6.751502	8.724943
AT5G17790	17	0.497710	3.638606	4.702157
AT1G56600	0	0.0	0.0	0.0
AT4G02340	34	2.070069	14.452055	18.676340
AT3G41768	140	6.162057	43.020004	55.594604
AT3G08025	0	0.0	0.0	0.0
AT1G74545	1	0.030153	0.286797	0.370627
AT4G18960	0	0.0	0.0	0.0
AT5G41350	17	0.683663	4.926750	6.366823
AT4G23390	0	0.0	0.0	0.0
AT5G61830	22	0.936364	8.270969	10.688546
AT5G02340	0	0.0	0.0	0.0
AT1G04393	0	0.000000	0.000000	0.000000
AT1G05243	0	0.000000	0.000000	0.000000
AT3G27415	0	0.0	0.0	0.0
AT5G23390	27	0.735560	5.416059	6.999154
AT3G54000	0	0.0	0.0	0.0
AT5G18960	0	0.000000	0.000000	0.000000
AT5G13530	20	0.272663	1.903579	2.459989
AT4G04475	0	0.0	0.0	0.0
AT5G54148	0	0.000000	0.000000	0.000000
AT1G63250	13	0.379742	2.651144	3.426065
AT2G07665	3	0.571053	3.986770	5.152089
AT2G15610	0	0.0	0.0	0.0
AT1G35140	7	0.408619	2.852747	3.686595
AT1G16800	15	0.136128	1.022683	1.321609
AT5G48990	12	0.547387	3.821547	4.938572
AT1G53705	0	0.0	0.0	0.0
AT1G29000	0	0.0	0.0	0.0
AT4G13530	53	2.214211	15.458372	19.976801
AT5G04475	0	0.000000	0.000000	0.000000
AT3G13140	0	0.0	0.0	0.0
AT1G12290	4	0.039250	0.658161	0.850539
AT3G46500	0	0.0	0.0	0.0
AT1G25277	0	0.000000	0.000000	0.000000
AT1G76878	53	1.433649	10.008927	12.934504
AT2G42720	0	0.0	0.0	0.0
AT5G47760	68	1.207434	9.260219	11.966949
AT3G25480	105	7.038904	49.141659	63.505592
AT4G23600	224	7.743290	66.636574	86.114220
AT5G08980	0	0.000000	0.000000	0.000000
AT2G26380	0	0.0	0.0	0.0
AT3G61180	65	2.556665	18.688934	24.151644
ATMG00120	0	0.0	0.0	0.0
AT2G34500	0	0.0	0.0	0.0
AT2G21920	0	0.0	0.0	0.0
AT3G55980	32	1.065013	7.435320	9.608639
AT1G04603	0	0.0	0.0	0.0
AT1G18000	44	1.797445	12.548748	16.216703
AT4G15393	0	0.0	0.0	0.0
AT2G38360	27	1.663800	11.615713	15.010946
AT4G08980	55	1.834587	12.840228	16.593384
AT5G23600	0	0.000000	0.000000	0.000000
AT4G16040	0	0.0	0.0	0.0
AT3G55410	179	3.557524	25.815916	33.361824
AT1G72050	61	2.473522	18.659828	24.114031
AT3G55560	27	1.138859	7.950871	10.274883
AT5G15022	68	7.664067	53.506187	69.145866
AT4G08560	0	0.0	0.0	0.0
AT4G08410	0	0.0	0.0	0.0
AT2G22060	0	0.0	0.0	0.0
AT2G46930	31	1.260552	9.661379	12.485367
AT5G60290	0	0.000000	0.000000	0.000000
AT1G67770	0	0.0	0.0	0.0
AT2G14765	0	0.0	0.0	0.0
AT2G06425	0	0.0	0.0	0.0
AT5G27020	0	0.000000	0.000000	0.000000
AT1G15690	2249	58.963280	448.023132	578.978760
AT3G52040	83	12.396227	86.543457	111.839821
AT3G05325	0	0.0	0.0	0.0
AT5G16040	26	1.214463	9.381039	12.123085
AT3G25910	70	3.685206	25.728029	33.248245
AT2G25540	0	0.000000	0.000000	0.000000
AT5G08560	59	1.445096	13.443495	17.372982
AT5G08410	172	16.848522	121.050034	156.432556
AT5G43155	0	0.0	0.0	0.0
AT1G06430	60	1.635517	12.350970	15.961116
AT4G29840	198	8.098866	56.541718	73.068665
AT3G09795	0	0.000000	0.000000	0.000000
AT5G65495	14	1.681048	11.736129	15.166559
AT4G27020	22	0.889606	6.210727	8.026101
AT5G46110	2232	77.521057	543.805725	702.758240
AT1G17970	29	1.109153	7.839413	10.130846
AT3G04200	0	0.0	0.0	0.0
AT5G18840	23	0.560929	4.697815	6.070971
AT3G11620	15	0.612329	5.139524	6.641788
AT4G00420	28	1.506859	11.098563	14.342635
AT1G24100	94	4.454274	31.097227	40.186840
AT1G48130	0	0.0	0.0	0.0
AT4G18840	6	0.124189	1.043019	1.347890
AT3G60390	22	1.210781	8.452990	10.923770
AT4G01026	13	0.764227	5.958543	7.700206
AT2G32880	59	3.050261	21.295200	27.519716
AT4G05225	0	0.0	0.0	0.0
AT3G59100	23	0.270318	1.971557	2.547837
AT5G18580	75	3.124062	22.148312	28.622187
AT2G03110	0	0.0	0.0	0.0
AT2G35060	78	1.808529	12.637125	16.330914
AT3G62370	26	1.250000	9.304055	12.023598
AT4G33200	53	0.835473	5.836257	7.542175
AT4G04690	0	0.0	0.0	0.0
AT5G62165	0	0.0	0.0	0.0
AT1G67130	0	0.0	0.0	0.0
AT4G18580	0	0.000000	0.000000	0.000000
AT1G80520	1	0.063629	0.444222	0.574066
AT2G32540	46	1.448262	10.110949	13.066343
AT2G04785	0	0.0	0.0	0.0
AT1G55890	41	2.067394	14.433378	18.652205
AT5G04690	0	0.000000	0.000000	0.000000
AT4G00150	24	0.810272	5.656862	7.310343
AT3G05640	10	0.277314	2.013983	2.602664
AT1G25098	401	5.964049	173.847092	224.661987
AT5G03930	0	0.000000	0.000000	0.000000
AT3G13677	12	0.939723	9.525603	12.309905
AT1G60986	0	0.0	0.0	0.0
AT1G48770	0	0.000000	0.000000	0.000000
AT2G25880	11	0.300898	2.359425	3.049077
AT3G60600	107	4.568145	39.412369	50.932468
AT5G62270	55	2.036372	15.541828	20.084650
AT5G58640	52	3.480820	25.974028	33.566147
AT4G29580	0	0.000000	0.000000	0.000000
AT3G51820	345	14.410350	111.311302	143.847214
AT1G20350	0	0.0	0.0	0.0
AT5G44680	96	4.426249	30.901575	39.933998
AT4G03930	0	0.000000	0.000000	0.000000
AT5G65683	17	0.445873	3.112834	4.022704
AT3G60120	0	0.0	0.0	0.0
ATMG01180	2	0.318452	2.223252	2.873101
AT2G20980	13	0.637438	4.450233	5.751020
AT1G66540	0	0.000000	0.000000	0.000000
AT1G07090	11	0.743330	5.189510	6.706387
AT1G35470	20	0.748296	5.224180	6.751191
AT2G01130	169	2.160763	16.471252	21.285744
AT1G07583	0	0.0	0.0	0.0
AT1G72230	22	1.654426	11.550269	14.926373
AT5G37795	0	0.0	0.0	0.0
AT5G04145	0	0.0	0.0	0.0
AT2G37680	20	1.445908	10.094514	13.045106
AT1G30160	4	0.172556	1.330012	1.718770
AT3G13470	265	8.679695	66.562195	86.018097
AT3G05195	0	0.000000	0.000000	0.000000
AT4G01910	1	0.031698	0.221298	0.285982
AT1G50990	0	0.0	0.0	0.0
AT2G08385	0	0.000000	0.000000	0.000000
AT3G19553	54	1.951242	14.867094	19.212694
AT3G59620	0	0.0	0.0	0.0
AT5G01910	14	0.903654	6.308802	8.152843
AT3G04535	0	0.0	0.0	0.0
AT1G20490	7	0.232369	1.622269	2.096453
AT1G22470	2	0.173913	1.214162	1.569058
AT1G49520	0	0.000000	0.000000	0.000000
AT2G01770	0	0.000000	0.000000	0.000000
AT3G28820	0	0.0	0.0	0.0
AT2G35615	0	0.0	0.0	0.0
AT5G42232	0	0.0	0.0	0.0
AT1G68080	9	0.348453	2.447063	3.162331
AT1G74210	17	0.930840	6.498600	8.398118
AT4G21640	0	0.000000	0.000000	0.000000
AT3G47110	0	0.000000	0.000000	0.000000
AT1G06637	0	0.000000	0.000000	0.000000
AT1G52970	0	0.0	0.0	0.0
AT1G24620	0	0.0	0.0	0.0
AT3G11100	20	0.973668	6.797600	8.784516
AT3G19820	417	10.769978	109.991486	142.141617
AT2G35738	12	0.286647	4.741100	6.126907
AT3G20810	10	0.301392	2.285736	2.953849
AT1G66880	49	0.619662	6.664786	8.612880
AT3G17040	124	3.181877	22.652359	29.273563
AT5G41675	0	0.0	0.0	0.0
AT1G51745	18	0.500179	3.496987	4.519145
AT3G23167	0	0.0	0.0	0.0
AT1G07843	0	0.0	0.0	0.0
AT3G60450	28	2.010082	14.033258	18.135132
AT3G02465	0	0.000000	0.000000	0.000000
AT1G09023	24	0.377489	2.990554	3.864682
AT2G14050	5	0.137604	0.960674	1.241475
AT3G26020	42	1.135687	9.129568	11.798109
AT3G55700	0	0.000000	0.000000	0.000000
AT1G45015	0	0.0	0.0	0.0
AT4G08700	34	1.781524	12.437595	16.073061
AT2G41200	10	0.755747	5.276199	6.818414
AT3G51100	36	1.908654	16.464802	21.277407
AT2G17210	1	0.033921	0.236817	0.306038
AT4G03550	57	0.754014	5.264101	6.802779
AT1G12970	11	0.427359	2.983579	3.855669
AT1G33700	53	1.015298	8.063286	10.420156
AT3G20750	0	0.0	0.0	0.0
AT2G37880	3	0.155919	1.088539	1.406715
AT5G03550	0	0.0	0.0	0.0
AT5G03005	0	0.0	0.0	0.0
AT5G22020	30	1.259419	10.146930	13.112844
AT3G15700	0	0.0	0.0	0.0
AT5G48270	0	0.0	0.0	0.0
AT1G62770	0	0.0	0.0	0.0
AT2G27060	23	0.477627	3.334522	4.309192
AT1G31430	5	0.200329	1.407855	1.819367
AT5G06465	0	0.0	0.0	0.0
AT5G06515	0	0.000000	0.000000	0.000000
AT1G64110	1	0.000407	0.003058	0.003952
AT2G05170	34	0.702338	5.190488	6.707650
AT2G08520	0	0.000000	0.000000	0.000000
AT3G28345	5	0.083409	0.590252	0.762781
AT4G21580	47	2.656294	18.544746	23.965311
AT3G59820	87	2.267320	16.374985	21.161337
AT3G57040	69	2.747612	23.479105	30.341969
AT2G31425	0	0.0	0.0	0.0
AT5G40000	0	0.0	0.0	0.0
AT3G28620	0	0.0	0.0	0.0
AT2G43465	6	0.266218	1.946745	2.515772
AT4G40000	10	0.268174	4.673813	6.039952
AT1G60790	23	0.840445	6.253265	8.081073
AT4G21840	0	0.000000	0.000000	0.000000
AT5G67270	21	1.240535	8.660716	11.192213
AT3G01795	1	0.026626	0.185888	0.240222
AT1G06837	0	0.0	0.0	0.0
AT3G20610	0	0.0	0.0	0.0
AT1G08037	0	0.000000	0.000000	0.000000
AT3G19620	0	0.000000	0.000000	0.000000
AT3G23970	0	0.0	0.0	0.0
AT1G66680	32	1.472534	11.353372	14.671923
AT2G46550	94	4.281464	30.254234	39.097443
AT1G10990	3	0.233930	1.633167	2.110537
AT2G37540	43	2.452616	17.764563	22.957085
AT1G62130	10	0.204417	1.497497	1.935210
AT3G53470	93	9.388325	67.268295	86.930580
AT4G18195	0	0.000000	0.000000	0.000000
AT1G76330	0	0.0	0.0	0.0
AT4G35020	47	2.493005	19.423443	25.100849
AT2G32487	14	0.812870	10.510406	13.582561
AT5G36910	71	6.219890	43.423763	56.116379
AT1G42080	0	0.0	0.0	0.0
AT1G15890	0	0.0	0.0	0.0
AT3G05580	34	0.620058	5.351703	6.915988
AT2G09770	0	0.000000	0.000000	0.000000
AT4G29640	0	0.0	0.0	0.0
AT5G66370	0	0.0	0.0	0.0
AT4G36910	15	0.661521	5.930632	7.664135
AT1G55300	30	2.007699	15.213959	19.660946
AT5G44540	4	0.691108	4.824926	6.235236
AT5G58580	5	0.234496	1.637119	2.115643
AT3G19100	31	0.924434	6.730104	8.697290
AT2G07662	15	1.011238	8.519565	11.009805
AT3G11820	120	3.134876	23.482269	30.346056
AT2G36130	85	4.214420	41.110764	53.127300
AT1G02090	37	1.533823	11.244880	14.531720
AT1G23040	7	0.314883	2.626374	3.394054
AT3G45590	0	0.000000	0.000000	0.000000
AT5G18640	28	1.084403	7.853668	10.149269
AT3G44130	0	0.0	0.0	0.0
AT3G28100	0	0.000000	0.000000	0.000000
AT2G32680	12	0.335910	2.345134	3.030609
AT1G77230	3	0.062300	0.449109	0.580382
AT1G03106	0	0.0	0.0	0.0
AT5G24575	0	0.000000	0.000000	0.000000
AT1G08200	395	17.077465	119.225227	154.074356
AT4G18640	0	0.000000	0.000000	0.000000
AT4G04890	144	3.186299	24.791782	32.038338
AT5G56040	18	0.363589	2.587097	3.343296
AT3G12040	0	0.000000	0.000000	0.000000
AT3G04955	0	0.0	0.0	0.0
AT2G09130	0	0.0	0.0	0.0
AT1G77765	2	0.090598	0.678274	0.876532
AT3G63520	291	10.008107	73.780930	95.346840
AT5G04890	11	0.663396	4.631457	5.985216
AT1G61688	0	0.0	0.0	0.0
AT1G55690	60	1.362723	10.607398	13.707904
AT3G07465	0	0.0	0.0	0.0
AT3G15410	73	1.534501	11.180337	14.448311
AT3G07515	0	0.000000	0.000000	0.000000
AT2G07945	0	0.000000	0.000000	0.000000
AT3G05840	125	5.123971	35.772675	46.228905
AT3G44770	0	0.000000	0.000000	0.000000
AT1G27470	65	1.820585	12.710297	16.425474
AT1G07187	26	2.930199	20.456995	26.436506
AT3G51620	41	0.966957	6.769773	8.748554
AT1G08257	0	0.0	0.0	0.0
AT1G78995	58	4.117967	30.996212	40.056301
AT1G33410	42	0.691952	4.833869	6.246793
AT5G09910	0	0.000000	0.000000	0.000000
AT1G33560	11	0.282690	1.973582	2.550453
AT2G36770	0	0.0	0.0	0.0
AT5G58840	0	0.000000	0.000000	0.000000
AT3G60800	35	1.685905	11.770038	15.210379
AT2G25680	6	0.275625	1.924258	2.486712
AT3G43291	0	0.0	0.0	0.0
AT1G16390	23	0.894710	6.246360	8.072150
AT1G32975	0	0.0	0.0	0.0
AT4G07105	0	0.0	0.0	0.0
AT1G33980	25	0.811275	6.036191	7.800549
AT5G09480	4	0.348810	2.435194	3.146994
AT2G22280	0	0.0	0.0	0.0
AT5G65870	20	1.396552	9.749938	12.599812
AT1G56800	0	0.0	0.0	0.0
AT3G06625	0	0.0	0.0	0.0
AT5G07105	6	2.886667	20.153080	26.043756
AT1G79870	51	3.123400	21.805817	28.179583
AT5G53530	56	2.895387	20.213957	26.122429
AT5G39240	8	0.957377	6.683866	8.637537
AT5G01045	0	0.0	0.0	0.0
AT3G15980	79	1.635952	12.664380	16.366135
AT5G62162	0	0.0	0.0	0.0
AT1G73150	18	0.586655	4.539560	5.866458
AT2G04030	471	13.401853	93.564178	120.912666
AT5G49490	0	0.0	0.0	0.0
AT2G23160	0	0.0	0.0	0.0
AT1G31740	0	0.0	0.0	0.0
AT2G33490	29	0.732324	5.365533	6.933861
AT4G39240	37	1.902052	13.642521	17.630184
AT5G61630	0	0.0	0.0	0.0
AT5G42500	0	0.0	0.0	0.0
AT4G34720	339	19.913235	139.022964	179.658905
AT3G53140	0	0.000000	0.000000	0.000000
AT1G52290	59	1.382509	12.244245	15.823195
AT2G43240	23	0.954640	6.664758	8.612844
AT1G09377	0	0.000000	0.000000	0.000000
AT2G07865	0	0.000000	0.000000	0.000000
AT5G57790	0	0.000000	0.000000	0.000000
AT4G06240	0	0.000000	0.000000	0.000000
AT1G50270	20	0.700144	4.888011	6.316759
AT5G02825	0	0.0	0.0	0.0
AT3G49030	0	0.0	0.0	0.0
AT4G20520	0	0.0	0.0	0.0
AT4G19510	46	0.744577	5.253600	6.789209
AT4G19460	2	0.079467	0.554794	0.716958
AT1G55475	1	0.001344	0.012553	0.016222
AT4G14811	0	0.0	0.0	0.0
AT3G03720	48	1.574618	10.993094	14.206338
AT5G06240	15	1.148874	8.020790	10.365239
AT5G19510	0	0.000000	0.000000	0.000000
AT5G19460	22	0.711872	5.971431	7.716860
AT5G20520	65	3.002929	20.964756	27.092682
AT2G35280	0	0.0	0.0	0.0
AT4G28510	33	1.951039	13.621053	17.602440
AT2G02010	12	0.392270	2.809756	3.631037
AT4G28460	2	0.220896	1.542171	1.992943
AT5G58960	35	1.166074	10.418347	13.463595
AT3G14000	29	1.082696	7.661315	9.900692
AT4G23800	311	15.258739	106.634720	137.803680
AT1G27695	19	0.680731	5.074492	6.557748
AT5G15025	0	0.000000	0.000000	0.000000
AT4G36480	27	0.756401	5.890328	7.612051
AT3G06340	35	0.894029	6.442399	8.325490
AT5G38190	0	0.0	0.0	0.0
AT5G28510	0	0.0	0.0	0.0
AT5G28460	9	0.261092	1.822797	2.355594
AT1G04527	0	0.0	0.0	0.0
AT2G05440	5	0.466752	3.305089	4.271154
AT1G04803	0	0.000000	0.000000	0.000000
AT3G05960	0	0.0	0.0	0.0
AT5G23800	9	0.314026	2.324783	3.004309
AT4G15025	0	0.000000	0.000000	0.000000
AT5G36480	0	0.0	0.0	0.0
AT4G38190	0	0.0	0.0	0.0
AT4G21192	29	2.206256	19.820253	25.613647
AT1G26530	0	0.000000	0.000000	0.000000
AT1G35895	0	0.0	0.0	0.0
AT4G10130	12	0.519787	5.775309	7.463412
ATMG00800	0	0.0	0.0	0.0
AT3G22415	0	0.0	0.0	0.0
AT5G10130	0	0.0	0.0	0.0
AT3G22565	0	0.000000	0.000000	0.000000
AT4G16915	0	0.000000	0.000000	0.000000
AT1G21000	52	2.441072	19.786367	25.569853
AT5G62990	0	0.000000	0.000000	0.000000
AT5G63750	0	0.0	0.0	0.0
AT2G18920	0	0.000000	0.000000	0.000000
AT5G07340	596	19.241419	139.984085	180.900970
AT4G13950	17	1.746011	12.189664	15.752661
AT4G12790	75	3.434158	27.357698	35.354259
AT1G02570	0	0.0	0.0	0.0
AT2G35612	0	0.0	0.0	0.0
AT5G42235	0	0.0	0.0	0.0
AT3G45070	2	0.120562	0.932559	1.205143
ATCG00920	294	15.721664	109.759789	141.842194
AT1G27140	0	0.000000	0.000000	0.000000
AT1G16120	0	0.0	0.0	0.0
AT2G09315	0	0.0	0.0	0.0
AT1G20875	0	0.000000	0.000000	0.000000
AT5G13950	73	1.605548	11.350718	14.668494
AT3G56790	6	0.657670	4.591481	5.933555
AT3G10540	38	1.375229	9.601073	12.407434
AT2G29920	0	0.0	0.0	0.0
AT3G53305	0	0.0	0.0	0.0
AT1G47260	219	6.234414	43.525162	56.247417
AT4G21960	2477	108.307274	756.140259	977.157471
AT5G42760	17	0.849012	6.808233	8.798257
AT1G16450	0	0.000000	0.000000	0.000000
AT5G51460	35	1.093859	10.091225	13.040856
AT1G68260	15	1.317621	9.198886	11.887690
AT5G51510	0	0.000000	0.000000	0.000000
AT2G47720	0	0.000000	0.000000	0.000000
AT3G30210	0	0.0	0.0	0.0
AT4G38320	24	1.288875	8.998199	11.628341
AT1G69010	17	0.738323	5.154554	6.661213
AT5G10770	1	0.001619	0.015729	0.020327
AT1G17290	348	11.701430	81.692787	105.571304
AT3G49250	48	0.845559	6.467546	8.357987
AT5G21960	0	0.0	0.0	0.0
AT3G10880	9	0.351872	3.012315	3.892804
AT5G38320	6	0.496036	3.463043	4.475279
AT4G10770	54	1.533429	10.865669	14.041667
AT1G05337	1	0.003492	0.024379	0.031505
AT5G63610	27	1.064968	7.435006	9.608232
AT4G30310	74	2.627451	18.343380	23.705088
AT5G60970	30	1.395709	9.744053	12.592206
AT5G07625	0	0.000000	0.000000	0.000000
AT3G06105	0	0.000000	0.000000	0.000000
AT5G49350	0	0.0	0.0	0.0
AT2G33350	0	0.0	0.0	0.0
AT1G75830	0	0.0	0.0	0.0
AT1G11608	0	0.0	0.0	0.0
AT4G07625	4	2.711340	18.929047	24.461941
AT3G56450	51	1.602432	13.078596	16.901424
AT4G19095	0	0.000000	0.000000	0.000000
AT5G12450	2	0.612500	4.276130	5.526027
AT4G39570	11	0.523564	3.655228	4.723639
AT4G03220	0	0.000000	0.000000	0.000000
AT3G57290	228	9.865834	68.877693	89.010399
AT2G43570	11	0.771730	5.387783	6.962614
AT5G34871	0	0.0	0.0	0.0
AT2G47190	0	0.0	0.0	0.0
AT1G64618	0	0.0	0.0	0.0
AT1G76440	11	0.584053	6.997354	9.042656
AT1G50880	0	0.0	0.0	0.0
AT4G12450	1	0.060631	0.423291	0.547018
AT1G09137	0	0.0	0.0	0.0
AT5G19095	0	0.0	0.0	0.0
AT3G26950	21	0.707851	5.205317	6.726813
AT5G39570	279	11.576843	84.234352	108.855759
AT3G06740	40	3.152305	22.007614	28.440365
AT2G14920	0	0.0	0.0	0.0
AT5G03220	31	2.513874	19.536823	25.247368
AT1G09953	0	0.0	0.0	0.0
AT5G45150	0	0.0	0.0	0.0
AT5G17800	0	0.000000	0.000000	0.000000
AT3G03320	10	0.484098	3.379699	4.367574
AT5G63490	26	0.972362	6.869726	8.877723
AT5G41810	22	1.184821	8.300920	10.727251
AT2G07180	73	2.830889	20.453455	26.431932
AT2G08250	0	0.0	0.0	0.0
AT4G17800	0	0.0	0.0	0.0
AT5G57390	5	0.147791	1.064718	1.375931
AT2G20890	950	56.989994	397.871979	514.168640
AT2G09405	0	0.0	0.0	0.0
AT1G31340	119	9.005698	62.872704	81.250175
AT1G10680	0	0.000000	0.000000	0.000000
AT2G22870	37	1.596625	11.700887	15.121016
AT5G65280	0	0.000000	0.000000	0.000000
AT1G64260	2	0.040309	0.312322	0.403612
AT4G05935	1	0.039604	0.276493	0.357311
AT1G79280	67	0.783935	5.576582	7.206598
AT1G43665	0	0.0	0.0	0.0
AT4G34320	0	0.000000	0.000000	0.000000
AT3G63030	22	1.931114	13.481948	17.422676
AT1G09777	0	0.000000	0.000000	0.000000
AT5G45420	42	1.617387	16.247259	20.996279
AT3G03645	0	0.0	0.0	0.0
AT5G05935	0	0.0	0.0	0.0
AT3G44405	0	0.0	0.0	0.0
AT5G06570	0	0.000000	0.000000	0.000000
AT4G12120	0	0.000000	0.000000	0.000000
AT3G05746	0	0.0	0.0	0.0
AT4G30400	32	1.282183	8.951479	11.567965
AT2G46220	180	10.507692	73.358780	94.801292
AT3G56120	46	2.160355	15.082380	19.490908
AT1G16790	5	0.416325	2.906546	3.756120
AT5G12120	0	0.000000	0.000000	0.000000
AT2G17160	0	0.0	0.0	0.0
AT3G56600	0	0.0	0.0	0.0
AT5G57120	148	7.983629	59.517139	76.913795
AT2G33750	0	0.000000	0.000000	0.000000
AT3G10270	83	2.389634	16.683075	21.559483
AT2G32990	25	0.912563	6.813086	8.804527
AT4G12600	288	23.252525	194.803223	251.743515
AT3G03190	0	0.000000	0.000000	0.000000
AT3G61010	49	1.056143	7.718829	9.975017
AT4G30710	48	1.097174	8.767119	11.329719
AT3G07570	11	0.549353	3.998596	5.167372
AT3G16857	18	0.398794	3.674239	4.748206
AT1G23290	666	65.336197	456.140472	589.468750
AT5G49750	0	0.0	0.0	0.0
AT1G54000	13	0.594783	4.152440	5.366183
AT1G27565	6	0.925243	6.459525	8.347622
AT5G38720	61	3.041327	25.006510	32.315830
ATCG01300	25	6.888298	48.090210	62.146812
AT4G22530	42	1.748675	12.208261	15.776695
AT4G09975	1	0.000694	0.004845	0.006261
AT2G08030	0	0.0	0.0	0.0
AT5G00835	0	0.0	0.0	0.0
AT1G05737	0	0.0	0.0	0.0
AT4G10370	0	0.0	0.0	0.0
AT5G42360	17	0.581601	4.060410	5.247254
AT3G43180	0	0.0	0.0	0.0
AT1G67855	0	0.0	0.0	0.0
AT5G09975	0	0.0	0.0	0.0
AT5G22530	1	0.091940	0.641873	0.829491
AT2G47320	71	6.246327	43.608330	56.354897
AT1G33475	5	0.323263	2.256840	2.916507
AT2G09655	0	0.0	0.0	0.0
AT5G44283	0	0.0	0.0	0.0
AT5G10370	11	0.143212	0.999825	1.292071
AT1G32480	0	0.0	0.0	0.0
AT5G12390	0	0.000000	0.000000	0.000000
AT2G09715	0	0.0	0.0	0.0
AT4G16983	184	18.314911	128.216309	165.693512
AT3G56390	0	0.0	0.0	0.0
AT1G06003	0	0.000000	0.000000	0.000000
AT3G29000	6	0.499430	3.486738	4.505900
AT1G43010	0	0.0	0.0	0.0
AT2G25990	0	0.0	0.0	0.0
AT3G16800	11	0.424881	3.213611	4.152938
AT4G12390	19	0.794165	5.544412	7.165025
AT5G52800	0	0.000000	0.000000	0.000000
AT3G63250	25	0.813580	7.125609	9.208401
AT5G33393	0	0.0	0.0	0.0
AT5G27950	70	1.279751	10.396132	13.434887
AT4G24510	48	2.355063	16.441721	21.247580
AT4G24460	45	1.800708	13.633522	17.618553
AT2G27670	0	0.0	0.0	0.0
AT5G54960	99	3.439912	24.015526	31.035181
AT3G18000	223	9.317991	65.052956	84.067711
AT5G49610	11	0.545207	3.806328	4.918904
AT4G35530	19	1.030899	7.608571	9.832530
AT1G55980	0	0.000000	0.000000	0.000000
AT3G33293	0	0.0	0.0	0.0
AT5G63350	2	0.106705	0.744954	0.962702
AT1G61180	34	0.787200	5.495786	7.102186
AT2G39830	0	0.000000	0.000000	0.000000
AT1G72920	7	0.420707	2.937139	3.795655
AT5G07740	26	0.324893	2.308775	2.983622
AT4G30650	409	39.004780	272.309357	351.904449
AT5G53486	46	3.440678	31.300821	40.449944
AT5G24510	0	0.000000	0.000000	0.000000
AT5G24460	85	5.230999	36.519882	47.194519
AT1G25480	6	0.214040	1.494306	1.931087
AT1G08803	0	0.000000	0.000000	0.000000
AT4G27950	8	0.398212	2.780092	3.592703
AT1G05177	0	0.0	0.0	0.0
AT5G35530	382	26.068260	181.993881	235.190063
AT5G57450	2	0.076440	0.533661	0.689648
AT5G43830	179	11.764221	82.131149	106.137810
AT2G33610	30	1.358721	9.485824	12.258497
AT4G34190	0	0.000000	0.000000	0.000000
AT4G07740	0	0.0	0.0	0.0
AT5G56290	70	2.076493	14.496902	18.734297
AT2G30970	155	6.719525	46.911930	60.624130
AT3G12290	123	8.018332	55.979465	72.342072
AT1G13140	3	0.103395	0.722593	0.933804
AT1G09795	151	7.958443	55.561359	71.801750
AT4G39090	373	17.728733	123.772011	159.950150
AT3G06430	53	2.386697	16.662571	21.532984
AT2G43090	269	19.259426	134.458450	173.760193
AT1G76730	80	3.346457	26.448164	34.178871
AT1G52040	39	1.749893	12.216765	15.787684
AT1G34930	0	0.0	0.0	0.0
AT3G15690	97	4.198360	32.118786	41.506996
AT5G39090	0	0.0	0.0	0.0
AT5G48540	27	2.220481	15.502146	20.033369
AT5G01295	0	0.000000	0.000000	0.000000
AT2G21050	22	0.839561	6.250647	8.077690
AT3G15357	1	0.104520	0.729700	0.942988
AT2G34925	11	1.187838	8.292814	10.716776
AT5G54580	121	9.680000	67.580299	87.333786
AT3G46666	0	0.000000	0.000000	0.000000
AT2G05330	0	0.0	0.0	0.0
AT1G55560	0	0.0	0.0	0.0
AT1G71060	1	0.015397	0.107493	0.138913
AT2G20142	6	0.123085	0.886977	1.146238
AT1G58225	0	0.000000	0.000000	0.000000
AT1G60390	4	0.135383	0.945168	1.221437
AT3G01395	0	0.0	0.0	0.0
AT5G14640	36	1.449541	10.483212	13.547420
AT3G24100	39	2.949704	28.286787	36.554920
AT1G11620	0	0.0	0.0	0.0
AT4G16563	8	0.288604	2.014870	2.603810
AT1G04200	55	1.388459	10.889441	14.072388
AT4G14640	0	0.0	0.0	0.0
AT3G17970	62	1.428070	15.626638	20.194252
AT5G46080	3	0.146293	1.021335	1.319868
AT2G37270	523	33.210484	247.379486	319.687683
AT3G55890	0	0.000000	0.000000	0.000000
AT1G32910	0	0.0	0.0	0.0
AT2G16400	53	1.855620	13.112163	16.944803
AT4G20250	0	0.000000	0.000000	0.000000
AT1G76170	14	0.621820	4.383322	5.664553
AT3G15300	5	0.331814	2.316538	2.993654
AT1G62370	1	0.055891	0.390199	0.504253
AT5G08890	0	0.000000	0.000000	0.000000
AT2G23210	47	1.835750	12.816171	16.562294
AT5G20250	94	2.387820	17.273893	22.322994
AT3G14225	0	0.000000	0.000000	0.000000
AT5G06090	0	0.0	0.0	0.0
AT3G20350	18	0.460307	3.663983	4.734953
AT3G45660	0	0.0	0.0	0.0
AT1G51820	0	0.000000	0.000000	0.000000
AT3G01605	0	0.000000	0.000000	0.000000
AT4G06583	0	0.0	0.0	0.0
AT1G60600	73	2.960553	20.690113	26.737762
AT3G48770	0	0.000000	0.000000	0.000000
AT5G15200	1623	95.587631	900.841187	1164.153931
AT5G67540	16	0.520625	4.211816	5.442916
AT1G04257	0	0.0	0.0	0.0
AT2G40085	2	0.162042	1.220704	1.577512
AT4G06090	0	0.0	0.0	0.0
AT5G36661	0	0.0	0.0	0.0
AT5G48880	54	1.717990	11.994037	15.499853
AT5G54840	10	0.429408	3.178501	4.107566
AT4G15200	0	0.0	0.0	0.0
AT1G05640	0	0.000000	0.000000	0.000000
AT2G21230	28	0.731791	6.943226	8.972708
AT5G53020	20	0.380882	2.765249	3.573522
AT2G36370	0	0.000000	0.000000	0.000000
AT3G07090	76	3.637083	39.750385	51.369282
AT4G32605	34	2.648781	18.492294	23.897528
AT3G44370	32	0.935835	6.688048	8.642941
AT3G01125	0	0.0	0.0	0.0
AT3G20490	0	0.000000	0.000000	0.000000
AT5G44270	0	0.000000	0.000000	0.000000
AT5G62680	69	2.291329	15.996766	20.672565
AT1G19371	0	0.0	0.0	0.0
AT1G59620	19	0.451126	3.380949	4.369188
AT1G68110	1	0.022331	0.155902	0.201472
AT1G05447	0	0.0	0.0	0.0
AT2G16710	24	2.081540	15.216255	19.663916
AT2G04520	221	18.662077	130.288086	168.370850
AT3G50990	0	0.0	0.0	0.0
AT3G47080	19	0.643956	4.698115	6.071358
AT4G18725	0	0.0	0.0	0.0
AT1G13470	15	0.834046	5.822839	7.524834
AT5G66130	4	0.138830	0.969233	1.252536
AT3G30160	0	0.0	0.0	0.0
AT1G11100	0	0.000000	0.000000	0.000000
AT3G24620	0	0.0	0.0	0.0
AT5G20030	6	0.241418	1.861719	2.405892
AT3G52970	0	0.0	0.0	0.0
AT2G16650	15	0.519010	3.623435	4.682553
AT5G16970	101	5.605135	39.131889	50.570007
AT1G28820	0	0.000000	0.000000	0.000000
AT3G49520	0	0.0	0.0	0.0
AT4G20030	33	3.765051	26.285461	33.968613
AT3G03826	0	0.0	0.0	0.0
AT4G16970	14	0.169202	1.185029	1.531409
AT3G22470	4	0.141875	0.990491	1.280008
AT5G66770	45	1.362208	9.510168	12.289957
ATMG01010	1	0.029376	0.205087	0.265033
AT1G55700	0	0.0	0.0	0.0
AT5G26692	0	0.0	0.0	0.0
AT1G60450	0	0.0	0.0	0.0
AT1G04037	0	0.000000	0.000000	0.000000
AT5G07430	0	0.0	0.0	0.0
AT1G17040	0	0.000000	0.000000	0.000000
AT2G10975	0	0.0	0.0	0.0
AT1G20810	140	8.807268	75.059868	96.999619
AT2G09370	1	0.013155	0.091841	0.118686
AT4G08540	22	0.909984	6.446379	8.330633
AT3G46430	103	14.240838	99.421494	128.482056
AT2G22040	0	0.0	0.0	0.0
AT1G09313	0	0.0	0.0	0.0
AT2G20873	0	0.000000	0.000000	0.000000
AT5G11730	22	0.786181	5.488672	7.092992
AT2G07708	32	1.917748	13.388634	17.302086
AT4G16060	33	2.386157	16.658802	21.528112
AT3G55540	0	0.0	0.0	0.0
AT3G26310	0	0.000000	0.000000	0.000000
AT3G06925	0	0.0	0.0	0.0
AT2G03090	59	3.271269	22.838156	29.513668
AT1G60380	0	0.0	0.0	0.0
AT1G07727	0	0.0	0.0	0.0
AT3G01385	0	0.0	0.0	0.0
AT5G08540	99	5.465151	38.154602	49.307060
AT2G25410	0	0.0	0.0	0.0
AT2G25560	13	0.381939	2.666483	3.445886
AT5G16060	22	2.859017	19.960043	25.794296
AT4G11730	0	0.0	0.0	0.0
AT2G34430	3229	196.832321	1374.172119	1775.838013
AT1G19230	0	0.000000	0.000000	0.000000
AT3G52060	32	1.495192	10.438587	13.489750
AT1G75550	0	0.0	0.0	0.0
AT1G33680	15	0.271571	1.930576	2.494877
AT2G45330	21	1.070714	7.475121	9.660073
AT1G70630	7	0.188028	1.341273	1.733323
AT4G29860	9	0.293002	2.045575	2.643489
AT5G18860	37	0.820549	5.728610	7.403063
AT5G55130	59	2.287100	17.414940	22.505268
AT4G39080	368	9.699208	67.714401	87.507080
AT5G13400	48	1.536500	10.726975	13.862434
AT4G26210	43	3.636757	25.389786	32.811134
AT2G28225	0	0.0	0.0	0.0
AT2G43080	29	1.294485	11.863233	15.330815
AT5G61930	0	0.000000	0.000000	0.000000
AT5G01285	0	0.000000	0.000000	0.000000
AT5G39080	24	1.069296	7.465221	9.647280
AT4G18860	0	0.0	0.0	0.0
AT3G08130	0	0.0	0.0	0.0
AT5G26210	53	3.017945	22.672709	29.299864
AT4G13400	12	0.605806	4.265169	5.511863
AT3G15680	42	2.253242	15.730865	20.328941
AT5G54590	12	0.411919	3.277993	4.236140
AT1G28230	16	0.855670	5.973805	7.719928
AT4G37520	18	0.818075	7.036966	9.093847
AT5G06080	0	0.0	0.0	0.0
AT4G11170	0	0.0	0.0	0.0
ATCG00100	7	6.945206	48.487511	62.660244
AT2G35040	155	5.698940	42.261276	54.614101
AT1G16900	43	1.608965	11.232885	14.516220
AT5G48890	0	0.0	0.0	0.0
AT1G53210	296	9.750103	68.069717	87.966263
AT5G37520	0	0.0	0.0	0.0
AT4G06080	1	0.305677	2.134064	2.757844
AT2G40095	14	0.499773	5.675000	7.333783
AT2G29100	0	0.0	0.0	0.0
AT5G11170	298	9.103196	75.134567	97.096146
AT1G28765	9	0.633366	4.421804	5.714282
AT2G32410	14	0.504186	3.533088	4.565798
AT2G32560	77	1.853747	27.218761	35.174713
AT1G78470	0	0.0	0.0	0.0
AT3G61898	3	0.335185	2.891627	3.736840
AT5G46090	0	0.000000	0.000000	0.000000
AT3G55880	55	2.028518	15.494855	20.023951
AT3G05660	34	0.846443	5.909388	7.636681
AT2G21820	0	0.0	0.0	0.0
AT3G08770	145	15.895315	112.588501	145.497742
AT5G58660	0	0.0	0.0	0.0
AT5G08880	1	0.001689	0.011792	0.015238
AT1G66700	0	0.0	0.0	0.0
AT2G18100	0	0.000000	0.000000	0.000000
AT1G21835	0	0.0	0.0	0.0
AT5G55770	0	0.0	0.0	0.0
AT1G66410	262	11.180021	157.620789	203.692810
AT1G66560	0	0.0	0.0	0.0
AT3G20480	0	0.000000	0.000000	0.000000
AT1G51230	0	0.0	0.0	0.0
AT1G19050	89	7.498410	52.349667	67.651299
AT5G62690	848	24.237753	256.817108	331.883881
AT2G18620	0	0.0	0.0	0.0
AT3G50980	0	0.0	0.0	0.0
AT3G47090	16	0.365362	2.550751	3.296327
AT1G26850	281	7.265954	59.814209	77.297699
AT3G04370	0	0.0	0.0	0.0
AT5G23035	0	0.000000	0.000000	0.000000
AT5G04165	0	0.0	0.0	0.0
AT5G59730	14	0.462761	3.230736	4.175069
AT1G28050	18	0.719235	5.021293	6.489000
AT2G29620	0	0.000000	0.000000	0.000000
AT2G32700	146	3.488456	26.673901	34.470592
AT5G13650	729	21.107893	156.424942	202.147415
AT1G30140	0	0.0	0.0	0.0
AT5G04270	0	0.000000	0.000000	0.000000
AT3G07080	5	0.183672	1.296187	1.675058
AT2G44520	64	3.070186	21.563665	27.866652
AT4G13650	0	0.000000	0.000000	0.000000
ATCG00620	17	17.770269	124.061989	160.324890
AT5G59170	0	0.0	0.0	0.0
AT1G71970	34	2.316710	16.173962	20.901556
AT3G27210	24	0.899764	10.889895	14.072974
AT2G04805	1	0.032847	0.229319	0.296348
AT4G13710	11	0.396282	2.766617	3.575290
AT1G07110	244	6.928191	48.784943	63.044609
AT5G62300	382	37.391750	328.058929	423.949432
AT1G15165	13	0.251597	1.780573	2.301029
AT4G10603	0	0.0	0.0	0.0
AT4G21660	140	4.108217	29.978949	38.741692
AT3G09520	7	0.207420	1.448089	1.871361
AT5G13710	164	6.710391	48.468777	62.636036
AT3G17060	0	0.0	0.0	0.0
AT3G05015	0	0.000000	0.000000	0.000000
AT5G33370	47	2.380102	16.616528	21.473484
AT2G25700	0	0.0	0.0	0.0
AT4G07925	0	0.000000	0.000000	0.000000
AT4G27310	80	4.440784	31.003048	40.065132
AT3G02445	5	4.768293	33.289532	43.019947
AT5G60670	206	15.028285	104.919006	135.586472
AT3G62200	55	1.564924	10.925417	14.118878
AT5G53850	105	3.221406	24.312544	31.419016
AT1G15270	246	40.926929	285.728729	369.246246
AT5G47430	39	0.752886	5.379112	6.951408
AT4G33370	0	0.0	0.0	0.0
AT5G63910	46	1.938232	13.531642	17.486895
AT1G07863	0	0.0	0.0	0.0
AT5G39471	1	0.037340	0.260687	0.336885
AT5G07925	0	0.0	0.0	0.0
AT4G07666	0	0.0	0.0	0.0
AT5G58784	0	0.0	0.0	0.0
AT5G27310	0	0.0	0.0	0.0
AT2G39220	18	0.640202	4.469529	5.775957
AT1G14420	0	0.0	0.0	0.0
AT1G06760	211	14.515227	101.337128	130.957626
AT2G22482	2	0.311927	2.177698	2.814232
AT4G11440	0	0.000000	0.000000	0.000000
AT4G28085	1	0.083049	0.579801	0.749275
AT2G34740	0	0.000000	0.000000	0.000000
AT2G07190	0	0.0	0.0	0.0
AT3G29763	0	0.0	0.0	0.0
AT2G03570	0	0.0	0.0	0.0
AT5G63480	12	0.842340	8.372710	10.820024
AT1G01030	11	0.451968	3.155385	4.077694
AT5G57380	0	0.000000	0.000000	0.000000
AT1G25350	75	1.943186	15.015981	19.405098
AT5G11440	0	0.0	0.0	0.0
AT2G20880	2	0.108631	0.758400	0.980078
AT3G46740	312	8.696472	60.713863	78.460312
AT2G30060	135	8.160484	56.971897	73.624588
AT1G78140	90	5.160738	36.029358	46.560619
AT5G05150	0	0.0	0.0	0.0
AT5G38865	7	0.511000	3.621843	4.680496
AT1G10300	0	0.0	0.0	0.0
AT2G47180	4	0.145030	1.012518	1.308473
AT5G01810	51	1.646746	11.496652	14.857083
AT3G57280	74	3.726696	34.077984	44.038864
AT3G58150	0	0.000000	0.000000	0.000000
AT1G50890	0	0.000000	0.000000	0.000000
AT4G05150	146	6.310270	44.054745	56.931797
AT4G01810	95	2.150884	15.876657	20.517349
AT5G54070	0	0.000000	0.000000	0.000000
AT4G05420	71	1.491825	10.415080	13.459373
AT3G58420	0	0.000000	0.000000	0.000000
AT1G52870	215	9.318454	68.163788	88.087830
AT1G53885	19	1.672945	11.679558	15.093452
AT5G05420	0	0.000000	0.000000	0.000000
AT3G43645	0	0.0	0.0	0.0
AT1G16780	0	0.000000	0.000000	0.000000
AT3G28920	58	2.984303	20.834721	26.924637
AT3G08315	0	0.0	0.0	0.0
AT1G32350	0	0.0	0.0	0.0
AT3G04405	0	0.0	0.0	0.0
AT5G65290	29	0.729852	5.575298	7.204938
AT5G64340	95	2.669683	20.003887	25.850954
AT5G28262	0	0.000000	0.000000	0.000000
AT1G10690	4	0.314316	2.194377	2.835786
AT5G46570	59	2.353800	16.432903	21.236185
AT5G09065	2	0.184309	1.286741	1.662852
AT3G50410	10	0.599673	4.186578	5.410301
AT3G50560	6	0.374707	2.615993	3.380639
AT3G26135	7	0.364953	2.715004	3.508590
AT5G08215	0	0.0	0.0	0.0
AT1G79290	0	0.0	0.0	0.0
AT1G07943	0	0.000000	0.000000	0.000000
AT4G09065	0	0.0	0.0	0.0
AT4G31260	2	0.352657	2.462052	3.181702
AT1G14150	139	10.808407	91.115158	117.747818
AT4G08215	0	0.0	0.0	0.0
AT1G61320	0	0.0	0.0	0.0
AT3G23670	20	0.360741	2.518490	3.254636
AT1G66980	140	2.675072	19.491213	25.188427
AT2G20540	3	0.108577	0.947297	1.224189
AT3G20910	62	2.144348	17.730404	22.912939
AT3G19920	0	0.0	0.0	0.0
AT5G59440	19	1.057762	7.644100	9.878444
AT1G22160	17	1.611316	11.249299	14.537431
AT3G21150	0	0.000000	0.000000	0.000000
AT4G36610	0	0.0	0.0	0.0
AT4G29940	18	0.477413	3.361792	4.344432
AT4G09750	25	1.576621	11.007078	14.224409
AT1G01250	6	0.494949	3.455455	4.465472
AT3G25810	0	0.0	0.0	0.0
AT3G02260	119	0.598947	4.199089	5.426469
AT3G50700	51	1.772508	13.039227	16.850550
AT3G47570	0	0.000000	0.000000	0.000000
AT3G43190	0	0.0	0.0	0.0
AT5G09750	0	0.0	0.0	0.0
AT1G32490	42	0.829446	5.877699	7.595730
AT2G46830	12	0.334275	2.419996	3.127352
AT3G45243	0	0.0	0.0	0.0
AT3G16525	0	0.000000	0.000000	0.000000
AT2G30615	0	0.000000	0.000000	0.000000
AT2G32980	21	1.186267	8.281847	10.702602
AT4G02360	0	0.000000	0.000000	0.000000
AT4G18940	0	0.0	0.0	0.0
AT2G43141	0	0.000000	0.000000	0.000000
AT1G52191	0	0.000000	0.000000	0.000000
AT2G24000	0	0.0	0.0	0.0
AT2G48030	21	0.778530	5.435257	7.023964
AT1G06557	0	0.0	0.0	0.0
AT5G02360	0	0.0	0.0	0.0
AT3G03180	0	0.000000	0.000000	0.000000
AT1G23280	64	3.891933	27.171280	35.113354
AT5G18940	50	2.039399	15.848221	20.480604
AT1G05263	0	0.0	0.0	0.0
AT1G17870	0	0.000000	0.000000	0.000000
AT1G22275	0	0.000000	0.000000	0.000000
AT1G55990	0	0.0	0.0	0.0
AT1G67025	1	0.014314	0.099932	0.129142
AT1G35160	295	16.302004	121.181091	156.601898
AT1G03010	0	0.000000	0.000000	0.000000
AT4G22756	23	1.302061	9.090255	11.747306
AT2G07645	0	0.0	0.0	0.0
AT1G61190	152	2.129845	17.270020	22.317987
AT5G28288	0	0.0	0.0	0.0
AT1G25490	133	4.824330	33.680748	43.525517
AT5G56280	65	4.064509	28.376108	36.670349
AT4G34180	80	3.874619	29.277880	37.835705
AT3G18827	0	0.0	0.0	0.0
AT3G12280	69	1.427532	9.966222	12.879315
AT3G13275	9	0.850323	5.936475	7.671687
AT3G60238	0	0.0	0.0	0.0
AT3G04655	0	0.0	0.0	0.0
AT5G09610	0	0.000000	0.000000	0.000000
AT4G03830	0	0.0	0.0	0.0
AT5G24314	230	19.403397	186.631195	241.182846
AT3G51920	148	11.470302	80.079170	103.486046
AT5G12380	0	0.000000	0.000000	0.000000
AT1G30470	94	2.470297	17.424492	22.517611
AT3G56380	0	0.0	0.0	0.0
AT3G13160	22	1.070253	7.471902	9.655914
AT2G25980	0	0.0	0.0	0.0
AT5G47740	0	0.000000	0.000000	0.000000
AT3G02735	0	0.000000	0.000000	0.000000
AT1G57670	0	0.0	0.0	0.0
AT3G21420	0	0.0	0.0	0.0
AT4G09610	0	0.0	0.0	0.0
AT5G03830	14	0.613844	4.458973	5.762316
AT3G26816	0	0.0	0.0	0.0
AT4G12380	0	0.000000	0.000000	0.000000
AT1G06500	28	2.446209	19.025551	24.586653
AT2G38340	0	0.000000	0.000000	0.000000
AT4G36750	52	3.243864	22.646828	29.266418
AT2G19000	0	0.0	0.0	0.0
AT3G15990	0	0.000000	0.000000	0.000000
AT5G49480	59	3.919598	27.364422	35.362949
AT1G61720	0	0.0	0.0	0.0
AT5G21070	37	2.151825	15.022827	19.413950
AT5G64740	365	6.998802	48.861691	63.143791
AT1G75220	107	3.576114	24.966410	32.264008
AT2G33480	16	0.851573	7.624462	9.853065
AT2G26800	0	0.000000	0.000000	0.000000
AT1G34630	14	0.545375	4.198231	5.425359
AT4G21070	0	0.000000	0.000000	0.000000
AT1G52280	0	0.000000	0.000000	0.000000
AT1G11920	0	0.0	0.0	0.0
AT1G16380	0	0.000000	0.000000	0.000000
AT1G53160	0	0.000000	0.000000	0.000000
AT3G08715	0	0.0	0.0	0.0
AT5G09490	0	0.000000	0.000000	0.000000
AT1G11362	0	0.0	0.0	0.0
AT1G33990	52	2.662649	18.589111	24.022648
AT1G32750	36	0.421703	3.194265	4.127938
AT3G17670	21	1.565299	12.266857	15.852418
AT4G14940	0	0.000000	0.000000	0.000000
AT4G02055	0	0.000000	0.000000	0.000000
AT2G28000	872	31.363636	218.963196	282.965393
AT4G02500	129	5.365917	37.461807	48.411762
AT2G44030	0	0.0	0.0	0.0
AT2G22290	0	0.0	0.0	0.0
AT2G03240	25	0.534852	3.821093	4.937986
AT5G14940	18	0.681507	4.757897	6.148614
AT5G02055	1	0.060771	0.424269	0.548281
AT4G09490	4	0.548689	3.830637	4.950319
AT5G60060	0	0.0	0.0	0.0
AT4G01897	51	5.189364	41.566551	53.716316
AT5G02500	1929	33.359020	542.398804	700.940125
AT5G26160	22	0.382741	2.866585	3.704477
AT4G37250	0	0.000000	0.000000	0.000000
AT2G20270	197	10.344652	78.147141	100.989281
AT5G38180	0	0.0	0.0	0.0
AT3G09030	12	0.514905	3.594776	4.645517
AT4G36490	0	0.0	0.0	0.0
AT5G42825	11	0.865323	6.041197	7.807018
AT5G46240	51	1.333333	9.308578	12.029445
AT4G26160	8	0.613779	4.285058	5.537567
AT3G43720	270	22.544502	157.392990	203.398422
AT1G32610	2	0.091754	0.674009	0.871019
AT5G37250	0	0.0	0.0	0.0
AT1G10700	60	2.787932	19.509483	25.212038
AT4G38180	7	0.179908	1.256016	1.623145
AT5G36490	0	0.0	0.0	0.0
AT3G08655	0	0.000000	0.000000	0.000000
AT5G57780	24	1.795113	12.532466	16.195663
AT2G42010	31	0.611717	4.279348	5.530187
AT1G05940	74	2.230031	18.657028	24.110415
AT3G46340	0	0.0	0.0	0.0
AT1G06360	98	6.060465	42.310745	54.678032
AT3G45960	0	0.000000	0.000000	0.000000
AT2G45440	59	2.574834	17.976040	23.230373
AT3G20997	0	0.0	0.0	0.0
AT2G34340	0	0.0	0.0	0.0
AT3G57870	194	14.026220	97.923157	126.545753
AT2G35290	1	0.074490	0.520047	0.672055
AT3G01905	0	0.000000	0.000000	0.000000
AT1G60900	87	2.492575	17.887655	23.116154
AT1G18420	0	0.000000	0.000000	0.000000
AT1G07175	0	0.0	0.0	0.0
AT4G12780	45	0.937117	7.010702	9.059906
AT1G65800	70	1.633510	11.761275	15.199057
AT2G38740	46	2.967638	20.718374	26.774284
AT3G12870	21	1.750542	12.221297	15.793540
AT4G36350	0	0.0	0.0	0.0
AT5G56870	15	0.306926	2.142784	2.769113
AT3G56780	0	0.0	0.0	0.0
AT5G47340	0	0.000000	0.000000	0.000000
AT3G02335	0	0.0	0.0	0.0
AT5G36350	0	0.0	0.0	0.0
AT3G50690	50	1.247394	8.708600	11.254095
AT1G74140	0	0.0	0.0	0.0
AT3G05070	46	4.015334	28.032797	36.226688
AT1G10410	33	0.672603	4.734174	6.117958
AT1G10560	0	0.0	0.0	0.0
AT1G29420	2	0.136125	1.015743	1.312641
AT4G02235	0	0.0	0.0	0.0
AT3G54150	4	0.204655	1.517638	1.961239
AT2G44250	0	0.0	0.0	0.0
AT3G27160	930	55.056667	487.235352	629.652588
AT1G07260	3	0.130421	0.910526	1.176669
AT1G15215	26	1.631100	12.782631	16.518951
AT5G58070	219	13.714622	95.747749	123.734489
AT1G59920	0	0.0	0.0	0.0
AT5G60615	0	0.0	0.0	0.0
AT5G62980	54	3.553885	32.351883	41.808228
AT1G35545	0	0.0	0.0	0.0
AT5G02760	100	3.734801	26.074274	33.695694
AT3G54420	0	0.000000	0.000000	0.000000
AT1G55917	0	0.000000	0.000000	0.000000
AT1G40083	0	0.0	0.0	0.0
AT4G16670	0	0.000000	0.000000	0.000000
AT5G37030	0	0.0	0.0	0.0
AT3G04315	0	0.0	0.0	0.0
AT3G09250	20	1.073145	9.934458	12.838265
AT4G02760	8	0.161317	1.312789	1.696513
AT1G29150	163	5.175579	48.396164	62.542198
AT3G03865	2	0.366090	2.555834	3.302895
AT4G37030	0	0.000000	0.000000	0.000000
AT2G16950	95	2.113134	15.221589	19.670809
AT5G50200	34	2.061597	17.221722	22.255571
AT3G08405	0	0.000000	0.000000	0.000000
AT3G50300	2	0.087826	0.613152	0.792374
AT1G17280	76	2.613548	21.897474	28.298033
AT1G22885	0	0.000000	0.000000	0.000000
AT5G04215	0	0.0	0.0	0.0
AT5G09350	6	0.095848	0.710424	0.918078
AT1G55673	0	0.000000	0.000000	0.000000
AT1G23870	0	0.000000	0.000000	0.000000
AT3G10890	0	0.000000	0.000000	0.000000
AT1G18150	114	3.829310	27.744686	35.854362
AT4G04215	0	0.0	0.0	0.0
AT4G09350	44	2.746094	19.171679	24.775496
AT4G10955	10	0.542348	3.944616	5.097614
AT3G26650	3075	138.564514	980.078857	1266.552612
AT2G39550	12	0.650068	4.563311	5.897151
AT4G31110	0	0.0	0.0	0.0
AT3G25716	0	0.0	0.0	0.0
AT2G01200	0	0.000000	0.000000	0.000000
AT1G66300	0	0.0	0.0	0.0
AT5G64430	22	0.745245	5.202880	6.723664
AT1G72100	0	0.0	0.0	0.0
AT4G35850	69	3.163156	22.083370	28.538263
AT5G55370	0	0.0	0.0	0.0
AT1G09653	0	0.000000	0.000000	0.000000
AT4G08165	0	0.000000	0.000000	0.000000
AT2G14620	0	0.000000	0.000000	0.000000
AT2G40510	203	20.382872	142.301712	183.896011
AT2G40460	42	1.333604	9.310471	12.031889
AT3G08370	0	0.0	0.0	0.0
AT5G08165	0	0.0	0.0	0.0
AT4G21590	0	0.000000	0.000000	0.000000
AT5G43550	0	0.0	0.0	0.0
AT1G24050	80	5.672291	39.600735	51.175896
AT1G57060	0	0.0	0.0	0.0
AT5G08270	1685	41.623840	333.195435	430.587341
AT3G55270	51	1.167585	8.982190	11.607653
AT2G37890	24	1.095377	8.057492	10.412668
AT2G31930	0	0.0	0.0	0.0
AT2G07698	23	0.752455	5.253216	6.788713
AT4G08270	0	0.0	0.0	0.0
AT2G45170	53	4.583607	38.679188	49.984978
AT4G22850	28	1.435039	10.018633	12.947044
AT3G03945	0	0.0	0.0	0.0
AT5G62560	20	0.715079	4.992279	6.451504
AT5G62410	37	0.722621	5.044932	6.519548
AT2G08805	0	0.000000	0.000000	0.000000
AT3G11230	0	0.000000	0.000000	0.000000
AT3G59050	22	0.862678	6.022731	7.783154
AT1G66690	0	0.0	0.0	0.0
AT5G05635	0	0.000000	0.000000	0.000000
AT5G22850	71	1.135752	12.060430	15.585652
AT1G12615	0	0.0	0.0	0.0
AT5G65040	0	0.000000	0.000000	0.000000
AT1G10980	0	0.0	0.0	0.0
AT2G42247	13	0.474294	3.329761	4.303039
AT1G79040	4010	409.126404	2856.289795	3691.173340
AT3G01313	1	0.168675	1.177594	1.521800
AT5G57900	0	0.000000	0.000000	0.000000
AT4G11330	37	1.645017	11.484581	14.841484
AT4G27400	0	0.0	0.0	0.0
AT5G01875	0	0.0	0.0	0.0
AT3G13682	0	0.000000	0.000000	0.000000
AT2G45730	81	3.689003	25.754538	33.282501
AT2G06005	0	0.0	0.0	0.0
AT5G27400	13	0.754217	5.265518	6.804610
AT1G09713	0	0.000000	0.000000	0.000000
AT5G11330	74	3.501799	25.776592	33.311001
AT3G26710	228	14.264683	99.587967	128.697189
AT1G60780	159	6.451300	45.039337	58.204182
AT1G07327	0	0.0	0.0	0.0
AT3G01785	0	0.0	0.0	0.0
AT3G26400	53	1.154768	8.426628	10.889702
AT4G04540	0	0.000000	0.000000	0.000000
AT2G02061	0	0.0	0.0	0.0
AT1G02080	133	1.371274	9.797244	12.660945
AT4G12900	34	2.376977	16.594711	21.445290
AT4G33770	31	0.883729	8.395092	10.848949
AT1G01520	0	0.000000	0.000000	0.000000
AT4G16355	3	0.371817	2.595816	3.354565
AT5G27710	19	0.932064	6.620635	8.555824
AT1G66145	0	0.0	0.0	0.0
AT3G45580	0	0.0	0.0	0.0
AT5G04540	22	0.543431	3.896304	5.035181
AT3G13210	0	0.0	0.0	0.0
AT3G45093	0	0.000000	0.000000	0.000000
AT3G56900	10	0.462641	3.229898	4.173986
AT2G32690	851	63.219330	441.361694	570.370178
AT5G12900	23	0.833333	5.817861	7.518402
AT2G38430	13	0.555556	4.112624	5.314730
AT2G25300	19	0.886585	6.246772	8.072682
AT4G27710	74	2.625728	19.785801	25.569122
AT2G41312	6	0.550251	5.846785	7.555780
AT1G46984	0	0.0	0.0	0.0
AT2G46494	0	0.0	0.0	0.0
AT5G14860	0	0.0	0.0	0.0
AT1G15880	33	2.032488	14.189685	18.337282
AT3G48231	0	0.0	0.0	0.0
AT5G09675	0	0.0	0.0	0.0
AT3G05590	970	60.860394	447.717743	578.584106
AT5G13310	13	0.477030	3.478870	4.495732
AT2G09955	0	0.000000	0.000000	0.000000
AT3G23060	0	0.0	0.0	0.0
AT4G14860	1	0.097497	0.680669	0.879626
AT3G59765	20	0.678964	10.096629	13.047839
AT3G04130	5	0.144318	1.020791	1.319164
AT1G06227	15	2.194839	15.323128	19.802025
AT5G58590	58	4.065084	28.380121	36.675537
AT5G27607	0	0.0	0.0	0.0
AT1G48200	23	1.534843	15.996473	20.672188
AT1G24230	0	0.0	0.0	0.0
AT4G13310	0	0.0	0.0	0.0
AT1G35210	11	0.736746	5.143545	6.646986
AT5G62700	45	1.342469	12.674587	16.379326
AT4G09675	0	0.0	0.0	0.0
AT1G15540	0	0.0	0.0	0.0
AT1G07197	0	0.0	0.0	0.0
AT1G05113	0	0.000000	0.000000	0.000000
AT3G44955	0	0.0	0.0	0.0
AT3G11050	0	0.000000	0.000000	0.000000
AT3G59230	0	0.0	0.0	0.0
AT1G12060	3	0.216915	1.514378	1.957026
AT3G11505	0	0.0	0.0	0.0
AT2G32300	0	0.000000	0.000000	0.000000
AT2G25690	0	0.000000	0.000000	0.000000
AT4G33130	0	0.0	0.0	0.0
AT1G74470	1981	75.929085	530.093994	685.038696
AT4G04880	26	1.269802	9.725663	12.568441
AT4G27650	29	1.257349	8.846791	11.432678
AT3G04770	14	0.746269	5.497196	7.104008
AT2G30670	0	0.000000	0.000000	0.000000
AT2G33910	0	0.000000	0.000000	0.000000
AT5G59330	5	0.604918	4.223196	5.457622
AT3G45840	0	0.0	0.0	0.0
AT5G49910	469	9.431377	105.986511	136.966003
AT5G54660	21	1.648262	11.507236	14.870761
AT1G55680	0	0.000000	0.000000	0.000000
AT1G22210	0	0.0	0.0	0.0
AT1G05860	16	0.601852	4.648016	6.006616
AT3G04903	0	0.0	0.0	0.0
AT5G27650	36	0.796260	5.559038	7.183926
AT2G27970	0	0.000000	0.000000	0.000000
AT1G72620	0	0.0	0.0	0.0
AT2G14100	0	0.0	0.0	0.0
AT4G30950	565	24.776741	172.977219	223.537888
AT3G02110	22	0.924342	6.453234	8.339493
AT4G24230	27	1.172440	8.730363	11.282217
AT2G05100	3598	204.685638	1428.999634	1846.691284
AT4G35210	0	0.0	0.0	0.0
AT1G13310	0	0.000000	0.000000	0.000000
AT1G14860	0	0.0	0.0	0.0
AT5G42090	49	1.506307	10.516185	13.590031
AT5G15880	17	0.922323	6.439139	8.321277
AT3G51265	0	0.0	0.0	0.0
AT5G48200	0	0.0	0.0	0.0
AT1G58590	71	5.822785	50.849964	65.713234
AT3G15770	35	2.185918	16.319551	21.089703
AT5G24230	0	0.0	0.0	0.0
AT2G19580	0	0.0	0.0	0.0
AT1G62700	0	0.000000	0.000000	0.000000
AT5G35210	46	0.558218	4.071664	5.261797
AT4G15880	44	1.651341	11.736708	15.167308
AT3G18660	0	0.000000	0.000000	0.000000
AT5G01520	0	0.000000	0.000000	0.000000
AT3G44560	0	0.0	0.0	0.0
AT1G27710	0	0.000000	0.000000	0.000000
AT5G02080	12	0.604113	4.452201	5.753564
AT3G24330	0	0.0	0.0	0.0
AT5G03075	0	0.0	0.0	0.0
AT3G48300	0	0.0	0.0	0.0
AT2G36410	63	2.852234	22.635128	29.251297
AT2G36560	0	0.0	0.0	0.0
AT4G01520	0	0.0	0.0	0.0
AT4G02080	119	10.493896	73.262459	94.676826
AT2G28580	0	0.000000	0.000000	0.000000
AT1G04540	1	0.029845	0.208361	0.269264
AT1G33770	29	0.711641	4.968276	6.420486
AT1G06663	0	0.0	0.0	0.0
AT1G12900	3995	197.618423	1423.682739	1839.820312
AT1G30950	0	0.0	0.0	0.0
AT2G09410	0	0.0	0.0	0.0
AT2G09560	0	0.000000	0.000000	0.000000
AT4G22210	0	0.0	0.0	0.0
AT3G53400	20	0.749754	5.234359	6.764345
AT4G05860	0	0.0	0.0	0.0
AT3G58860	0	0.0	0.0	0.0
AT3G08680	79	2.172294	15.165730	19.598621
AT3G15130	2	0.049158	0.343193	0.443508
AT3G14590	7	0.166235	1.321579	1.707872
AT1G04880	0	0.000000	0.000000	0.000000
AT5G38155	0	0.0	0.0	0.0
AT2G28840	225	8.716085	63.560741	82.139328
AT1G49910	0	0.000000	0.000000	0.000000
AT3G50123	0	0.0	0.0	0.0
AT4G30067	0	0.0	0.0	0.0
AT5G55680	3	0.179757	1.254962	1.621783
AT5G05860	21	0.962874	6.722243	8.687132
AT5G22210	56	7.079365	49.899364	64.484779
AT3G23900	41	0.874559	6.297172	8.137813
AT1G27650	67	3.303329	23.061979	29.802917
AT5G20045	0	0.0	0.0	0.0
AT5G05113	0	0.0	0.0	0.0
AT3G02925	0	0.000000	0.000000	0.000000
AT3G22310	61	2.118985	14.793557	19.117664
AT4G40070	4	0.187300	1.307623	1.689837
AT1G70180	19	0.470343	4.399387	5.685312
AT4G12060	190	13.571046	94.745384	122.439140
AT5G07445	0	0.000000	0.000000	0.000000
AT5G67200	0	0.000000	0.000000	0.000000
AT5G15540	39	0.460997	3.346174	4.324249
AT3G51730	152	4.902024	40.132088	51.862556
AT3G48690	85	5.676198	39.628010	51.211143
AT2G26040	4	0.226459	1.581009	2.043133
AT1G36675	0	0.0	0.0	0.0
AT2G17020	40	0.604562	9.362007	12.098491
AT5G40070	0	0.0	0.0	0.0
AT4G15540	145	5.129365	40.966774	52.941219
AT4G07445	0	0.0	0.0	0.0
AT1G44890	11	0.629687	4.469452	5.775858
AT3G56060	210	7.058972	49.281757	63.686649
AT5G12060	0	0.0	0.0	0.0
AT3G25520	1449	77.620895	555.676270	718.098511
AT3G28170	0	0.0	0.0	0.0
AT2G04295	0	0.000000	0.000000	0.000000
AT5G24050	0	0.000000	0.000000	0.000000
AT5G57060	27	1.271318	10.692830	13.818307
AT1G08270	23	1.495111	12.328979	15.932696
AT4G04402	0	0.0	0.0	0.0
AT4G28365	0	0.0	0.0	0.0
AT3G13850	1	0.057061	0.398368	0.514809
AT4G24050	3	0.097966	0.869000	1.123006
AT3G06445	0	0.0	0.0	0.0
AT5G66300	0	0.000000	0.000000	0.000000
AT1G64430	66	2.106048	17.683825	22.852743
AT1G21590	141	3.683110	26.456709	34.189915
AT1G55370	65	1.877618	14.086283	18.203655
AT1G73325	3	0.253766	1.771651	2.289499
AT5G00960	0	0.0	0.0	0.0
AT5G52815	0	0.0	0.0	0.0
AT3G19170	435	8.994047	64.977463	83.970154
AT3G62890	0	0.000000	0.000000	0.000000
AT1G43005	0	0.0	0.0	0.0
AT3G53710	51	1.979971	14.445959	18.668463
AT1G08165	0	0.000000	0.000000	0.000000
AT1G35850	0	0.0	0.0	0.0
AT1G31110	0	0.0	0.0	0.0
AT2G09700	9	4.700430	32.815750	42.407681
AT2G30380	0	0.0	0.0	0.0
AT4G00960	0	0.000000	0.000000	0.000000
AT1G80910	163	4.481878	31.289944	40.435886
AT3G09285	0	0.0	0.0	0.0
AT3G53650	11	0.840838	5.870256	7.586112
AT2G36700	0	0.0	0.0	0.0
AT3G60870	0	0.0	0.0	0.0
AT5G60780	11	0.416753	2.909534	3.759981
AT1G73640	8	0.487947	3.406570	4.402299
AT3G28730	68	2.417784	16.879604	21.813454
AT1G27400	500	40.280243	281.213928	363.411804
AT3G44700	0	0.0	0.0	0.0
AT1G11330	113	2.495953	17.527035	22.650126
AT5G66690	0	0.0	0.0	0.0
AT4G09385	0	0.000000	0.000000	0.000000
AT1G62410	0	0.0	0.0	0.0
AT3G61550	33	2.352364	16.422878	21.223228
AT1G62560	78	2.717601	22.843313	29.520336
AT2G05620	267	18.192308	133.512009	172.537125
AT5G09385	1	0.152628	1.065563	1.377023
AT1G22850	220	11.974357	95.003838	122.773148
AT1G17255	5	0.100523	0.751468	0.971119
AT3G21860	0	0.000000	0.000000	0.000000
AT5G10980	267	26.056234	181.909927	235.081573
AT1G65040	60	1.532497	14.244906	18.408644
AT3G10527	0	0.000000	0.000000	0.000000
AT2G13450	0	0.0	0.0	0.0
AT4G15215	0	0.000000	0.000000	0.000000
AT4G07260	0	0.000000	0.000000	0.000000
AT5G10560	90	2.619898	18.290649	23.636944
AT5G10410	0	0.000000	0.000000	0.000000
AT2G06845	0	0.0	0.0	0.0
AT5G42570	41	2.861210	19.975355	25.814081
AT1G09307	0	0.0	0.0	0.0
AT5G07260	0	0.0	0.0	0.0
AT1G58070	4	0.249574	1.742385	2.251678
AT5G59920	29	0.875338	6.111116	7.897374
AT1G71120	0	0.000000	0.000000	0.000000
AT1G62980	0	0.0	0.0	0.0
AT4G29420	0	0.000000	0.000000	0.000000
AT3G01610	25	0.697280	4.927190	6.367391
AT4G10560	0	0.0	0.0	0.0
AT4G10410	0	0.0	0.0	0.0
AT2G02220	24	0.528988	3.693096	4.772575
AT5G65800	0	0.0	0.0	0.0
AT5G22545	1	0.103841	0.724959	0.936862
AT4G00840	28	1.514882	11.319191	14.627750
AT1G56870	0	0.0	0.0	0.0
AT5G07175	0	0.000000	0.000000	0.000000
AT5G18420	58	2.505952	21.103806	27.272375
AT1G79800	0	0.0	0.0	0.0
AT5G03595	0	0.000000	0.000000	0.000000
AT3G07360	45	1.569265	11.939610	15.429517
AT2G08045	0	0.0	0.0	0.0
AT1G47340	10	0.374176	2.992173	3.866776
AT5G00840	0	0.0	0.0	0.0
AT1G36350	0	0.0	0.0	0.0
AT4G07175	0	0.0	0.0	0.0
AT1G80480	108	4.896825	34.186867	44.179573
AT4G03595	0	0.000000	0.000000	0.000000
AT1G12780	0	0.000000	0.000000	0.000000
AT5G17280	0	0.000000	0.000000	0.000000
AT1G04873	0	0.000000	0.000000	0.000000
AT5G40384	0	0.0	0.0	0.0
AT1G09350	12	0.617076	4.491095	5.803826
AT4G00580	0	0.0	0.0	0.0
AT5G23870	20	0.634480	4.429581	5.724333
AT1G68340	0	0.000000	0.000000	0.000000
AT1G09697	0	0.0	0.0	0.0
AT4G18150	0	0.0	0.0	0.0
AT4G37810	11	0.968785	6.763510	8.740461
AT2G47630	17	0.649804	6.116848	7.904781
AT4G17280	0	0.000000	0.000000	0.000000
AT4G23870	10	0.730616	5.100749	6.591680
AT1G73177	0	0.000000	0.000000	0.000000
AT3G14070	2	0.060331	0.421197	0.544311
AT5G37810	0	0.0	0.0	0.0
AT3G23780	22	0.405210	2.828948	3.655839
AT5G18150	4	0.396851	2.770590	3.580424
AT4G29150	0	0.000000	0.000000	0.000000
AT3G21940	0	0.0	0.0	0.0
AT2G21510	0	0.0	0.0	0.0
AT4G07735	0	0.000000	0.000000	0.000000
AT1G71450	0	0.000000	0.000000	0.000000
AT2G06585	0	0.0	0.0	0.0
AT3G01750	0	0.000000	0.000000	0.000000
AT1G02760	0	0.0	0.0	0.0
AT5G40590	0	0.0	0.0	0.0
AT2G37025	0	0.000000	0.000000	0.000000
AT1G50200	244	5.385509	39.104794	50.534992
AT3G51440	0	0.000000	0.000000	0.000000
AT5G07735	3	2.200000	15.359159	19.848589
AT1G16670	26	1.063245	7.422977	9.592688
AT5G27493	0	0.000000	0.000000	0.000000
AT2G31190	29	1.298934	9.584472	12.385979
AT3G17380	5	0.319464	2.230317	2.882231
AT2G13600	7	0.228559	1.595670	2.062079
AT1G09490	43	1.837602	13.421553	17.344625
AT1G07937	0	0.0	0.0	0.0
AT3G06735	0	0.0	0.0	0.0
AT1G45246	0	0.0	0.0	0.0
AT3G52380	396	21.785334	152.092911	196.549149
AT5G11920	0	0.000000	0.000000	0.000000
AT5G53160	94	4.106127	29.978636	38.741287
AT5G16380	25	1.790614	12.501057	16.155073
AT1G31358	0	0.0	0.0	0.0
AT5G36001	0	0.000000	0.000000	0.000000
AT1G14940	0	0.0	0.0	0.0
AT3G01065	1	0.125090	0.873308	1.128573
AT4G33990	5	0.114065	0.880136	1.137396
AT4G32750	12	0.420676	3.036750	3.924382
AT4G25707	8	0.478438	3.340184	4.316509
AT1G60060	8	0.297563	2.280458	2.947028
AT1G02500	202	9.190177	64.270744	83.056870
AT1G08283	2	0.264925	1.849557	2.390176
AT4G16380	189	7.387304	71.349434	92.204620
AT3G45000	0	0.0	0.0	0.0
AT4G11920	4	0.146984	1.026159	1.326102
AT3G45555	0	0.0	0.0	0.0
AT4G34630	39	2.365031	16.511311	21.337511
AT5G61720	0	0.0	0.0	0.0
AT1G49480	38	1.384297	9.790249	12.651905
AT4G25610	12	0.338628	2.453046	3.170063
AT1G71390	0	0.0	0.0	0.0
AT1G21070	0	0.000000	0.000000	0.000000
AT4G17612	0	0.0	0.0	0.0
AT5G39360	22	1.284633	8.968583	11.590069
AT1G69220	38	1.038808	7.252371	9.372214
AT2G43360	85	3.523262	28.008860	36.195751
AT3G16280	9	0.624882	5.014835	6.480654
ATCG01130	14285	213.160004	1488.162842	1923.147705
AT5G52280	48	1.240469	8.660254	11.191617
AT5G25610	431	16.415276	122.554710	158.377029
AT1G64740	0	0.000000	0.000000	0.000000
ATMG00870	0	0.0	0.0	0.0
AT2G23530	0	0.0	0.0	0.0
AT4G39360	0	0.0	0.0	0.0
AT2G44810	0	0.0	0.0	0.0
AT2G28960	0	0.0	0.0	0.0
AT5G05940	10	0.313114	2.185985	2.824941
AT1G78950	0	0.0	0.0	0.0
AT2G36980	1	0.030179	0.220969	0.285558
AT2G31320	0	0.000000	0.000000	0.000000
AT1G57780	0	0.0	0.0	0.0
AT5G25750	0	0.000000	0.000000	0.000000
AT3G03630	46	2.109059	14.724260	19.028111
AT4G05940	0	0.000000	0.000000	0.000000
AT3G58940	11	0.319793	2.256784	2.916434
AT5G60900	26	0.706578	4.932929	6.374807
AT1G31335	22	2.378562	16.605778	21.459589
AT5G06360	0	0.000000	0.000000	0.000000
AT3G44980	0	0.0	0.0	0.0
AT3G09810	53	2.353439	16.430384	21.232927
AT4G25750	6	0.217650	1.519509	1.963657
AT5G04855	0	0.0	0.0	0.0
AT2G27790	6	0.379039	2.871981	3.711451
AT3G06260	0	0.0	0.0	0.0
AT4G32610	73	3.270270	22.831181	29.504656
AT3G48475	0	0.000000	0.000000	0.000000
AT1G26160	45	2.627480	20.084969	25.955736
AT2G19960	0	0.0	0.0	0.0
AT4G10700	0	0.000000	0.000000	0.000000
AT3G19440	19	0.823729	5.903921	7.629617
AT4G04855	2	0.420833	2.938019	3.796791
AT2G42830	0	0.000000	0.000000	0.000000
AT3G04990	0	0.0	0.0	0.0
AT1G07423	2	0.404432	2.823516	3.648820
AT5G10700	9	1.031201	7.795150	10.073646
AT4G23280	5	0.172740	1.207118	1.559955
AT4G17870	28	1.697440	11.850568	15.314448
AT5G07335	0	0.000000	0.000000	0.000000
AT2G09475	0	0.0	0.0	0.0
AT3G17780	46	2.258940	20.579226	26.594465
AT1G18940	2	0.078947	0.551163	0.712267
AT5G23280	76	2.945179	20.561577	26.571657
AT2G40820	44	1.383675	11.874871	15.345855
AT4G07335	0	0.0	0.0	0.0
AT1G49975	118	7.600644	53.537571	69.186424
AT1G04283	0	0.0	0.0	0.0
AT5G17870	405	36.971462	367.654907	475.119141
AT3G25030	17	0.508644	3.862689	4.991739
AT1G02360	14	0.840031	6.292557	8.131849
AT3G01350	0	0.000000	0.000000	0.000000
AT4G32490	0	0.0	0.0	0.0
AT4G38630	158	7.569803	52.848095	68.295410
AT5G46825	0	0.000000	0.000000	0.000000
AT5G01250	0	0.0	0.0	0.0
AT2G27120	0	0.0	0.0	0.0
AT5G39500	38	0.601161	4.196967	5.423726
AT5G22160	0	0.0	0.0	0.0
AT3G23380	0	0.0	0.0	0.0
AT4G01250	0	0.000000	0.000000	0.000000
AT3G54366	21	1.852023	12.929780	16.709110
AT5G38630	76	3.999340	27.921135	36.082386
AT1G09750	346	17.529095	122.378242	158.148987
AT1G05627	0	0.0	0.0	0.0
AT4G39500	0	0.0	0.0	0.0
AT1G27135	0	0.000000	0.000000	0.000000
AT3G07235	0	0.0	0.0	0.0
AT4G13493	17	5.796380	40.467056	52.295437
AT1G68740	18	0.435383	3.039598	3.928063
AT2G43500	12	0.199458	1.972877	2.549542
AT2G35800	52	1.255508	8.871115	11.464111
AT1G29940	77	1.222710	10.650097	13.763083
AT5G42240	77	2.375386	18.206141	23.527731
AT4G22160	17	1.118386	9.806425	12.672810
AT2G24960	0	0.000000	0.000000	0.000000
AT3G24440	23	0.545076	5.031465	6.502145
AT1G47740	59	1.877902	21.903723	28.306108
AT1G74950	50	2.880000	20.135822	26.021454
AT4G06055	0	0.0	0.0	0.0
AT5G57670	0	0.0	0.0	0.0
AT1G09610	1	0.011164	0.077941	0.100723
AT1G12380	10	0.232647	1.624210	2.098961
AT1G64105	5	0.586847	4.097034	5.294584
AT2G27450	41	2.108410	14.719728	19.022255
AT5G06500	0	0.0	0.0	0.0
AT1G77460	30	0.290025	2.102927	2.717606
AT3G54940	0	0.0	0.0	0.0
AT3G32030	0	0.0	0.0	0.0
AT3G20395	0	0.000000	0.000000	0.000000
AT1G77510	109	4.608051	32.170811	41.574230
AT5G06055	0	0.000000	0.000000	0.000000
AT2G26290	0	0.0	0.0	0.0
AT1G03830	27	0.584018	4.077284	5.269060
AT5G43513	0	0.0	0.0	0.0
AT3G48980	5	0.161692	1.269944	1.641144
AT4G30470	23	1.136863	8.537716	11.033261
AT3G07760	28	0.965020	8.292801	10.716758
AT5G03010	1	0.068034	0.474975	0.613809
AT5G35160	124	3.514022	26.367508	34.074638
AT1G34180	0	0.0	0.0	0.0
AT5G08855	7	1.128364	7.877600	10.180197
AT5G61190	17	0.287512	2.418648	3.125611
AT5G55990	122	5.813773	45.706520	59.066376
AT4G25490	1	0.059984	0.418774	0.541181
AT2G34204	0	0.0	0.0	0.0
AT4G08855	0	0.0	0.0	0.0
AT1G56280	214	11.036200	83.294235	107.640862
AT4G03010	2	0.056522	0.394605	0.509946
AT4G35160	0	0.000000	0.000000	0.000000
AT2G32179	79	5.150709	43.958317	56.807182
AT2G18193	0	0.000000	0.000000	0.000000
AT2G22800	0	0.000000	0.000000	0.000000
AT3G08990	12	0.420930	3.766687	4.867677
AT5G25490	0	0.000000	0.000000	0.000000
AT1G01810	0	0.0	0.0	0.0
AT3G25250	0	0.000000	0.000000	0.000000
AT1G09567	0	0.0	0.0	0.0
AT1G09417	0	0.0	0.0	0.0
AT1G56612	5	0.194227	1.917305	2.477726
AT1G05150	39	1.040189	7.262013	9.384674
AT5G10300	0	0.0	0.0	0.0
AT1G54070	0	0.0	0.0	0.0
AT2G27390	0	0.0	0.0	0.0
AT4G09905	0	0.0	0.0	0.0
AT4G10300	178	17.526510	122.360199	158.125671
AT5G50890	22	1.026813	7.168629	9.263994
AT4G09649	0	0.0	0.0	0.0
AT4G12670	0	0.000000	0.000000	0.000000
AT3G07055	0	0.000000	0.000000	0.000000
AT2G43235	38	1.845173	12.881957	16.647308
AT3G07500	0	0.000000	0.000000	0.000000
AT1G63480	18	0.576123	4.961155	6.411283
AT5G06760	0	0.0	0.0	0.0
AT4G01030	31	0.892431	6.230450	8.051589
AT4G39235	0	0.000000	0.000000	0.000000
AT5G14420	28	0.245788	7.632803	9.863846
AT4G25350	3	0.077927	0.544042	0.703064
AT3G10200	0	0.000000	0.000000	0.000000
AT2G04045	0	0.0	0.0	0.0
AT2G13790	95	1.649127	14.766392	19.082560
AT1G11440	34	1.740717	12.152704	15.704898
AT3G56670	0	0.0	0.0	0.0
AT5G01030	11	0.240631	1.859464	2.402978
AT4G06760	0	0.0	0.0	0.0
AT4G14420	147	11.109005	77.556808	100.226395
AT1G64625	6	0.175514	1.287684	1.664070
AT2G31720	0	0.0	0.0	0.0
AT1G57380	0	0.0	0.0	0.0
AT5G25350	138	3.758279	26.238184	33.907513
AT5G40660	71	3.391592	23.678181	30.599234
AT1G05107	0	0.0	0.0	0.0
AT2G43760	52	2.812940	19.638359	25.378586
AT1G64340	0	0.0	0.0	0.0
AT1G65290	249	24.476601	170.881805	220.829971
AT5G06235	0	0.000000	0.000000	0.000000
AT4G39760	0	0.0	0.0	0.0
AT5G10690	52	1.386933	13.864733	17.917347
AT2G30900	0	0.000000	0.000000	0.000000
AT4G14150	8	0.136237	0.951130	1.229142
AT1G31260	0	0.0	0.0	0.0
AT2G27600	162	6.791053	47.411297	61.269463
AT5G61320	0	0.0	0.0	0.0
AT3G49045	0	0.0	0.0	0.0
AT5G66980	0	0.0	0.0	0.0
AT1G71790	27	1.891266	13.262851	17.139536
AT3G18070	0	0.000000	0.000000	0.000000
AT3G01490	25	0.829770	6.876037	8.885880
AT5G39760	27	1.409662	9.841464	12.718091
AT4G06235	4	0.604019	4.216920	5.449511
AT5G14150	0	0.0	0.0	0.0
AT5G52870	15	0.746811	5.378463	6.950570
AT3G16870	32	2.469368	17.239735	22.278849
AT4G32350	14	0.369251	2.655459	3.431640
AT3G01961	0	0.000000	0.000000	0.000000
AT2G45920	14	0.457574	3.353379	4.333560
AT4G16780	19	0.855047	6.785823	8.769296
AT2G17530	39	0.669181	5.026054	6.495153
ATMG00280	3	0.543544	3.794718	4.903901
AT3G61220	48	2.837696	21.292255	27.515907
AT3G06335	0	0.0	0.0	0.0
AT1G06073	0	0.0	0.0	0.0
AT1G31175	13	0.459450	3.207621	4.145197
AT4G03665	0	0.0	0.0	0.0
AT1G05420	2	0.142308	1.075183	1.389455
AT3G52780	0	0.0	0.0	0.0
AT5G16780	73	1.211397	9.903502	12.798262
AT3G29070	0	0.0	0.0	0.0
AT3G53775	0	0.0	0.0	0.0
AT3G24170	140	4.803170	34.669731	44.803577
AT2G41540	42	1.126154	9.064585	11.714131
AT2G08295	3	0.623269	4.351313	5.623186
AT5G28050	76	4.748630	35.308949	45.629631
AT3G17900	61	1.540127	11.004636	14.221251
AT1G13650	98	3.877176	29.925371	38.672455
AT1G04270	978	82.885353	622.406128	804.333374
AT3G22710	0	0.0	0.0	0.0
AT4G28050	43	2.781353	19.417837	25.093605
AT3G51330	20	0.674276	4.707414	6.083376
AT2G02550	0	0.0	0.0	0.0
AT4G30140	28	1.444005	10.081228	13.027937
AT5G38378	0	0.0	0.0	0.0
AT2G23020	0	0.0	0.0	0.0
AT1G62690	0	0.0	0.0	0.0
AT5G51230	40	1.125179	8.426614	10.889685
AT1G68430	5	0.386243	2.696531	3.484717
AT5G19050	28	1.403442	9.798040	12.661974
AT4G12495	0	0.000000	0.000000	0.000000
AT3G05858	0	0.0	0.0	0.0
AT5G66560	0	0.000000	0.000000	0.000000
AT3G30530	4	0.342290	2.389676	3.088170
AT5G66410	40	2.075809	15.546476	20.090660
AT4G26850	269	9.800548	68.421890	88.421379
AT1G59730	0	0.0	0.0	0.0
AT4G19050	0	0.000000	0.000000	0.000000
AT5G05185	0	0.0	0.0	0.0
AT2G36145	0	0.000000	0.000000	0.000000
AT5G26850	57	1.125314	8.733616	11.286422
AT1G13607	0	0.0	0.0	0.0
AT2G01890	13	0.622356	5.110788	6.604654
AT1G32385	3	1.976471	13.798605	17.831890
AT1G33370	0	0.0	0.0	0.0
AT3G13772	78	2.595138	18.117790	23.413557
AT4G15270	0	0.0	0.0	0.0
AT3G14467	0	0.000000	0.000000	0.000000
AT1G27310	147	13.288135	92.770256	119.886688
AT1G60670	26	1.183656	11.040742	14.267914
AT3G01675	0	0.000000	0.000000	0.000000
AT3G24730	0	0.000000	0.000000	0.000000
AT1G53850	102	5.868971	44.255573	57.191326
AT5G15270	26	0.675320	4.898210	6.329940
AT3G48700	1	0.059253	0.413671	0.534586
AT4G29658	0	0.0	0.0	0.0
AT1G63910	0	0.0	0.0	0.0
AT3G15370	0	0.0	0.0	0.0
AT1G76100	313	23.820610	211.503143	273.324799
AT1G14185	0	0.000000	0.000000	0.000000
AT5G07110	16	1.357387	9.476510	12.246462
AT2G41880	37	1.387735	11.704733	15.125986
AT1G62300	6	0.153819	1.309585	1.692372
AT3G22650	0	0.0	0.0	0.0
AT1G32713	0	0.0	0.0	0.0
AT1G21660	55	1.916078	13.376975	17.287020
AT2G37200	18	1.488818	10.394088	13.432243
AT3G05835	0	0.0	0.0	0.0
AT4G15165	6	0.415861	2.908934	3.759205
AT4G07110	0	0.0	0.0	0.0
AT1G13710	0	0.000000	0.000000	0.000000
AT1G09987	0	0.000000	0.000000	0.000000
AT4G28230	7	0.350154	2.444578	3.159119
AT3G19330	0	0.000000	0.000000	0.000000
AT1G67890	26	0.563716	3.985353	5.150258
AT1G61930	0	0.0	0.0	0.0
AT1G18860	0	0.0	0.0	0.0
AT5G09785	0	0.000000	0.000000	0.000000
AT1G55130	34	1.222143	8.532313	11.026278
AT2G09690	0	0.000000	0.000000	0.000000
AT1G13400	0	0.0	0.0	0.0
AT3G09875	1	0.066273	0.462681	0.597921
AT1G54590	0	0.000000	0.000000	0.000000
AT5G44200	53	2.917483	21.866779	28.258362
AT3G06110	21	1.308692	10.866758	14.043075
AT1G76620	28	1.024367	7.151552	9.241926
ATMG01220	2	0.309942	2.163840	2.796323
AT4G09785	0	0.000000	0.000000	0.000000
AT3G60280	0	0.0	0.0	0.0
AT3G14660	54	1.639028	11.802347	15.252133
AT1G26210	0	0.000000	0.000000	0.000000
AT4G34138	22	0.843420	5.888283	7.609407
AT4G33680	196	6.791142	65.618790	84.798935
AT3G48410	5	0.103834	0.739606	0.955791
AT1G29860	0	0.0	0.0	0.0
AT3G48560	497	16.104580	112.433090	145.296890
AT5G60380	0	0.0	0.0	0.0
AT4G16957	17	0.646787	4.560407	5.893398
AT4G19230	0	0.000000	0.000000	0.000000
AT3G28330	0	0.0	0.0	0.0
AT1G11730	0	0.000000	0.000000	0.000000
AT3G44300	0	0.000000	0.000000	0.000000
AT1G69550	68	0.986555	7.081863	9.151868
AT1G08540	178	5.541764	43.247135	55.888119
AT2G24580	18	0.713190	4.979090	6.434461
AT2G36300	32	1.865791	13.025900	16.833326
AT1G16060	0	0.000000	0.000000	0.000000
AT5G51050	28	0.976806	6.862360	8.868205
AT5G19230	17	0.951590	7.726515	9.984949
AT3G53310	0	0.000000	0.000000	0.000000
AT3G27850	731	60.918583	425.299164	549.612671
AT3G54860	44	1.588076	11.332748	14.645271
AT3G04680	22	0.745455	5.371070	6.941015
AT2G09300	0	0.000000	0.000000	0.000000
AT2G30780	13	0.430139	3.002988	3.880751
AT3G03425	1	0.328711	2.294875	2.965659
AT5G66700	0	0.0	0.0	0.0
AT5G45640	0	0.0	0.0	0.0
AT3G18590	0	0.0	0.0	0.0
AT1G55770	1	0.106105	0.740765	0.957288
AT2G24840	0	0.0	0.0	0.0
AT1G08880	265	19.192204	133.989136	173.153702
AT3G43930	0	0.000000	0.000000	0.000000
AT5G38747	0	0.0	0.0	0.0
AT4G16900	14	0.118397	0.854262	1.103960
AT3G44690	0	0.0	0.0	0.0
AT1G06080	0	0.000000	0.000000	0.000000
AT3G22400	12	0.306586	2.140410	2.766045
AT2G07623	0	0.000000	0.000000	0.000000
AT1G11170	0	0.000000	0.000000	0.000000
AT3G24068	0	0.0	0.0	0.0
AT1G06593	0	0.000000	0.000000	0.000000
AT5G16900	0	0.0	0.0	0.0
AT2G36690	0	0.000000	0.000000	0.000000
AT3G29590	7	0.294084	2.053128	2.653251
AT5G08712	0	0.0	0.0	0.0
AT3G52900	20	2.121162	14.808756	19.137304
AT5G53210	20	0.726814	6.153459	7.952093
AT1G62680	0	0.000000	0.000000	0.000000
AT4G12485	0	0.000000	0.000000	0.000000
AT2G01540	0	0.000000	0.000000	0.000000
AT3G01910	129	6.242387	45.725060	59.090340
AT3G63088	5	0.958442	6.691301	8.647145
AT3G66652	0	0.000000	0.000000	0.000000
AT1G72330	26	0.962477	6.844676	8.845352
AT5G05195	0	0.0	0.0	0.0
AT2G18730	55	2.201527	15.369820	19.862366
AT1G66130	26	1.340495	9.358580	12.094061
AT5G13470	11	0.606816	5.435166	7.023847
AT2G42005	0	0.0	0.0	0.0
AT4G04535	0	0.0	0.0	0.0
AT2G42550	0	0.0	0.0	0.0
ATCG00730	1	0.006226	0.043466	0.056172
AT2G08285	0	0.0	0.0	0.0
AT1G10715	0	0.0	0.0	0.0
AT3G04145	0	0.0	0.0	0.0
AT5G60120	25	0.637705	5.459664	7.055505
AT2G29730	10	0.421749	2.944413	3.805056
AT5G02465	0	0.0	0.0	0.0
AT5G02515	28	2.054074	14.340386	18.532032
AT4G33145	0	0.0	0.0	0.0
AT4G17040	360	17.086750	119.290047	154.158127
AT2G41890	21	0.487923	3.406403	4.402083
AT5G60450	67	1.514752	11.300033	14.602994
AT4G19820	7	0.251101	1.753045	2.265455
AT4G20810	0	0.0	0.0	0.0
AT2G47930	49	5.449788	38.047344	49.168453
AT2G18170	33	1.385614	9.710340	12.548638
AT2G07425	0	0.0	0.0	0.0
AT3G59245	0	0.000000	0.000000	0.000000
AT1G66770	0	0.0	0.0	0.0
AT5G55700	36	1.420714	10.027890	12.959008
AT5G17040	0	0.0	0.0	0.0
AT1G78400	0	0.0	0.0	0.0
AT4G02465	0	0.000000	0.000000	0.000000
AT1G73860	0	0.0	0.0	0.0
AT5G20810	0	0.000000	0.000000	0.000000
AT5G19820	187	3.705677	25.870947	33.432934
AT1G09997	2	0.378947	2.645594	3.418892
AT1G74310	5	0.114813	0.820598	1.060456
AT1G07430	0	0.000000	0.000000	0.000000
AT3G08700	0	0.0	0.0	0.0
AT4G26020	0	0.000000	0.000000	0.000000
AT2G01880	0	0.0	0.0	0.0
AT5G47110	358	24.124050	168.420502	217.649246
AT1G16970	48	1.320343	9.256567	11.962230
AT2G29170	19	2.010604	14.036901	18.139839
AT5G11100	8	0.241290	1.753960	2.266637
AT4G28820	0	0.000000	0.000000	0.000000
AT1G20030	29	1.378329	10.073975	13.018562
AT3G21640	30	0.629499	11.427737	14.768026
AT1G04817	0	0.000000	0.000000	0.000000
AT4G11100	72	3.582445	28.514599	36.849316
AT5G28820	0	0.0	0.0	0.0
ATCG00170	1419	27.467077	191.759644	247.810333
AT5G60390	4219	145.143661	1188.050171	1535.313232
AT2G34110	0	0.000000	0.000000	0.000000
AT1G70720	0	0.0	0.0	0.0
AT1G14640	0	0.000000	0.000000	0.000000
AT4G04200	26	1.763432	17.803532	23.007446
AT2G25130	0	0.0	0.0	0.0
AT1G08043	35	2.948081	20.621878	26.649580
AT4G33690	0	0.000000	0.000000	0.000000
AT3G18840	1	0.026268	0.242689	0.313626
AT5G04200	9	0.506533	3.536328	4.569984
AT2G13900	0	0.0	0.0	0.0
AT1G07637	0	0.000000	0.000000	0.000000
AT3G46110	6	0.240000	1.861153	2.405162
AT2G32770	6	0.189440	1.779435	2.299558
AT3G05225	0	0.0	0.0	0.0
AT2G24590	64	3.142201	28.268538	36.531334
AT5G11620	0	0.0	0.0	0.0
AT3G08560	0	0.0	0.0	0.0
AT3G08410	0	0.0	0.0	0.0
AT5G25910	0	0.0	0.0	0.0
AT3G16040	0	0.000000	0.000000	0.000000
AT5G05325	0	0.000000	0.000000	0.000000
AT1G67880	16	0.690727	4.822266	6.231798
AT5G34930	0	0.000000	0.000000	0.000000
AT5G52040	130	4.166264	29.121675	37.633842
AT2G09680	0	0.000000	0.000000	0.000000
AT3G04300	5	0.445532	3.110453	4.019628
AT1G78710	0	0.000000	0.000000	0.000000
AT2G31945	0	0.0	0.0	0.0
AT1G34418	62	7.612599	68.010696	87.889992
AT4G25910	44	2.849149	21.363926	27.608528
AT1G54580	323	25.451136	177.685471	229.622330
AT4G34930	9	0.400366	2.795130	3.612136
AT5G55410	0	0.0	0.0	0.0
AT5G55560	4	0.218373	1.524557	1.970180
AT3G27020	71	2.125141	14.836535	19.173204
AT1G48540	39	0.853168	5.956337	7.697355
AT3G60290	13	0.563711	4.175813	5.396389
AT4G09795	0	0.0	0.0	0.0
AT3G58640	58	1.374220	9.599732	12.405702
AT3G62270	0	0.000000	0.000000	0.000000
AT5G60600	350	8.415209	70.028877	90.498077
AT4G33300	99	1.447190	12.878983	16.643465
AT1G15200	105	4.392670	34.679832	44.816631
AT1G67540	0	0.000000	0.000000	0.000000
AT1G06090	7	0.222222	1.551429	2.004906
AT3G44680	21	0.924755	6.510280	8.413212
AT4G36795	0	0.0	0.0	0.0
AT2G32130	0	0.000000	0.000000	0.000000
AT5G51820	220	6.957041	53.031460	68.532372
AT1G78650	25	1.112054	7.763734	10.033047
AT1G06583	2	0.226324	1.580066	2.041914
AT1G54840	3	0.139956	0.977094	1.262695
AT2G28660	30	1.859066	12.978950	16.772652
AT5G33300	12	0.578277	4.037204	5.217265
AT5G05640	2	0.114675	0.800596	1.034608
AT3G03930	0	0.0	0.0	0.0
AT2G25770	0	0.0	0.0	0.0
AT3G29580	0	0.0	0.0	0.0
AT2G36680	47	2.189807	19.997400	25.842573
AT1G48880	0	0.000000	0.000000	0.000000
AT3G04690	0	0.000000	0.000000	0.000000
AT2G30790	0	0.000000	0.000000	0.000000
AT3G18580	0	0.000000	0.000000	0.000000
AT3G12203	0	0.0	0.0	0.0
AT1G71900	29	1.146984	8.007595	10.348187
AT5G59100	0	0.0	0.0	0.0
AT4G14096	12	0.443765	3.275369	4.232748
AT1G20250	0	0.0	0.0	0.0
AT2G04875	0	0.0	0.0	0.0
AT2G19660	2	0.066183	0.476748	0.616100
AT5G62370	9	0.205017	1.431313	1.849681
AT4G32910	33	0.996121	6.954354	8.987089
AT1G08890	20	0.846852	5.912243	7.640371
AT1G21722	0	0.0	0.0	0.0
AT4G08025	0	0.0	0.0	0.0
AT3G02340	14	0.622673	5.169355	6.680340
AT4G32480	0	0.000000	0.000000	0.000000
AT3G61830	15	0.448605	3.462694	4.474828
AT2G18440	656	30.903891	265.635376	343.279663
AT5G54000	0	0.0	0.0	0.0
AT3G18960	17	1.286867	9.943631	12.850121
AT3G23390	2175	278.735565	1945.974365	2514.775879
AT2G06010	17	0.910097	8.038118	10.387632
AT5G08025	0	0.000000	0.000000	0.000000
AT1G22530	149	4.498473	31.429621	40.616390
AT1G10370	112	4.204556	31.840576	41.147469
AT4G27415	0	0.0	0.0	0.0
AT4G27565	0	0.0	0.0	0.0
AT5G06825	4	3.792208	26.475056	34.213623
AT2G29440	0	0.000000	0.000000	0.000000
AT4G23290	49	1.639158	11.443676	14.788624
AT5G41250	0	0.0	0.0	0.0
AT1G57120	0	0.0	0.0	0.0
AT1G12600	1	0.048862	0.343193	0.443508
AT5G33806	0	0.0	0.0	0.0
AT3G17790	87	3.956241	29.052896	37.544956
AT1G06963	0	0.0	0.0	0.0
AT1G30710	0	0.0	0.0	0.0
AT3G59460	0	0.0	0.0	0.0
AT3G59510	3	0.150788	1.052717	1.360422
AT1G04293	0	0.0	0.0	0.0
AT1G05343	2	0.712195	4.972144	6.425484
AT5G23290	68	7.353416	51.337402	66.343147
AT2G31865	24	0.407906	2.923351	3.777836
AT4G06825	0	0.0	0.0	0.0
AT1G49750	734	28.739962	200.646194	259.294403
AT1G52857	0	0.0	0.0	0.0
AT5G02240	410	16.175890	166.841034	215.608078
AT2G03500	17	0.628571	4.388328	5.671021
ATCG00440	1083	238.548203	1665.408936	2152.202393
AT1G63350	2	0.044876	0.345797	0.446873
AT5G61180	0	0.0	0.0	0.0
AT1G07740	0	0.000000	0.000000	0.000000
AT1G34190	61	1.848439	12.904758	16.676775
AT1G27950	322	26.205278	182.950470	236.426254
AT3G23600	172	10.578248	73.851357	95.437859
AT4G25480	9	0.515456	3.598623	4.650488
AT1G49610	0	0.000000	0.000000	0.000000
AT1G54960	0	0.000000	0.000000	0.000000
AT5G55980	0	0.0	0.0	0.0
AT5G60964	0	0.0	0.0	0.0
AT1G66783	0	0.0	0.0	0.0
AT1G56290	0	0.000000	0.000000	0.000000
AT5G46500	0	0.000000	0.000000	0.000000
AT1G30650	0	0.000000	0.000000	0.000000
AT5G13140	120	8.390542	58.578030	75.700188
AT1G24460	64	0.762241	5.537794	7.156472
AT1G24510	287	10.420857	72.752548	94.017860
AT3G08980	3	0.140893	1.202657	1.554190
AT5G25480	8	0.409443	2.858500	3.694030
AT3G47760	0	0.0	0.0	0.0
AT1G57450	0	0.0	0.0	0.0
AT1G35530	16	0.271516	1.962887	2.536632
AT2G40050	0	0.0	0.0	0.0
AT5G43010	72	3.438818	24.007887	31.025311
AT4G00467	0	0.0	0.0	0.0
AT1G12390	33	1.494096	11.499242	14.860431
AT3G04475	0	0.000000	0.000000	0.000000
AT3G13530	42	0.413544	2.887131	3.731029
AT3G02625	0	0.0	0.0	0.0
AT3G48990	179	6.488879	45.301693	58.543221
AT2G39010	553	20.531658	172.754669	223.250259
AT1G52800	0	0.000000	0.000000	0.000000
AT2G26280	127	3.151308	26.428875	34.153942
AT1G63490	23	0.355672	2.535811	3.277020
AT3G02105	0	0.000000	0.000000	0.000000
AT1G21529	0	0.0	0.0	0.0
AT2G14115	3	0.197644	1.379839	1.783161
AT5G64735	0	0.0	0.0	0.0
AT1G45150	15	0.481222	3.359621	4.341626
AT2G06665	0	0.0	0.0	0.0
AT1G17800	0	0.0	0.0	0.0
AT1G11572	0	0.0	0.0	0.0
AT4G01533	0	0.000000	0.000000	0.000000
AT2G40765	107	15.650947	109.266083	141.204178
AT1G57390	0	0.0	0.0	0.0
AT2G24070	0	0.000000	0.000000	0.000000
AT3G47500	78	3.272632	22.847668	29.525967
AT3G50770	0	0.0	0.0	0.0
AT3G11510	990	92.385063	644.980408	833.505920
AT4G00660	66	1.758729	12.821868	16.569656
AT1G12450	19	0.816304	6.043138	7.809526
AT2G32315	0	0.0	0.0	0.0
AT3G11460	0	0.0	0.0	0.0
AT1G80750	61	4.369951	30.508530	39.426071
AT5G46760	48	1.486571	10.378400	13.411971
AT1G03220	65	2.712586	18.937744	24.473183
AT2G27380	0	0.0	0.0	0.0
AT5G41030	0	0.0	0.0	0.0
AT3G23120	6	0.170142	1.187835	1.535036
AT3G42153	0	0.000000	0.000000	0.000000
AT5G53895	0	0.000000	0.000000	0.000000
AT2G03760	26	1.493061	10.423709	13.470524
AT3G23450	323	11.916898	83.972427	108.517273
ATMG00290	1	0.065197	0.455169	0.588213
AT1G06570	33	1.658301	11.629710	15.029036
AT1G73940	60	5.209660	36.370907	47.001999
AT4G16790	19	0.832329	5.810851	7.509344
AT3G07825	0	0.000000	0.000000	0.000000
AT2G17033	73	2.608206	19.417118	25.092676
AT1G30400	104	1.357213	10.086876	13.035235
AT1G80610	16	0.386720	3.079469	3.979588
AT3G09045	0	0.0	0.0	0.0
AT5G50540	1	0.003247	0.022669	0.029295
AT3G52790	0	0.0	0.0	0.0
AT3G53950	7	0.233364	1.629216	2.105430
AT1G57600	0	0.000000	0.000000	0.000000
AT1G12120	74	2.056723	19.791967	25.577089
AT5G16790	0	0.000000	0.000000	0.000000
AT2G05920	186	4.908791	34.270412	44.287533
AT5G10680	0	0.000000	0.000000	0.000000
AT1G65280	40	1.319229	9.210113	11.902197
AT5G64260	24	1.123595	7.844306	10.137170
AT1G34320	62	1.597453	11.722773	15.149300
AT1G71780	41	3.061437	21.373224	27.620546
AT5G66990	0	0.0	0.0	0.0
AT4G10680	0	0.0	0.0	0.0
AT4G31340	205	8.459432	59.181320	76.479813
AT2G40230	5	0.209289	1.461138	1.888223
AT3G01480	520	20.522314	162.833374	210.429016
AT3G50130	0	0.0	0.0	0.0
AT5G27140	0	0.0	0.0	0.0
AT5G03585	4	0.080829	0.725322	0.937332
AT4G16120	16	0.477961	3.336854	4.312205
AT5G02570	1	0.113105	0.789635	1.020443
AT5G47260	0	0.0	0.0	0.0
AT4G27140	0	0.0	0.0	0.0
AT1G24095	0	0.000000	0.000000	0.000000
AT1G12790	44	0.525982	6.416910	8.292551
AT1G13950	18	1.476089	10.305221	13.317401
AT5G16120	36	1.410333	12.465598	16.109249
AT3G17600	0	0.0	0.0	0.0
AT4G03585	23	2.347787	16.390924	21.181934
AT3G52120	78	2.141724	16.878820	21.812443
AT2G42220	841	61.985058	432.744690	559.234497
AT4G02570	147	4.010573	29.393017	37.984497
AT1G65352	0	0.0	0.0	0.0
AT1G80490	20	0.386714	2.721817	3.517395
AT2G28070	50	1.471025	10.596583	13.693929
AT3G27530	55	1.260793	9.218993	11.913672
AT3G47360	371	9.290948	65.027084	84.034279
AT2G26870	17	0.709452	4.952993	6.400737
AT4G21000	0	0.0	0.0	0.0
AT5G61865	0	0.000000	0.000000	0.000000
AT5G47175	0	0.000000	0.000000	0.000000
AT3G17717	0	0.000000	0.000000	0.000000
AT5G40840	0	0.000000	0.000000	0.000000
AT1G62990	0	0.000000	0.000000	0.000000
AT1G63750	0	0.000000	0.000000	0.000000
AT2G19070	0	0.0	0.0	0.0
AT1G07340	0	0.0	0.0	0.0
AT1G10130	57	1.226252	8.951017	11.567369
AT2G06595	0	0.0	0.0	0.0
AT1G49350	13	0.692619	4.835475	6.248868
AT3G57800	59	2.213611	16.557487	21.397184
AT1G63610	60	2.645845	19.632446	25.370943
AT1G60970	0	0.0	0.0	0.0
AT2G44578	2	0.210375	1.468719	1.898021
AT3G01975	0	0.0	0.0	0.0
AT5G40580	46	2.548184	20.347652	26.295202
AT2G31180	0	0.000000	0.000000	0.000000
AT1G69830	317	8.106914	56.597897	73.141266
AT3G17390	1456	68.621368	479.075684	619.107849
AT5G13565	0	0.000000	0.000000	0.000000
AT2G10455	0	0.0	0.0	0.0
AT4G00590	3	0.133843	1.028840	1.329567
AT5G17290	46	1.517569	11.837806	15.297956
AT1G10770	2	0.154008	1.075197	1.389473
AT1G09687	3	1.360759	9.500051	12.276884
AT5G03845	0	0.0	0.0	0.0
AT5G16450	23	1.587013	11.761926	15.199896
AT3G52450	3	0.121480	0.848105	1.096003
AT1G51510	127	9.458879	66.036560	85.338814
AT1G75010	36	0.929037	12.704475	16.417950
AT1G51460	10	0.324888	2.268185	2.931167
AT3G02740	60	2.315780	16.167469	20.893166
AT4G03845	3	0.615299	4.295671	5.551280
AT1G21960	0	0.0	0.0	0.0
AT3G23790	11	0.316401	2.216976	2.864990
AT3G22950	46	3.395247	24.174183	31.240215
AT1G72440	160	3.445194	24.052401	31.082834
AT4G16450	246	21.658186	155.890961	201.457382
AT1G71380	0	0.0	0.0	0.0
AT1G76920	45	2.017755	14.086827	18.204359
AT4G04025	0	0.0	0.0	0.0
AT1G49490	3	0.046070	0.330550	0.427169
AT3G46735	0	0.000000	0.000000	0.000000
AT5G58000	0	0.000000	0.000000	0.000000
AT2G14440	0	0.0	0.0	0.0
AT3G14960	24	1.188045	8.294260	10.718643
AT5G63905	5	0.313636	3.716965	4.803421
AT3G60040	4	0.081369	0.719598	0.929933
AT4G31740	0	0.000000	0.000000	0.000000
AT3G16290	89	2.163240	15.913074	20.564409
AT5G04025	0	0.0	0.0	0.0
AT1G59723	0	0.0	0.0	0.0
AT1G61630	0	0.0	0.0	0.0
AT5G52290	0	0.000000	0.000000	0.000000
AT3G05555	0	0.0	0.0	0.0
AT3G17450	24	0.558022	4.059223	5.245720
AT2G09990	204	16.145338	112.717644	145.664627
AT3G05000	37	2.432365	17.965399	23.216623
AT1G09480	0	0.000000	0.000000	0.000000
AT3G52390	6	0.338252	2.361485	3.051739
AT5G16390	188	6.260000	73.400345	94.855011
AT1G08293	0	0.0	0.0	0.0
AT1G53530	13	0.938588	7.134720	9.220174
AT2G03360	0	0.0	0.0	0.0
AT4G33980	0	0.000000	0.000000	0.000000
AT2G04810	0	0.0	0.0	0.0
AT1G65870	2	0.137546	0.960269	1.240952
AT4G16390	142	4.598781	32.106094	41.490597
AT3G28193	0	0.0	0.0	0.0
AT5G56800	0	0.0	0.0	0.0
AT3G12800	99	6.922067	48.325966	62.451481
AT4G15396	0	0.0	0.0	0.0
AT4G26530	483	17.411810	121.559425	157.090836
AT5G45940	56	4.711154	35.105858	45.367180
AT2G27780	0	0.0	0.0	0.0
AT3G43630	0	0.0	0.0	0.0
AT3G50370	115	1.213537	8.665435	11.198312
AT3G49810	24	0.700147	4.888031	6.316786
AT1G28460	0	0.0	0.0	0.0
AT3G04980	6	0.116154	0.950020	1.227707
AT1G28510	75	5.355013	37.385681	48.313385
AT1G80350	33	1.334684	9.318010	12.041634
AT1G23800	28	1.071074	7.797126	10.076199
AT5G46360	0	0.0	0.0	0.0
AT3G46260	0	0.0	0.0	0.0
AT3G08475	0	0.000000	0.000000	0.000000
AT3G17120	43	1.428393	11.422656	14.761458
AT5G16600	6	0.226128	1.587865	2.051992
AT2G36990	168	6.550391	45.731136	59.098186
AT3G52600	0	0.000000	0.000000	0.000000
AT5G50270	0	0.000000	0.000000	0.000000
AT1G57790	14	0.793353	5.538743	7.157699
AT3G26140	0	0.0	0.0	0.0
AT1G19460	0	0.0	0.0	0.0
AT2G34260	49	2.172991	17.249817	22.291878
AT1G19510	12	1.303387	9.099513	11.759269
AT1G20520	0	0.000000	0.000000	0.000000
AT3G44990	276	15.829145	110.510162	142.811905
AT1G06240	20	0.874857	6.505525	8.407068
AT1G09143	0	0.000000	0.000000	0.000000
AT1G68937	0	0.000000	0.000000	0.000000
AT4G16600	0	0.0	0.0	0.0
AT5G23040	0	0.000000	0.000000	0.000000
AT2G17850	0	0.0	0.0	0.0
AT2G38110	28	0.995935	6.953056	8.985411
AT3G55200	14	0.195565	1.427871	1.845233
AT2G45100	77	2.746535	19.174759	24.779474
AT1G18640	70	3.780190	26.625982	34.408665
AT1G04043	1	0.003592	0.025077	0.032407
AT5G54225	0	0.0	0.0	0.0
AT4G01023	0	0.0	0.0	0.0
AT2G20921	0	0.000000	0.000000	0.000000
AT5G02090	5	0.388711	2.713761	3.506984
AT3G14840	157	3.058480	24.726578	31.954071
AT4G23040	25	0.738042	6.732583	8.700493
AT1G24575	13	1.401639	9.785453	12.645707
AT5G08200	33	1.281752	8.948469	11.564076
AT5G17167	0	0.000000	0.000000	0.000000
AT2G28590	0	0.000000	0.000000	0.000000
AT4G02090	0	0.0	0.0	0.0
AT5G09455	0	0.0	0.0	0.0
AT3G04560	0	0.000000	0.000000	0.000000
AT3G04410	0	0.0	0.0	0.0
AT1G05927	0	0.000000	0.000000	0.000000
AT5G41520	712	56.448414	394.090973	509.282410
AT2G12400	0	0.000000	0.000000	0.000000
AT5G38930	5	0.404420	2.823432	3.648712
AT1G29640	0	0.0	0.0	0.0
AT3G08300	0	0.000000	0.000000	0.000000
AT1G74710	40	1.415281	10.544146	13.626164
AT2G30120	10	0.424957	2.966810	3.833998
AT5G15890	0	0.000000	0.000000	0.000000
AT5G42080	143	4.082677	29.869984	38.600876
AT2G19590	0	0.000000	0.000000	0.000000
AT2G01270	46	1.576344	11.110278	14.357774
AT4G38930	36	2.018584	16.388676	21.179029
AT1G66370	0	0.0	0.0	0.0
AT4G15890	7	0.114854	0.808792	1.045200
AT5G55300	93	2.277932	15.903236	20.551697
AT1G72170	62	7.235380	50.513344	65.278214
AT1G30135	0	0.0	0.0	0.0
AT2G06075	0	0.0	0.0	0.0
AT3G54640	137	7.500000	52.360771	67.665642
AT1G70190	61	2.817603	24.127604	31.180021
AT5G27470	140	6.435632	44.929951	58.062820
AT2G29330	0	0.0	0.0	0.0
AT3G48680	75	4.897605	34.192314	44.186611
AT4G33560	3	0.286275	1.998611	2.582798
AT4G33410	35	1.296897	10.854177	14.026816
AT1G74650	8	0.206667	2.335074	3.017608
AT5G57970	16	0.678652	5.028965	6.498915
ATCG00330	472	124.366333	868.255554	1122.043701
AT4G27470	0	0.000000	0.000000	0.000000
AT5G01805	0	0.0	0.0	0.0
AT1G60983	0	0.0	0.0	0.0
AT2G30450	0	0.0	0.0	0.0
AT1G09910	10	0.283711	1.980710	2.559665
AT5G45860	0	0.0	0.0	0.0
AT1G05433	0	0.000000	0.000000	0.000000
AT4G00070	0	0.0	0.0	0.0
AT1G56040	0	0.0	0.0	0.0
AT1G72730	36	1.669402	11.654822	15.061487
AT2G18330	23	0.791993	5.529248	7.145429
AT5G45113	0	0.0	0.0	0.0
AT3G08690	66	3.896450	33.133518	42.818329
AT3G02430	0	0.0	0.0	0.0
AT5G09125	0	0.0	0.0	0.0
AT3G14580	1	0.057165	0.399094	0.515748
AT4G37295	0	0.0	0.0	0.0
AT2G08875	0	0.0	0.0	0.0
AT4G09125	0	0.0	0.0	0.0
AT1G04890	0	0.0	0.0	0.0
AT5G55690	0	0.0	0.0	0.0
AT1G21580	45	0.418365	3.167058	4.092779
AT3G05932	11	0.215888	2.621006	3.387116
AT1G06515	55	5.873423	43.505936	56.222569
AT1G70645	0	0.000000	0.000000	0.000000
AT1G22020	25	0.624510	4.545222	5.873775
AT5G08535	11	0.813440	5.736520	7.413285
AT1G48270	14	0.668605	4.897100	6.328506
AT4G09605	0	0.0	0.0	0.0
AT5G62770	5	0.263736	1.841256	2.379449
AT4G11745	0	0.0	0.0	0.0
AT3G62880	20	1.117518	11.929214	15.416082
AT4G31430	39	0.637632	7.410676	9.576791
AT5G64110	25	1.343071	9.625033	12.438397
AT4G08535	0	0.0	0.0	0.0
AT2G30390	218	8.628218	61.145451	79.018051
AT3G29794	3	0.181592	1.267773	1.638339
AT5G09605	0	0.0	0.0	0.0
AT1G66852	0	0.0	0.0	0.0
AT2G04285	0	0.000000	0.000000	0.000000
AT5G12970	0	0.000000	0.000000	0.000000
AT3G56970	0	0.000000	0.000000	0.000000
AT5G40960	11	1.093867	7.636762	9.868961
AT2G25370	0	0.0	0.0	0.0
AT4G13985	0	0.0	0.0	0.0
AT1G03550	31	0.724793	5.424345	7.009863
AT3G26470	0	0.000000	0.000000	0.000000
AT4G33700	55	1.906966	16.035429	20.722530
AT4G12970	47	3.332143	39.062542	50.480392
AT1G09473	1	0.060784	0.424360	0.548398
AT2G27900	57	1.043063	7.944085	10.266114
AT5G66680	256	10.362349	76.119209	98.368599
AT2G14170	82	2.675260	19.709703	25.470781
AT1G06017	0	0.000000	0.000000	0.000000
AT4G09395	0	0.0	0.0	0.0
AT5G62130	21	0.547684	3.972451	5.133584
AT1G74400	0	0.000000	0.000000	0.000000
AT5G05725	0	0.000000	0.000000	0.000000
AT2G35035	0	0.000000	0.000000	0.000000
AT5G10990	0	0.0	0.0	0.0
AT2G30600	171	3.869997	30.371695	39.249237
AT1G78310	8	0.345476	2.411918	3.116914
AT3G04700	3	0.209692	1.463951	1.891859
AT2G04062	0	0.0	0.0	0.0
AT5G09395	0	0.000000	0.000000	0.000000
AT4G03965	0	0.0	0.0	0.0
AT2G33385	0	0.0	0.0	0.0
AT1G21840	18	1.007241	7.220208	9.330649
AT3G09295	0	0.000000	0.000000	0.000000
AT2G32370	0	0.0	0.0	0.0
AT4G24820	171	7.937099	56.098480	72.495872
AT3G13020	0	0.000000	0.000000	0.000000
AT1G29195	0	0.0	0.0	0.0
AT1G67270	0	0.0	0.0	0.0
AT2G45620	0	0.000000	0.000000	0.000000
AT5G60790	177	5.573854	38.913506	50.287788
AT5G03965	0	0.000000	0.000000	0.000000
AT2G14265	0	0.0	0.0	0.0
AT1G70320	114	0.783186	5.467763	7.065971
AT3G62540	20	0.772900	5.395951	6.973170
AT3G25805	58	3.422156	25.908381	33.481312
AT1G08817	0	0.0	0.0	0.0
AT5G24820	0	0.0	0.0	0.0
ATMG00040	1	0.019251	0.134400	0.173684
AT2G41560	117	1.870140	13.903278	17.967159
AT2G36270	0	0.000000	0.000000	0.000000
AT2G41410	35	2.160465	15.083147	19.491899
AT5G47080	47	1.774347	16.634785	21.497076
AT5G50990	4	0.150433	1.050238	1.357219
AT1G08757	6	0.558673	3.900340	5.040396
AT2G21330	1327	51.937836	421.741028	545.014526
AT2G05505	0	0.0	0.0	0.0
AT2G05050	0	0.0	0.0	0.0
AT1G77170	6	0.269637	1.882453	2.432688
AT5G09805	0	0.0	0.0	0.0
AT5G20490	47	0.665895	4.666357	6.030317
AT1G73590	31	1.032409	7.207697	9.314482
AT1G26985	0	0.0	0.0	0.0
AT4G30160	75	1.197837	10.161299	13.131411
AT1G01910	111	4.786624	40.525852	52.371422
AT3G62680	0	0.0	0.0	0.0
AT5G07090	783	41.769180	312.229767	403.493469
AT5G01125	0	0.000000	0.000000	0.000000
AT5G44370	26	0.913102	6.374763	8.238084
AT5G66540	84	3.299950	23.038387	29.772430
AT4G07090	0	0.0	0.0	0.0
AT3G53020	761	70.259819	490.514404	633.890076
AT4G35470	71	2.043400	14.751347	19.063116
AT1G04497	1	0.087727	0.612460	0.791480
AT4G38550	173	5.589972	40.860016	52.803261
AT1G08700	45	2.026689	14.149199	18.284962
AT3G07430	223	13.655146	95.332520	123.197891
AT4G38005	0	0.0	0.0	0.0
AT5G66880	55	2.689908	18.779419	24.268579
AT1G77730	0	0.0	0.0	0.0
AT2G09165	1	0.006489	0.045303	0.058544
AT5G38550	4	0.133185	0.929823	1.201607
AT2G30800	38	0.594381	6.441478	8.324300
AT5G38005	0	0.000000	0.000000	0.000000
AT2G07754	0	0.000000	0.000000	0.000000
AT4G32295	0	0.000000	0.000000	0.000000
AT5G01455	0	0.000000	0.000000	0.000000
AT1G08973	24	0.825538	7.173851	9.270742
AT5G36805	0	0.0	0.0	0.0
AT4G24620	184	6.165338	43.042912	55.624207
AT5G49520	0	0.000000	0.000000	0.000000
AT1G21640	33	0.743974	5.282224	6.826200
AT5G22470	0	0.0	0.0	0.0
AT5G24620	157	3.324733	43.754169	56.543358
AT3G20030	0	0.0	0.0	0.0
AT2G09270	0	0.0	0.0	0.0
AT4G22470	4	0.221716	1.547896	2.000341
AT2G33520	0	0.000000	0.000000	0.000000
AT2G45820	175	14.992659	104.670280	135.265045
AT3G16970	0	0.0	0.0	0.0
AT5G52970	105	7.257840	50.670143	65.480850
AT1G03103	0	0.0	0.0	0.0
AT5G24100	0	0.0	0.0	0.0
AT5G48130	0	0.0	0.0	0.0
AT5G17970	0	0.0	0.0	0.0
AT2G17650	0	0.000000	0.000000	0.000000
AT2G40920	9	0.398126	2.779491	3.591927
AT1G18840	46	1.325741	10.151042	13.118157
AT4G01395	29	0.926213	6.466297	8.356373
AT4G24100	21	0.535263	4.027653	5.204922
AT2G05230	18	0.491240	3.429560	4.432009
AT3G14640	0	0.0	0.0	0.0
AT4G17970	0	0.000000	0.000000	0.000000
AT5G01395	0	0.0	0.0	0.0
AT1G29840	0	0.000000	0.000000	0.000000
AT3G48540	0	0.000000	0.000000	0.000000
AT3G01295	5	1.076923	7.518469	9.716091
AT1G27020	76	3.737231	27.729404	35.834614
AT5G15690	0	0.0	0.0	0.0
AT2G35900	10	0.468428	3.270300	4.226197
AT3G54580	2	0.044219	0.308712	0.398948
AT5G06430	21	1.233766	8.613458	11.131143
AT1G04300	76	0.891143	10.096035	13.047072
AT2G27035	0	0.000000	0.000000	0.000000
AT2G10602	0	0.0	0.0	0.0
AT4G15690	30	3.521021	24.581781	31.766953
AT1G16040	0	0.000000	0.000000	0.000000
AT1G08410	27	0.817900	5.990979	7.742122
AT1G08560	0	0.000000	0.000000	0.000000
AT3G48880	25	0.879982	6.583822	8.508250
AT1G29580	0	0.000000	0.000000	0.000000
AT1G03930	108	3.429257	24.762594	32.000614
AT4G14225	0	0.0	0.0	0.0
AT5G39430	0	0.0	0.0	0.0
AT5G35913	0	0.0	0.0	0.0
AT4G20350	0	0.000000	0.000000	0.000000
AT2G37370	0	0.0	0.0	0.0
AT3G54840	94	3.962507	45.489479	58.785896
AT3G10405	89	2.817243	21.237822	27.445562
AT2G23310	75	4.546360	31.740118	41.017647
AT5G20350	78	2.392756	16.704872	21.587648
AT5G45660	0	0.000000	0.000000	0.000000
AT2G03925	85	10.884644	75.990440	98.202187
AT3G06090	0	0.0	0.0	0.0
AT3G15200	2	0.064349	0.449248	0.580562
AT2G43430	32	1.340300	9.357218	12.092301
AT1G74850	86	1.900251	13.901721	17.965147
AT5G48770	0	0.000000	0.000000	0.000000
AT1G62270	0	0.0	0.0	0.0
AT5G01605	0	0.0	0.0	0.0
AT2G24860	53	3.837017	26.787888	34.617897
AT1G24881	31	1.539088	10.745044	13.885783
AT3G08890	19	1.188531	11.762707	15.200906
AT2G34080	0	0.000000	0.000000	0.000000
AT5G15300	3	0.112928	0.788400	1.018846
AT2G26355	3	0.211907	1.479415	1.911843
AT2G22900	26	1.137950	7.944524	10.266683
AT3G20250	34	0.683209	5.479966	7.081742
AT4G08955	0	0.0	0.0	0.0
AT1G18580	27	0.944641	6.594951	8.522632
AT2G05765	10	9.341772	65.218979	84.282265
AT2G17710	25	1.839319	12.841087	16.594494
AT4G15300	0	0.0	0.0	0.0
AT5G55890	0	0.0	0.0	0.0
AT1G04690	170	8.422001	58.797657	75.984016
AT3G46080	1	0.094148	0.657288	0.849411
AT1G04357	0	0.0	0.0	0.0
AT2G41700	50	0.597979	4.578161	5.916341
AT1G75945	35	6.045553	42.206642	54.543495
AT5G08955	0	0.000000	0.000000	0.000000
AT5G67130	56	2.464875	17.208366	22.238314
AT2G08675	0	0.0	0.0	0.0
AT5G43180	0	0.000000	0.000000	0.000000
AT3G10370	51	1.756533	12.263123	15.847590
AT3G22530	0	0.000000	0.000000	0.000000
AT1G23390	118	4.809426	33.576698	43.391052
AT1G18960	0	0.0	0.0	0.0
AT2G39180	5	0.140512	0.980976	1.267711
AT1G02340	4	0.192510	1.470570	1.900412
AT1G67990	0	0.0	0.0	0.0
AT5G07570	0	0.0	0.0	0.0
ATCG01200	4	3.972603	27.734474	35.841164
AT5G61010	72	1.729394	12.073652	15.602740
AT5G03190	16	0.627453	4.380523	5.660934
AT4G10270	0	0.000000	0.000000	0.000000
AT5G20856	0	0.0	0.0	0.0
AT3G49750	1	0.059774	0.418663	0.541036
AT2G14288	0	0.0	0.0	0.0
AT5G22140	10	0.448255	3.137143	4.054119
AT1G59510	10	0.416524	2.907936	3.757915
AT1G59460	0	0.0	0.0	0.0
AT1G65670	0	0.0	0.0	0.0
AT2G47220	28	0.454979	3.277735	4.235806
AT4G15475	21	0.642485	4.485468	5.796555
AT1G17790	7	0.246017	1.717552	2.219586
AT5G10270	11	0.434196	3.031312	3.917353
AT3G12600	41	1.906730	18.513985	23.925560
AT5G56600	44	7.179381	58.017567	74.975899
AT4G03190	37	1.203705	8.801350	11.373954
AT3G57120	5	0.199783	1.394772	1.802459
AT5G42260	0	0.0	0.0	0.0
AT4G16857	28	1.595765	11.833199	15.292002
AT4G22140	43	1.835878	17.529079	22.652769
AT1G29960	0	0.000000	0.000000	0.000000
AT1G68760	11	0.982683	6.860538	8.865850
AT3G57450	52	2.398137	16.742439	21.636196
AT1G47760	0	0.000000	0.000000	0.000000
AT3G24510	0	0.0	0.0	0.0
AT1G08980	81	2.490630	18.099609	23.390064
AT2G24940	189	31.076447	216.958206	280.374359
AT3G24460	0	0.000000	0.000000	0.000000
AT5G12290	28	0.935897	6.545096	8.458205
AT2G04750	0	0.0	0.0	0.0
AT3G56290	105	7.870876	54.950012	71.011719
AT2G46190	0	0.0	0.0	0.0
AT3G54960	51	1.701442	13.293554	17.179214
AT1G77440	0	0.000000	0.000000	0.000000
AT5G18000	0	0.000000	0.000000	0.000000
AT3G49610	0	0.0	0.0	0.0
AT1G55803	0	0.000000	0.000000	0.000000
AT1G23600	0	0.0	0.0	0.0
AT3G27950	0	0.0	0.0	0.0
AT3G07740	10	0.382367	2.789775	3.605216
AT4G12290	65	1.694775	12.174158	15.732622
AT1G35501	0	0.0	0.0	0.0
AT3G63350	0	0.0	0.0	0.0
AT5G63250	0	0.0	0.0	0.0
AT3G52800	41	2.348143	16.393410	21.185146
AT1G48990	0	0.0	0.0	0.0
AT5G16800	17	0.903425	6.307203	8.150778
AT4G13968	0	0.0	0.0	0.0
AT4G29000	17	0.476278	3.441562	4.447518
AT1G13530	0	0.000000	0.000000	0.000000
AT3G33393	0	0.0	0.0	0.0
AT4G16800	0	0.000000	0.000000	0.000000
AT4G35140	13	0.460644	3.215956	4.155970
AT5G56390	0	0.0	0.0	0.0
AT3G12390	237	16.146154	112.723343	145.671982
AT2G08490	0	0.000000	0.000000	0.000000
AT2G02630	0	0.0	0.0	0.0
AT5G29000	15	0.456428	3.650097	4.717008
AT4G03320	4	0.229740	1.603915	2.072734
AT3G57390	11	0.409981	3.703491	4.786009
AT1G09547	0	0.0	0.0	0.0
AT1G07003	0	0.0	0.0	0.0
AT4G23915	0	0.0	0.0	0.0
AT3G17800	59	2.754304	19.228996	24.849566
AT5G03320	25	0.846023	6.440667	8.323253
AT3G45150	0	0.0	0.0	0.0
AT3G63490	487	25.659626	193.707413	250.327423
AT2G26670	153	8.604520	60.071899	77.630714
AT1G23120	0	0.000000	0.000000	0.000000
AT5G35695	0	0.0	0.0	0.0
AT5G26950	0	0.0	0.0	0.0
AT2G35780	109	5.096661	35.582012	45.982510
AT5G06740	0	0.0	0.0	0.0
AT3G03220	35	1.921637	13.415786	17.337173
AT4G26950	2	0.131769	0.919937	1.188831
AT2G04065	0	0.000000	0.000000	0.000000
AT1G11460	0	0.0	0.0	0.0
AT1G11510	0	0.0	0.0	0.0
AT5G56450	9	0.422905	2.952484	3.815485
AT2G08350	1	0.144647	1.009844	1.305018
AT5G40640	9	0.296413	2.069388	2.674263
AT1G50770	0	0.0	0.0	0.0
AT4G22305	66	4.641410	32.867027	42.473949
AT5G57290	807	76.562943	568.951965	735.254639
AT1G47500	21	0.823113	5.959794	7.701820
AT1G79380	78	3.260280	23.661886	30.578175
AT1G63810	45	0.945804	6.603070	8.533125
AT3G12120	821	25.960047	245.142166	316.796387
AT5G56120	22	1.443059	10.074623	13.019402
AT3G57600	13	0.896943	6.261950	8.092297
AT1G52790	0	0.0	0.0	0.0
AT4G34220	68	1.894003	13.222860	17.087856
AT1G53950	0	0.0	0.0	0.0
AT1G68500	5	0.366700	2.560092	3.308399
AT2G43740	0	0.0	0.0	0.0
AT1G31240	0	0.0	0.0	0.0
AT4G39740	13	0.764569	5.337789	6.898007
AT5G65380	88	3.568170	24.910950	32.192333
AT1G64360	11	1.143059	7.980194	10.312776
AT1G69630	0	0.0	0.0	0.0
AT3G06570	4	0.220225	1.537487	1.986889
AT1G23450	0	0.0	0.0	0.0
AT5G39740	1094	62.508934	456.282990	589.652954
AT2G01990	12	0.560875	4.069647	5.259190
AT2G07830	0	0.0	0.0	0.0
AT5G03645	0	0.0	0.0	0.0
AT3G45420	4	0.083622	0.583802	0.754445
AT1G09887	0	0.000000	0.000000	0.000000
AT1G01480	0	0.0	0.0	0.0
AT2G22780	85	3.371743	23.539606	30.420155
AT3G05935	1	0.045452	0.499131	0.645025
AT4G03645	0	0.0	0.0	0.0
AT1G66855	0	0.0	0.0	0.0
AT2G41980	44	1.569280	11.651521	15.057220
AT5G63030	28	2.085796	20.925179	27.041536
AT2G46320	17	0.683408	5.359892	6.926571
AT2G06865	0	0.0	0.0	0.0
AT5G10540	138	1.390419	12.596200	16.278025
AT5G56790	0	0.000000	0.000000	0.000000
AT4G07240	0	0.0	0.0	0.0
AT2G03937	0	0.0	0.0	0.0
AT1G52120	0	0.0	0.0	0.0
AT1G17600	5	0.079882	0.557691	0.720702
AT3G13950	0	0.000000	0.000000	0.000000
AT1G75180	92	3.463726	27.951916	36.122166
AT4G10540	0	0.0	0.0	0.0
AT3G49307	0	0.000000	0.000000	0.000000
AT5G07240	60	2.986311	21.075356	27.235611
AT5G45070	0	0.0	0.0	0.0
AT5G35067	0	0.0	0.0	0.0
AT4G00860	228	25.984833	181.411438	234.437378
AT3G10130	69	2.428049	17.790981	22.991224
AT3G07340	17	0.595303	4.156069	5.370874
AT4G37480	3	0.067742	0.579278	0.748599
AT3G62990	0	0.0	0.0	0.0
AT5G00860	1	0.073433	0.512668	0.662519
AT5G50680	31	1.719623	12.005437	15.514585
AT4G38781	0	0.000000	0.000000	0.000000
AT2G04350	64	1.943186	13.566229	17.531590
AT2G31010	16	0.380880	2.663131	3.441556
AT2G09215	0	0.000000	0.000000	0.000000
AT5G37480	39	1.375845	22.342062	28.872568
AT2G29654	0	0.0	0.0	0.0
AT1G27530	53	4.426299	30.901920	39.934448
AT4G38220	99	4.806334	33.740040	43.602142
AT1G64500	17	0.876323	6.117993	7.906261
AT4G06105	0	0.000000	0.000000	0.000000
AT2G41475	114	8.576159	59.873901	77.374840
AT1G68360	0	0.0	0.0	0.0
AT5G38220	39	1.850450	12.918798	16.694918
AT5G21222	65	1.525141	10.647674	13.759953
AT3G60970	0	0.000000	0.000000	0.000000
AT1G57800	0	0.0	0.0	0.0
AT1G05237	0	0.0	0.0	0.0
AT3G49350	18	0.526176	3.673464	4.747205
AT3G07625	0	0.000000	0.000000	0.000000
AT5G06105	0	0.0	0.0	0.0
AT1G80810	15	0.266359	2.592312	3.350036
AT5G10880	0	0.000000	0.000000	0.000000
AT2G21440	335	5.367449	39.720375	51.330505
AT1G22950	36	1.683718	12.491303	16.142469
AT1G23790	7	0.271336	1.898364	2.453249
AT3G21960	0	0.0	0.0	0.0
AT5G49250	0	0.0	0.0	0.0
AT1G02740	20	0.953418	7.026020	9.079701
AT4G30210	151	4.406674	30.798794	39.801174
AT1G27008	0	0.000000	0.000000	0.000000
AT3G51460	31	1.000000	6.981436	9.022085
AT4G10880	0	0.0	0.0	0.0
AT1G52450	5	0.091135	0.636253	0.822228
AT3G51510	223	14.775747	103.155930	133.308060
AT2G39865	0	0.0	0.0	0.0
AT2G33250	19	1.384688	9.667110	12.492773
AT3G10770	45	1.756836	15.150303	19.578684
AT2G14878	17	1.518265	10.599669	13.697917
AT1G05000	0	0.000000	0.000000	0.000000
AT5G44286	2	1.764706	12.320182	15.921329
AT1G17450	18	0.224268	1.611364	2.082361
AT4G15980	0	0.0	0.0	0.0
AT2G46720	7	0.165114	1.152733	1.489673
AT5G53140	211	6.560250	53.113102	68.637878
AT3G61630	23	1.194771	8.341217	10.779326
AT1G16290	0	0.0	0.0	0.0
AT1G60040	0	0.0	0.0	0.0
AT5G15980	44	1.345197	9.391406	12.136482
AT1G14960	0	0.0	0.0	0.0
AT3G01045	0	0.000000	0.000000	0.000000
AT2G22380	0	0.0	0.0	0.0
AT3G49490	43	1.091746	7.665756	9.906430
AT3G21351	0	0.000000	0.000000	0.000000
AT1G12800	321	9.309325	64.992455	83.989525
AT5G39340	61	3.654807	25.515800	32.973980
AT3G53530	8	0.556494	4.153870	5.368032
AT3G07105	0	0.000000	0.000000	0.000000
AT1G79780	0	0.000000	0.000000	0.000000
AT1G52390	0	0.0	0.0	0.0
AT2G08610	0	0.000000	0.000000	0.000000
AT1G09277	0	0.0	0.0	0.0
AT2G43340	16	1.314119	9.174438	11.856094
AT4G39340	0	0.0	0.0	0.0
AT3G09480	4	0.332884	2.324008	3.003308
AT5G65780	130	1.843123	14.129448	18.259438
AT1G64760	27	1.113494	8.216403	10.618030
AT4G14000	38	1.366095	9.537304	12.325026
AT3G23800	0	0.0	0.0	0.0
AT5G05960	23	1.487609	10.385647	13.421335
AT3G28510	11	0.409694	2.860252	3.696294
AT1G04980	46	2.200960	15.365861	19.857250
AT2G28940	65	1.675197	18.595604	24.031038
AT3G28460	60	2.741787	20.030569	25.885437
AT1G49810	0	0.0	0.0	0.0
AT2G08750	1	0.105487	0.736451	0.951713
AT1G05057	1	0.374359	2.613563	3.377499
AT5G41905	0	0.0	0.0	0.0
AT1G50370	89	4.233612	29.556690	38.196011
AT4G06340	1	0.004643	0.032415	0.041890
AT3G58960	0	0.0	0.0	0.0
AT5G14000	0	0.0	0.0	0.0
AT1G43630	0	0.0	0.0	0.0
AT4G13261	0	0.0	0.0	0.0
AT2G35380	0	0.000000	0.000000	0.000000
AT1G64235	0	0.0	0.0	0.0
AT2G44480	0	0.0	0.0	0.0
AT5G06340	78	6.012560	41.976299	54.245831
AT1G30850	0	0.0	0.0	0.0
AT2G33030	0	0.0	0.0	0.0
AT5G03720	0	0.0	0.0	0.0
AT3G06240	15	0.667422	4.659564	6.021538
AT1G44990	0	0.0	0.0	0.0
AT3G20520	0	0.0	0.0	0.0
AT3G19510	32	0.811118	6.008517	7.764786
AT2G19940	138	5.740165	44.733833	57.809383
AT3G19460	75	3.369427	27.577801	35.638699
AT5G48655	42	1.390572	10.404448	13.445632
AT1G26140	0	0.000000	0.000000	0.000000
AT3G57790	21	0.741906	5.985157	7.734598
AT1G52600	47	3.351885	25.759565	33.288998
AT1G17120	35	1.280545	8.940042	11.553186
AT3G02825	0	0.000000	0.000000	0.000000
AT5G49030	122	2.101252	16.848579	21.773359
AT4G16566	22	0.918282	12.991991	16.789505
AT4G11820	106	3.747668	30.722689	39.702824
AT5G44130	140	9.107755	63.585205	82.170944
AT3G24575	0	0.000000	0.000000	0.000000
AT4G33890	21	1.007524	7.051648	9.112821
AT1G14840	0	0.000000	0.000000	0.000000
AT4G28100	29	1.517726	10.595906	13.693054
AT5G11820	0	0.000000	0.000000	0.000000
AT3G18640	33	0.820275	5.933529	7.667880
AT5G66270	7	0.251957	1.759022	2.273178
AT1G55200	9	0.212175	1.991399	2.573478
AT5G45590	25	1.777070	12.406501	16.032877
AT1G07837	0	0.0	0.0	0.0
AT5G37473	0	0.0	0.0	0.0
AT3G44540	0	0.0	0.0	0.0
AT2G44910	0	0.000000	0.000000	0.000000
ATMG00970	0	0.0	0.0	0.0
AT2G21170	1130	59.321075	425.030212	549.265076
AT5G19100	6	0.265663	1.854709	2.396834
AT1G59077	0	0.0	0.0	0.0
AT3G58580	5	0.154988	1.082039	1.398315
AT1G67680	112	3.362128	24.202850	31.277260
AT2G46308	0	0.0	0.0	0.0
AT2G47550	0	0.0	0.0	0.0
AT1G08300	6	0.129771	0.991259	1.281001
AT2G36540	0	0.0	0.0	0.0
AT1G06643	0	0.000000	0.000000	0.000000
AT4G19100	56	5.291992	50.649414	65.454063
AT5G05580	57	2.516440	17.828047	23.039122
AT1G77330	4	0.210983	1.472964	1.903507
AT2G11015	0	0.0	0.0	0.0
AT1G04410	957	47.454433	331.300079	428.137939
AT1G04560	0	0.0	0.0	0.0
AT3G44880	64	2.511155	17.531467	22.655855
AT3G09910	0	0.000000	0.000000	0.000000
AT2G09540	1	0.230284	1.607713	2.077642
AT5G51620	57	3.126466	42.305153	54.670807
AT5G60800	9	0.434297	3.344010	4.321453
AT3G58840	19	0.866231	6.058336	7.829167
AT2G16210	0	0.0	0.0	0.0
AT3G25795	1	0.064069	0.447294	0.578036
AT5G42110	61	8.446957	58.971886	76.209167
AT4G05840	0	0.0	0.0	0.0
AT2G36880	423	18.379011	133.163391	172.086594
AT1G78850	303	14.461814	100.964226	130.475723
AT5G44770	0	0.0	0.0	0.0
AT2G23400	0	0.0	0.0	0.0
AT5G05840	3	0.130751	0.912830	1.179647
AT2G31862	0	0.0	0.0	0.0
AT2G28860	0	0.0	0.0	0.0
AT1G54640	0	0.0	0.0	0.0
AT5G63520	30	1.129826	7.887807	10.193387
AT3G04890	20	0.724672	5.811592	7.510300
AT2G38080	0	0.000000	0.000000	0.000000
AT2G42930	1	0.055228	0.385571	0.498272
AT2G26060	24	1.093948	8.995769	11.625201
AT5G15560	0	0.0	0.0	0.0
AT5G07465	0	0.000000	0.000000	0.000000
AT5G07515	0	0.000000	0.000000	0.000000
AT5G15410	0	0.000000	0.000000	0.000000
AT4G12040	64	2.364189	27.668589	35.756023
AT4G04955	54	2.109841	15.755550	20.360844
AT1G76050	85	3.765619	27.421139	35.436245
AT1G14580	69	1.903316	18.818474	24.319050
AT2G19860	43	1.357287	11.590907	14.978890
AT1G02430	0	0.000000	0.000000	0.000000
AT1G08357	0	0.0	0.0	0.0
AT2G21730	0	0.000000	0.000000	0.000000
AT5G12040	70	3.023421	23.804636	30.762650
AT5G04955	0	0.0	0.0	0.0
AT3G30775	23	0.811408	5.664793	7.320592
AT4G15560	616	16.639189	116.165428	150.120178
AT4G07465	0	0.0	0.0	0.0
AT2G04675	0	0.0	0.0	0.0
AT4G07515	0	0.0	0.0	0.0
AT4G15410	21	1.001237	6.990072	9.033246
AT3G56040	142	3.712525	25.918753	33.494717
AT4G35985	8	0.265278	1.993724	2.576482
AT2G17310	0	0.0	0.0	0.0
AT2G05365	3	0.439122	3.065702	3.961796
AT1G55535	18	0.461538	6.135202	7.928501
AT5G28345	0	0.0	0.0	0.0
AT4G15700	69	7.152543	49.935020	64.530853
AT2G41300	0	0.000000	0.000000	0.000000
AT1G62880	18	0.756550	10.100491	13.052829
AT5G57040	97	7.150817	62.453491	80.708435
AT5G59820	4	0.296636	2.070945	2.676275
AT2G25312	0	0.0	0.0	0.0
AT3G48270	0	0.0	0.0	0.0
AT3G22020	0	0.0	0.0	0.0
AT5G15700	16	0.289302	2.019743	2.610107
AT3G06465	0	0.0	0.0	0.0
AT3G06515	0	0.0	0.0	0.0
AT2G06945	0	0.0	0.0	0.0
AT3G21580	30	1.525292	10.648728	13.761314
AT3G03005	0	0.0	0.0	0.0
AT5G48370	15	0.648118	4.796958	6.199093
AT5G00940	0	0.0	0.0	0.0
AT1G26470	95	9.693196	67.672424	87.452843
AT1G06187	0	0.0	0.0	0.0
AT3G03550	22	1.072827	7.489873	9.679137
AT1G79900	0	0.000000	0.000000	0.000000
AT5G51100	58	2.983808	24.589811	31.777328
AT1G56970	0	0.0	0.0	0.0
AT4G00940	4	0.179534	1.402989	1.813078
AT1G08497	0	0.0	0.0	0.0
AT2G37770	0	0.000000	0.000000	0.000000
AT5G65900	47	1.591677	11.362335	14.683507
AT4G34550	1	0.042948	0.399247	0.515946
AT5G37910	0	0.0	0.0	0.0
AT1G04700	0	0.000000	0.000000	0.000000
AT2G41690	0	0.0	0.0	0.0
AT4G23970	0	0.0	0.0	0.0
AT5G53470	0	0.000000	0.000000	0.000000
AT4G20610	0	0.0	0.0	0.0
AT4G19620	0	0.0	0.0	0.0
AT4G37910	215	3.412992	24.271156	31.365532
AT5G67370	77	3.949130	27.570597	35.629387
AT4G14819	0	0.000000	0.000000	0.000000
AT5G23970	0	0.0	0.0	0.0
AT2G23650	0	0.0	0.0	0.0
AT5G19620	62	1.667344	11.727856	15.155868
AT1G58725	0	0.0	0.0	0.0
AT5G20610	27	0.533937	3.748375	4.844012
AT1G04973	0	0.000000	0.000000	0.000000
AT1G73660	57	0.995623	7.255778	9.376617
AT4G28620	0	0.0	0.0	0.0
AT2G37130	0	0.000000	0.000000	0.000000
AT2G01680	164	4.466804	32.718742	42.282318
AT1G62540	14	0.522727	3.902532	5.043229
AT5G01795	0	0.0	0.0	0.0
AT5G28620	0	0.0	0.0	0.0
AT1G76230	0	0.0	0.0	0.0
AT1G13020	99	3.024933	21.118376	27.291204
AT5G64080	46	3.581213	25.002008	32.310009
AT4G20707	0	0.000000	0.000000	0.000000
AT1G65060	14	0.491418	3.650076	4.716981
AT1G31090	0	0.0	0.0	0.0
AT3G21840	0	0.0	0.0	0.0
AT1G04063	0	0.0	0.0	0.0
AT1G18660	49	1.421921	12.116770	15.658461
AT5G04130	58	1.644207	11.802927	15.252882
AT5G23060	504	25.024878	183.509628	237.148880
AT1G67690	23	0.702609	4.931714	6.373237
AT3G62700	187	3.000804	20.949919	27.073511
AT4G05590	14	0.984740	9.216166	11.910019
AT1G15770	0	0.000000	0.000000	0.000000
AT3G58590	3	0.090793	0.633865	0.819142
AT2G25200	3	0.142208	0.992816	1.283013
AT4G23060	11	0.408667	2.853082	3.687029
AT3G14860	34	1.235428	8.904856	11.507715
AT5G05590	23	1.048879	8.563380	11.066427
AT3G13310	27	1.951197	13.622157	17.603867
AT3G09675	0	0.0	0.0	0.0
AT1G76820	9	0.146171	1.020483	1.318767
AT3G12900	0	0.0	0.0	0.0
AT2G03822	0	0.0	0.0	0.0
AT5G56900	31	0.954403	7.386024	9.544933
AT1G65970	0	0.000000	0.000000	0.000000
AT4G26400	22	1.002377	6.998031	9.043531
AT2G04910	0	0.000000	0.000000	0.000000
AT3G04540	0	0.0	0.0	0.0
AT5G13210	3	0.074137	0.517583	0.668870
AT2G02103	0	0.000000	0.000000	0.000000
AT1G51170	10	0.456767	3.188890	4.120991
AT4G33880	0	0.0	0.0	0.0
AT1G78020	106	8.298522	57.935600	74.869972
AT5G52355	0	0.0	0.0	0.0
AT1G29660	351	15.950456	111.357079	143.906372
AT1G48300	2	0.080849	0.564442	0.729427
AT2G07005	0	0.0	0.0	0.0
AT1G24330	10	0.244823	1.836823	2.373720
AT4G13210	4	0.173706	1.235505	1.596638
AT1G35310	0	0.000000	0.000000	0.000000
AT3G27710	1	0.039247	0.274000	0.354090
AT5G45580	0	0.000000	0.000000	0.000000
AT2G44581	0	0.0	0.0	0.0
AT1G06327	0	0.0	0.0	0.0
AT3G27650	10	0.755756	5.276262	6.818495
AT1G23900	64	1.337037	9.908501	12.804721
AT2G38090	7	0.269733	1.883124	2.433554
AT3G49910	1207	78.679710	549.297363	709.855103
AT3G04880	43	3.056079	21.335817	27.572206
AT3G54660	308	10.222590	73.694260	95.234833
AT4G33540	20	0.663362	6.519677	8.425356
AT1G14590	8	0.406510	2.838023	3.667568
AT1G67300	28	0.994993	7.834407	10.124377
AT5G02110	0	0.0	0.0	0.0
AT4G04770	307	11.664286	81.433464	105.236183
AT1G15130	62	1.600455	11.173474	14.439442
AT4G12543	0	0.0	0.0	0.0
AT1G08680	28	0.705579	5.146693	6.651054
AT2G24640	15	0.408134	2.990526	3.864646
AT1G53400	36	2.129176	21.646229	27.973347
AT5G45840	0	0.000000	0.000000	0.000000
AT4G02110	10	0.163421	1.181922	1.527394
AT3G59330	6	0.415326	2.913353	3.764916
AT2G32200	0	0.000000	0.000000	0.000000
AT5G04770	0	0.000000	0.000000	0.000000
AT2G42425	0	0.0	0.0	0.0
AT3G25014	0	0.000000	0.000000	0.000000
AT5G11050	0	0.0	0.0	0.0
AT5G59230	0	0.000000	0.000000	0.000000
AT1G56060	0	0.000000	0.000000	0.000000
AT3G44890	570	37.491776	261.746429	338.253998
AT5G66817	0	0.0	0.0	0.0
AT2G02930	0	0.000000	0.000000	0.000000
AT1G48690	0	0.0	0.0	0.0
AT1G42430	0	0.000000	0.000000	0.000000
AT2G36890	2	0.084983	0.781062	1.009364
AT1G51730	61	3.846304	26.852724	34.701683
AT4G11050	0	0.0	0.0	0.0
AT1G22310	13	0.522889	3.650516	4.717549
AT1G66200	2193	104.010094	737.990051	953.701965
AT5G55270	0	0.0	0.0	0.0
AT1G13850	0	0.0	0.0	0.0
AT1G06197	0	0.0	0.0	0.0
AT2G01300	0	0.0	0.0	0.0
AT3G08270	0	0.0	0.0	0.0
AT2G24195	0	0.000000	0.000000	0.000000
AT1G28170	0	0.0	0.0	0.0
AT1G25520	50	3.220049	22.572546	29.170424
AT1G08487	0	0.0	0.0	0.0
AT4G26650	62	1.679698	12.632092	16.324408
AT1G28265	0	0.000000	0.000000	0.000000
AT1G71828	0	0.000000	0.000000	0.000000
AT3G08165	3	2.209877	15.428114	19.937698
AT3G43550	0	0.0	0.0	0.0
AT1G53710	26	0.995620	7.557683	9.766768
AT5G40940	0	0.0	0.0	0.0
AT5G08370	39	1.888019	13.466917	17.403252
AT1G19170	0	0.000000	0.000000	0.000000
AT2G26970	20	1.624736	11.538136	14.910692
AT5G26650	0	0.0	0.0	0.0
AT1G48145	0	0.0	0.0	0.0
AT5G35995	17	0.626311	4.372550	5.650631
AT3G55370	14	0.569737	4.785419	6.184179
AT3G21590	0	0.0	0.0	0.0
AT4G08370	0	0.0	0.0	0.0
AT3G11330	24	0.861649	6.015547	7.773871
AT3G27400	4	0.184509	1.288138	1.664656
AT1G28730	0	0.000000	0.000000	0.000000
AT1G69930	0	0.0	0.0	0.0
AT5G01785	1	0.048004	0.335137	0.433096
AT5G26710	100	3.130349	21.854328	28.242277
AT2G01690	0	0.000000	0.000000	0.000000
AT2G17787	19	0.795874	6.807158	8.796867
AT2G28725	0	0.0	0.0	0.0
AT1G60870	76	4.087542	28.536911	36.878155
AT1G32520	11	0.840285	5.866395	7.581123
AT3G29185	113	4.534860	32.598572	42.127022
AT1G53650	16	0.696188	5.223462	6.750261
AT3G57900	0	0.0	0.0	0.0
AT1G31080	0	0.0	0.0	0.0
AT5G64090	47	1.982759	13.842505	17.888620
AT4G26710	217	20.166861	157.725693	203.828384
AT1G21860	0	0.0	0.0	0.0
AT3G22850	38	2.508757	17.514727	22.634220
AT4G03945	0	0.0	0.0	0.0
AT2G41680	316	12.352352	90.403481	116.828102
AT4G11230	0	0.0	0.0	0.0
AT5G52495	0	0.0	0.0	0.0
AT1G19730	20	1.805654	14.721516	19.024565
AT3G62560	55	3.943636	27.532242	35.579823
AT1G61550	0	0.0	0.0	0.0
AT3G62410	257	32.229198	225.006073	290.774567
AT5G03945	0	0.0	0.0	0.0
AT5G59505	0	0.0	0.0	0.0
AT3G05635	0	0.0	0.0	0.0
ATMG00060	90	0.961615	6.713454	8.675773
AT5G59050	32	0.704102	5.576638	7.206670
AT5G11230	13	0.610030	4.258885	5.503743
AT5G54150	0	0.0	0.0	0.0
AT4G36250	349	13.743337	95.948219	123.993561
AT4G05070	83	12.367230	86.341019	111.578209
AT2G22120	11	0.570130	3.980326	5.143762
AT1G01610	75	3.108037	21.698561	28.040976
AT3G62980	73	2.182024	15.233660	19.686407
AT4G37490	0	0.000000	0.000000	0.000000
AT3G58070	7	0.440925	3.078290	3.978063
AT5G47240	82	3.702733	29.571154	38.214703
AT4G27160	0	0.0	0.0	0.0
AT3G02235	0	0.0	0.0	0.0
AT5G50690	0	0.0	0.0	0.0
AT5G36250	38	1.289575	9.335499	12.064234
AT5G05070	0	0.000000	0.000000	0.000000
AT5G37490	1	0.042948	0.299839	0.387481
AT5G45573	0	0.0	0.0	0.0
AT5G56780	0	0.000000	0.000000	0.000000
AT3G12780	1625	71.428810	498.675629	644.436829
AT4G12870	10	0.833333	5.817861	7.518402
AT5G02335	0	0.0	0.0	0.0
AT1G75190	22	1.517422	10.593783	13.690311
AT3G47340	0	0.000000	0.000000	0.000000
AT4G13885	0	0.000000	0.000000	0.000000
AT1G07360	94	3.458933	25.007029	32.316498
AT2G35450	27	1.115183	8.148193	10.529883
AT1G74530	103	2.941409	54.717354	70.711044
AT5G40860	0	0.0	0.0	0.0
AT3G56870	0	0.000000	0.000000	0.000000
AT1G20795	0	0.0	0.0	0.0
AT5G12870	0	0.000000	0.000000	0.000000
AT2G44350	132	5.120516	40.378990	52.181633
AT4G08876	0	0.000000	0.000000	0.000000
AT1G23780	102	4.358672	30.429790	39.324310
AT2G35120	42	3.767389	26.301785	33.989704
AT1G05763	0	0.000000	0.000000	0.000000
AT2G38570	5	0.188047	1.963194	2.537029
AT5G10890	0	0.000000	0.000000	0.000000
AT1G08673	0	0.0	0.0	0.0
AT4G10890	22	0.646864	4.799395	6.202242
AT5G50300	0	0.0	0.0	0.0
AT2G12205	0	0.0	0.0	0.0
AT2G27800	0	0.000000	0.000000	0.000000
AT3G04215	0	0.0	0.0	0.0
AT3G09350	26	1.093498	8.044863	10.396348
AT5G46105	0	0.000000	0.000000	0.000000
AT1G17380	0	0.000000	0.000000	0.000000
AT5G04315	0	0.0	0.0	0.0
AT5G09250	38	2.042234	27.041788	34.946011
AT5G24920	4	0.384010	2.680941	3.464571
AT3G16670	207	19.734449	137.774796	178.045898
AT1G51440	7	0.262781	1.834589	2.370833
AT5G52670	0	0.0	0.0	0.0
AT3G50200	0	0.0	0.0	0.0
AT3G25905	6	0.578600	4.039459	5.220179
AT2G40100	30	1.621547	12.409090	16.036224
AT4G04315	0	0.0	0.0	0.0
AT5G54420	0	0.000000	0.000000	0.000000
AT4G09250	0	0.000000	0.000000	0.000000
AT3G02760	101	2.459914	17.173731	22.193554
AT1G01750	0	0.000000	0.000000	0.000000
AT4G09589	0	0.0	0.0	0.0
AT4G24920	53	4.103874	34.300884	44.326912
AT4G31500	430	18.080000	126.224358	163.119308
AT1G72460	0	0.0	0.0	0.0
AT1G72510	63	3.260499	26.919426	34.787880
AT2G22450	28	1.035322	7.228034	9.340763
AT1G21940	0	0.0	0.0	0.0
AT4G08715	0	0.0	0.0	0.0
AT1G45000	147	6.922531	48.329208	62.455666
AT3G02500	13	0.765867	5.730362	7.405328
AT4G31760	0	0.0	0.0	0.0
AT3G60060	0	0.0	0.0	0.0
AT4G17670	36	2.515446	17.561424	22.694569
AT2G14460	22	2.606825	18.199383	23.518997
AT3G02055	0	0.0	0.0	0.0
AT2G14510	0	0.0	0.0	0.0
AT3G14940	15	0.317482	2.314667	2.991236
AT5G08715	0	0.0	0.0	0.0
AT1G52380	69	1.269293	15.778388	20.390356
AT2G40620	10	0.386688	2.837542	3.666945
AT5G65790	0	0.000000	0.000000	0.000000
AT5G17670	70	3.947443	28.742828	37.144257
AT3G09490	4	0.221045	1.543211	1.994287
AT2G17950	0	0.0	0.0	0.0
AT4G36030	14	0.444339	3.102124	4.008864
AT4G15990	13	1.163451	8.122559	10.496755
AT5G35753	9	0.239655	1.673136	2.162188
AT1G16280	51	1.661545	11.599970	14.990601
AT4G38830	0	0.000000	0.000000	0.000000
AT1G74205	0	0.000000	0.000000	0.000000
AT1G30020	0	0.000000	0.000000	0.000000
AT2G35600	0	0.000000	0.000000	0.000000
AT2G03340	88	2.590774	19.424177	25.101797
AT5G38830	101	4.071717	28.426430	36.735378
AT3G21070	26	0.824441	7.032651	9.088271
AT3G49480	0	0.000000	0.000000	0.000000
AT1G05827	0	0.0	0.0	0.0
AT5G45960	0	0.000000	0.000000	0.000000
AT1G09810	22	0.635836	6.593994	8.521396
AT2G20370	34	1.100690	7.684397	9.930519
AT1G44980	0	0.0	0.0	0.0
AT5G57870	245	6.559356	45.824455	59.218784
AT3G26813	0	0.0	0.0	0.0
AT1G03630	378	16.916059	118.098381	152.618134
AT3G57780	32	0.862772	6.893065	8.907884
AT5G46340	36	1.129262	8.099037	10.466359
AT5G37350	34	1.262264	9.198586	11.887301
AT2G04480	0	0.0	0.0	0.0
AT1G28440	84	1.916858	13.382421	17.294056
AT5G64570	118	2.758245	19.649969	25.393589
AT4G26375	0	0.0	0.0	0.0
AT1G04990	14	0.293233	3.471645	4.486394
AT3G46240	0	0.0	0.0	0.0
AT5G43720	31	1.601858	11.183269	14.452100
AT5G08655	0	0.0	0.0	0.0
AT4G09030	19	1.760241	12.289010	15.881044
AT2G08975	0	0.0	0.0	0.0
AT2G34240	0	0.0	0.0	0.0
AT1G19440	42	1.511670	10.553627	13.638416
AT2G35390	79	2.819407	20.954327	27.079203
AT3G26160	0	0.0	0.0	0.0
AT5G09030	0	0.000000	0.000000	0.000000
AT1G06260	0	0.000000	0.000000	0.000000
AT2G39720	46	1.541895	10.842246	14.011398
AT1G09163	0	0.0	0.0	0.0
AT2G22600	0	0.000000	0.000000	0.000000
AT2G44490	536	19.276203	134.575577	173.911560
AT5G03180	0	0.000000	0.000000	0.000000
AT1G01350	26	1.400628	9.778394	12.636585
AT1G34010	16	0.896477	7.248832	9.367640
AT3G02360	138	5.037511	39.324593	50.819035
AT5G02175	0	0.0	0.0	0.0
AT2G13800	19	0.642949	4.488707	5.800741
AT2G18460	0	0.000000	0.000000	0.000000
AT2G18510	38	1.680089	11.729433	15.157907
AT3G18940	38	2.282675	15.936348	20.594488
AT3G52525	5	0.299111	2.088224	2.698605
AT1G17780	26	1.223529	9.617604	12.428798
AT5G04715	0	0.0	0.0	0.0
AT4G03180	52	2.663743	28.413754	36.718994
AT4G06479	0	0.0	0.0	0.0
AT4G21150	227	7.210903	51.136047	66.082939
AT5G43190	11	0.503440	3.514734	4.542079
AT2G29460	0	0.000000	0.000000	0.000000
AT2G29510	65	1.460926	10.257664	13.255942
AT5G50700	0	0.0	0.0	0.0
AT5G47570	143	3.460322	100.070175	129.320358
AT1G79450	0	0.000000	0.000000	0.000000
AT4G34830	219	4.616887	32.232502	41.653950
AT5G65450	0	0.000000	0.000000	0.000000
AT3G09750	0	0.000000	0.000000	0.000000
AT1G06943	0	0.0	0.0	0.0
AT4G02260	156	3.666765	25.750893	33.277790
AT4G25810	8	0.404138	2.979698	3.850653
AT1G23380	2	0.097594	0.727542	0.940201
ATMG00670	3	0.201087	1.403876	1.814224
AT5G21150	0	0.0	0.0	0.0
AT1G05363	0	0.000000	0.000000	0.000000
AT2G44610	135	8.615507	60.148609	77.729843
AT3G59440	0	0.0	0.0	0.0
AT1G67980	0	0.000000	0.000000	0.000000
ATCG00510	237	165.947372	1158.550903	1497.191406
ATCG00460	0	0.000000	0.000000	0.000000
AT5G34830	0	0.0	0.0	0.0
AT5G25810	0	0.0	0.0	0.0
AT2G39190	130	3.494882	24.399294	31.531124
AT5G02260	18	1.028655	7.181489	9.280614
AT1G07760	0	0.0	0.0	0.0
AT1G48980	0	0.0	0.0	0.0
AT4G13160	0	0.000000	0.000000	0.000000
AT3G03830	2	0.255537	1.784015	2.305477
AT4G02735	0	0.0	0.0	0.0
AT4G03443	0	0.0	0.0	0.0
AT1G32030	0	0.0	0.0	0.0
AT1G54940	0	0.0	0.0	0.0
AT2G44750	10	0.650144	4.538939	5.865655
AT5G56380	19	0.640577	4.659592	6.021574
AT5G13160	30	0.741751	7.977806	10.309690
AT1G79120	2	0.060221	0.457137	0.590757
AT5G51920	1	0.039278	0.274217	0.354369
AT2G31585	7	0.703297	4.910023	6.345206
AT3G12380	42	1.329283	9.348456	12.080978
AT5G02735	0	0.000000	0.000000	0.000000
AT3G47740	0	0.0	0.0	0.0
AT1G24440	0	0.000000	0.000000	0.000000
AT2G08480	1	0.002964	0.020693	0.026741
AT5G65120	23	1.002268	7.994287	10.330992
AT3G30387	0	0.0	0.0	0.0
AT4G32810	0	0.000000	0.000000	0.000000
AT1G08990	0	0.0	0.0	0.0
AT2G46180	16	0.466442	3.419256	4.418693
AT2G04975	0	0.0	0.0	0.0
AT5G12280	0	0.0	0.0	0.0
AT1G71800	39	1.444395	10.083951	13.031455
AT5G38391	0	0.0	0.0	0.0
AT2G38240	0	0.000000	0.000000	0.000000
AT1G35375	0	0.0	0.0	0.0
AT5G19633	0	0.0	0.0	0.0
AT4G27885	0	0.0	0.0	0.0
AT4G12280	0	0.0	0.0	0.0
AT1G67328	3	0.154381	1.077801	1.392839
AT3G19085	0	0.0	0.0	0.0
AT2G35790	57	4.880645	34.073906	44.033596
AT5G58150	0	0.000000	0.000000	0.000000
AT2G39320	0	0.000000	0.000000	0.000000
AT2G06645	0	0.0	0.0	0.0
AT3G54070	0	0.0	0.0	0.0
AT3G05150	0	0.000000	0.000000	0.000000
AT4G35685	0	0.000000	0.000000	0.000000
AT5G43320	129	3.757331	27.003662	34.896740
AT5G57280	44	2.537951	19.082588	24.660364
AT2G40745	0	0.0	0.0	0.0
AT1G25250	0	0.000000	0.000000	0.000000
AT3G01810	70	1.378807	10.775944	13.925715
AT1G60815	0	0.000000	0.000000	0.000000
AT3G57380	0	0.000000	0.000000	0.000000
AT1G79600	176	5.524203	38.566868	49.839832
AT3G43220	34	0.752851	5.666245	7.322469
AT5G46740	18	0.527231	3.680829	4.756723
AT5G65600	0	0.0	0.0	0.0
AT1G56670	14	0.702996	5.175080	6.687738
AT5G37750	0	0.0	0.0	0.0
AT3G11440	0	0.000000	0.000000	0.000000
AT1G10200	221	12.283124	95.823326	123.832153
AT2G44065	51	3.057057	23.056290	29.795563
AT1G68825	0	0.0	0.0	0.0
AT1G78530	0	0.000000	0.000000	0.000000
AT2G20770	0	0.000000	0.000000	0.000000
AT3G63480	16	0.580993	4.919908	6.357981
AT1G15405	2	0.380137	2.653902	3.429629
AT1G07500	0	0.000000	0.000000	0.000000
AT4G37750	47	1.711235	11.946877	15.438909
AT2G14095	0	0.000000	0.000000	0.000000
AT2G03740	0	0.0	0.0	0.0
AT1G01490	154	5.408217	51.225780	66.198906
AT4G37610	14	0.688638	4.841109	6.256149
AT2G34570	36	2.539655	17.730438	22.912985
AT1G09897	0	0.000000	0.000000	0.000000
AT1G18070	220	7.011395	54.313652	70.189346
AT5G19920	7	0.194487	1.357799	1.754678
AT1G73960	71	1.060309	7.893400	10.200613
AT1G04673	0	0.0	0.0	0.0
AT5G20910	20	1.239492	8.653435	11.182803
AT5G23670	68	2.597280	18.194004	23.512051
AT2G23950	21	0.552152	4.085452	5.279616
AT2G22790	0	0.0	0.0	0.0
AT1G32250	0	0.000000	0.000000	0.000000
AT3G09065	0	0.0	0.0	0.0
AT3G46570	0	0.0	0.0	0.0
AT5G37610	0	0.0	0.0	0.0
AT2G47830	68	1.869773	13.826650	17.868132
AT4G20910	19	0.421780	3.139070	4.056609
AT4G19920	0	0.0	0.0	0.0
AT3G08215	0	0.000000	0.000000	0.000000
AT2G41990	13	0.666014	4.649734	6.008835
AT5G50410	25	1.610432	11.243128	14.529455
AT4G23670	321	17.214094	159.738495	206.429504
AT5G50560	1	0.007448	0.051998	0.067196
AT1G58766	0	0.0	0.0	0.0
AT5G08315	0	0.0	0.0	0.0
AT5G28920	0	0.000000	0.000000	0.000000
AT1G29070	622	60.717949	423.898468	547.802490
AT1G79390	30	3.360102	24.083893	31.123533
AT1G52780	51	1.127344	7.870480	10.170994
AT1G04917	0	0.000000	0.000000	0.000000
AT3G05420	66	2.076555	14.497335	18.734858
AT5G65390	51	4.167529	29.095337	37.599804
AT3G45935	0	0.0	0.0	0.0
AT5G04405	0	0.0	0.0	0.0
AT5G64240	35	1.598052	11.766994	15.206446
AT1G75720	0	0.0	0.0	0.0
AT2G20130	24	1.383312	9.657504	12.480359
AT5G58420	542	38.407276	268.137909	346.513733
AT4G08315	0	0.000000	0.000000	0.000000
AT1G07557	0	0.0	0.0	0.0
AT4G28920	0	0.0	0.0	0.0
AT2G01980	26	0.535530	3.842652	4.965846
AT1G16870	49	1.800928	13.095673	16.923492
AT4G13992	4	0.142787	0.996858	1.288236
AT1G40086	0	0.0	0.0	0.0
AT4G31360	12	0.905102	6.318912	8.165908
AT4G28362	0	0.0	0.0	0.0
AT1G19115	0	0.0	0.0	0.0
AT2G01410	11	0.585401	4.086940	5.281538
AT1G51330	0	0.0	0.0	0.0
AT2G01560	0	0.0	0.0	0.0
AT4G36520	95	1.383614	9.716475	12.556569
AT5G07080	6	0.258309	1.803368	2.330486
AT2G45050	0	0.000000	0.000000	0.000000
AT2G38465	21	2.861456	19.977070	25.816301
AT1G22710	263	10.249390	71.555458	92.470871
AT3G04270	0	0.0	0.0	0.0
AT3G13650	9	0.587444	4.101203	5.299970
AT5G36520	0	0.0	0.0	0.0
AT4G07080	0	0.000000	0.000000	0.000000
AT1G24170	59	2.534017	17.691076	22.862118
AT1G04487	1	0.020242	0.141318	0.182625
AT4G20480	43	1.985225	18.524723	23.939436
AT1G24265	0	0.000000	0.000000	0.000000
AT5G47090	13	0.492337	4.031975	5.210507
AT3G04165	3	2.090090	14.591829	18.856970
AT3G59730	1	0.013024	0.097314	0.125759
AT5G04370	0	0.0	0.0	0.0
AT5G20480	18	0.325360	2.271480	2.935426
AT1G73580	0	0.0	0.0	0.0
AT1G30530	144	6.019916	42.027660	54.312199
AT5G44574	0	0.000000	0.000000	0.000000
AT1G67700	530	36.397247	260.634460	336.817017
AT3G62690	12	0.696285	4.861069	6.281943
AT4G04370	1	0.032272	0.225305	0.291161
AT3G47430	43	3.214219	22.439863	28.998959
AT1G48700	0	0.0	0.0	0.0
AT3G53850	36	2.597816	20.762495	26.831303
AT4G17060	17	0.665990	4.649567	6.008619
AT4G05015	0	0.000000	0.000000	0.000000
AT5G62200	37	2.427626	16.948315	21.902248
AT3G60670	0	0.000000	0.000000	0.000000
AT5G02445	0	0.000000	0.000000	0.000000
AT1G35710	123	2.373637	17.590710	22.732416
AT3G27310	36	2.246845	16.672346	21.545616
AT3G07925	0	0.000000	0.000000	0.000000
AT1G06727	0	0.0	0.0	0.0
AT1G73840	25	1.180299	8.240182	10.648759
AT5G17060	20	1.158766	8.783833	11.351317
AT5G05015	0	0.0	0.0	0.0
AT5G09520	0	0.0	0.0	0.0
AT3G01316	0	0.000000	0.000000	0.000000
AT5G66890	0	0.000000	0.000000	0.000000
AT3G13710	19	0.614250	4.434154	5.730242
AT1G05835	0	0.000000	0.000000	0.000000
AT3G21660	0	0.000000	0.000000	0.000000
AT1G22650	14	0.286386	3.126950	4.040947
AT4G09520	12	0.486203	3.394395	4.386565
AT2G18245	32	1.303061	9.680013	12.509446
AT3G59170	0	0.0	0.0	0.0
AT5G27210	21	1.324324	9.245683	11.948164
AT4G32285	69	2.079335	14.516743	18.759937
AT3G62300	22	0.671762	4.735096	6.119148
AT3G14185	0	0.0	0.0	0.0
AT1G15370	53	4.274029	29.838858	38.560654
AT4G33270	46	1.726037	12.050217	15.572453
AT1G08063	0	0.000000	0.000000	0.000000
AT5G15680	45	0.510077	3.603517	4.656812
AT5G57815	39	2.861781	34.907177	45.110428
AT1G14660	0	0.000000	0.000000	0.000000
AT5G08130	86	2.322768	17.294979	22.350241
AT3G59068	7	0.602353	4.205288	5.434480
AT3G26210	35	1.269529	8.863134	11.453799
AT1G60280	0	0.0	0.0	0.0
AT2G40435	0	0.000000	0.000000	0.000000
AT3G01285	0	0.0	0.0	0.0
AT1G06110	47	1.831201	14.972869	19.349386
AT1G09213	0	0.0	0.0	0.0
AT3G54590	0	0.0	0.0	0.0
AT3G13400	0	0.0	0.0	0.0
AT4G15680	36	4.014266	28.025341	36.217052
AT3G55130	63	1.924665	13.436925	17.364492
AT3G18860	40	1.209155	8.454673	10.925944
AT4G23355	0	0.0	0.0	0.0
AT3G61930	0	0.0	0.0	0.0
AT1G19330	37	1.844066	14.422049	18.637564
AT5G52060	139	5.206978	36.352184	46.977802
AT3G16060	47	1.407994	9.829820	12.703042
AT2G08910	0	0.0	0.0	0.0
AT4G06925	0	0.0	0.0	0.0
AT1G74020	21	0.868317	8.041462	10.391953
AT4G26310	22	0.940423	6.765144	8.742572
AT3G11730	30	1.952381	13.630423	17.614548
AT3G48344	0	0.0	0.0	0.0
AT5G55540	13	0.231081	1.613277	2.084832
AT1G28330	68	3.468031	25.346256	32.754879
AT5G46430	373	36.652332	298.839508	386.189301
AT3G23255	14	1.094246	8.289045	10.711905
AT1G06863	0	0.0	0.0	0.0
AT5G01385	0	0.0	0.0	0.0
AT1G48560	0	0.000000	0.000000	0.000000
AT5G06925	0	0.0	0.0	0.0
AT1G48410	184	3.231986	28.412418	36.717270
AT5G26310	0	0.0	0.0	0.0
AT1G35400	0	0.0	0.0	0.0
AT1G67410	18	0.625000	4.426866	5.720823
AT1G67560	108	2.576048	17.984512	23.241325
AT4G05660	0	0.0	0.0	0.0
AT4G17615	17	0.646275	6.242786	8.067531
AT2G34090	30	1.241944	9.654914	12.477012
AT3G08880	420	21.765240	161.482391	208.683136
AT3G58660	121	6.049530	42.234406	54.579376
AT3G55770	140	6.638540	64.333771	83.138313
AT1G18590	79	4.211474	29.402134	37.996277
AT4G08770	0	0.000000	0.000000	0.000000
AT5G05660	64	1.557112	10.887458	14.069825
AT5G55880	0	0.0	0.0	0.0
AT3G46090	2	0.147557	1.030160	1.331272
AT1G54860	0	0.0	0.0	0.0
AT2G28640	0	0.0	0.0	0.0
AT1G04680	216	8.324012	58.113556	75.099945
AT1G71696	32	1.194058	8.336239	10.772893
AT1G27850	45	0.700296	5.105356	6.597635
AT1G11112	5	0.481046	3.358392	4.340038
AT5G41605	0	0.0	0.0	0.0
AT2G03430	15	1.041927	7.274146	9.400354
AT4G39925	0	0.000000	0.000000	0.000000
AT1G53310	241	5.392947	39.612862	51.191566
AT5G08770	5	0.426882	2.980249	3.851366
AT1G52900	0	0.0	0.0	0.0
AT1G29590	0	0.000000	0.000000	0.000000
AT3G48890	81	5.184380	38.819916	50.166847
AT1G24068	0	0.0	0.0	0.0
AT3G11170	406	13.016453	102.237854	132.121628
AT1G22400	19	0.726149	5.069562	6.551378
AT3G06080	44	1.476852	10.310548	13.324285
AT1G63295	6	0.514252	4.135377	5.344133
AT2G19640	21	0.932331	6.509009	8.411570
AT1G52570	34	0.547942	4.349392	5.620705
AT2G47140	0	0.0	0.0	0.0
AT3G57240	52	2.931380	20.465240	26.447161
AT2G36150	0	0.0	0.0	0.0
AT2G09420	0	0.000000	0.000000	0.000000
AT1G14453	0	0.000000	0.000000	0.000000
AT1G78180	26	1.361512	10.190424	13.169051
AT4G22220	221	17.303623	120.804138	156.114777
AT4G19045	14	0.220367	1.644659	2.125387
AT1G31600	68	1.645082	11.899368	15.377513
AT2G27260	25	1.946850	13.591807	17.564648
AT3G44150	35	2.674190	18.669685	24.126770
AT1G77250	21	0.789009	5.508415	7.118506
AT3G06790	21	1.638292	12.464613	16.107977
AT3G03305	28	0.882471	6.160915	7.961729
AT5G22220	9	0.316690	2.314402	2.990894
AT5G48070	0	0.0	0.0	0.0
AT1G49920	0	0.0	0.0	0.0
AT1G76490	254	7.764908	54.210205	70.055664
AT1G03982	0	0.0	0.0	0.0
AT3G50860	11	0.745331	5.203481	6.724440
AT3G02915	0	0.000000	0.000000	0.000000
AT4G11480	0	0.0	0.0	0.0
AT2G34780	26	0.447179	3.266383	4.221136
AT5G63440	23	1.533445	11.504004	14.866584
AT5G03205	0	0.0	0.0	0.0
AT3G22320	122	9.677612	67.563629	87.312241
AT5G46870	21	1.161659	8.110047	10.480587
AT2G05065	0	0.0	0.0	0.0
AT2G17010	0	0.000000	0.000000	0.000000
AT5G11480	172	10.341372	72.197624	93.300743
AT4G34695	0	0.0	0.0	0.0
AT2G20840	14	0.634006	4.720086	6.099751
AT4G03205	33	1.392357	10.391811	13.429302
AT3G46780	755	30.325968	213.758682	276.239594
AT5G57340	17	0.432370	3.018564	3.900879
AT2G41000	6	0.339033	2.707087	3.498359
AT3G41762	0	0.000000	0.000000	0.000000
AT2G22426	0	0.0	0.0	0.0
AT1G13320	113	2.247814	27.360176	35.357464
AT2G03870	71	7.011264	59.721298	77.177628
AT4G35220	53	3.019341	21.079336	27.240753
AT1G07983	0	0.000000	0.000000	0.000000
AT5G57625	0	0.0	0.0	0.0
AT5G64380	25	1.231539	9.202587	11.892471
AT1G65360	0	0.0	0.0	0.0
AT1G31390	0	0.0	0.0	0.0
AT1G66940	143	6.875252	55.129711	71.243935
AT1G08237	0	0.0	0.0	0.0
AT2G20580	113	2.914591	20.348030	26.295689
AT5G35220	103	4.306112	30.062843	38.850109
AT3G03695	0	0.0	0.0	0.0
AT5G67070	132	7.775405	54.283489	70.150368
AT5G01510	18	0.613057	4.520403	5.841701
AT5G01460	128	4.116815	30.232111	39.068851
AT1G27720	0	0.000000	0.000000	0.000000
AT3G04935	0	0.0	0.0	0.0
AT5G38565	0	0.000000	0.000000	0.000000
AT3G10660	8	0.180964	1.264184	1.633701
AT4G01510	15	0.767518	6.875834	8.885617
AT4G01460	30	1.057039	8.634347	11.158136
AT2G09150	0	0.0	0.0	0.0
AT2G36420	18	0.482099	3.625327	4.684998
AT1G16740	69	7.818637	54.585312	70.540413
AT3G42670	13	0.249274	1.742818	2.252237
AT5G40200	97	3.309780	23.107016	29.861118
AT1G50590	0	0.000000	0.000000	0.000000
AT1G80920	0	0.000000	0.000000	0.000000
AT4G18980	2	0.139180	0.971676	1.255694
AT1G43160	0	0.0	0.0	0.0
AT1G08000	30	1.008758	8.331053	10.766190
AT2G32940	0	0.000000	0.000000	0.000000
AT1G31450	0	0.0	0.0	0.0
AT1G77030	96	1.811505	12.945382	16.729275
AT3G22190	34	1.185708	8.915014	11.520843
AT1G23240	0	0.0	0.0	0.0
AT5G18980	8	0.173500	1.257608	1.625202
AT5G45715	0	0.000000	0.000000	0.000000
AT3G03140	12	0.296457	2.069695	2.674660
AT1G02290	14	0.618563	4.318458	5.580728
AT5G59480	62	2.245185	27.132959	35.063831
AT1G62420	0	0.0	0.0	0.0
AT4G29980	0	0.000000	0.000000	0.000000
AT3G20730	0	0.000000	0.000000	0.000000
AT1G06800	2	0.066303	0.556686	0.719403
AT1G64670	21	0.904146	6.312237	8.157283
AT5G03530	30	1.494289	11.417559	14.754872
AT5G37474	0	0.0	0.0	0.0
AT3G30247	0	0.0	0.0	0.0
AT1G29179	0	0.0	0.0	0.0
AT5G08960	0	0.000000	0.000000	0.000000
AT2G25940	0	0.000000	0.000000	0.000000
AT3G25510	5	0.083760	0.599594	0.774853
AT3G25460	0	0.0	0.0	0.0
AT5G47780	114	3.638723	26.219940	33.883942
AT1G08057	0	0.0	0.0	0.0
AT5G12340	0	0.0	0.0	0.0
AT3G56340	470	45.231327	315.779602	408.080902
AT2G38380	0	0.000000	0.000000	0.000000
AT2G46530	22	0.598696	4.575584	5.913012
AT4G08960	23	1.046312	7.304760	9.439917
AT3G55960	65	3.411921	24.635862	31.836838
AT1G62150	29	1.170443	8.171372	10.559836
AT3G47870	0	0.0	0.0	0.0
AT2G26360	7	0.371925	2.596570	3.355539
AT3G61160	0	0.000000	0.000000	0.000000
AT1G76350	25	0.547391	4.365227	5.641167
AT4G12340	52	4.112563	28.711596	37.103897
AT5G07790	16	0.445749	3.111968	4.021585
AT3G20170	14	0.595395	4.156712	5.371705
AT5G56240	35	0.713151	5.067140	6.548248
AT4G34140	25	0.566637	5.788364	7.480283
AT3G53720	18	0.445541	3.196018	4.130202
AT3G27845	0	0.000000	0.000000	0.000000
AT3G12240	0	0.0	0.0	0.0
AT1G13190	41	1.419159	9.907767	12.803774
AT3G10015	0	0.0	0.0	0.0
AT1G17570	0	0.0	0.0	0.0
AT1G31120	20	0.422555	3.268827	4.224294
AT1G06857	0	0.0	0.0	0.0
AT5G25100	60	1.462354	11.930582	15.417850
AT4G13930	483	20.625734	143.997238	186.087143
AT2G43040	5	0.134589	0.974978	1.259961
AT5G54043	0	0.0	0.0	0.0
AT4G01245	0	0.0	0.0	0.0
AT1G12211	0	0.000000	0.000000	0.000000
AT4G39040	187	12.337487	90.652206	117.149536
AT4G37820	49	1.859116	12.979299	16.773104
AT4G24972	51	1.932692	17.102606	22.101637
AT4G25100	43	2.179008	18.428379	23.814932
AT2G04230	19	0.660317	4.697306	6.070312
AT5G13930	158	7.376982	51.501926	66.555763
AT1G26208	53	0.938627	12.447313	16.085621
AT2G32860	88	3.146342	22.667109	29.292627
AT5G01245	0	0.0	0.0	0.0
AT5G48590	89	4.865694	33.969532	43.898708
AT5G61400	2	0.068157	0.475834	0.614918
AT5G39040	61	1.918748	14.387880	18.593410
AT1G58200	50	1.158991	10.034069	12.966992
AT3G15640	179	12.022326	83.933098	108.466454
AT5G37820	0	0.0	0.0	0.0
AT5G14690	6	0.333587	3.215426	4.155284
AT2G34900	34	1.666875	11.637180	15.038689
AT4G10150	0	0.000000	0.000000	0.000000
AT2G21520	720	21.813591	156.187057	201.839996
AT5G66658	1	0.081930	0.571989	0.739179
AT1G60340	0	0.0	0.0	0.0
AT3G01345	0	0.0	0.0	0.0
AT4G08580	6	0.207733	1.473446	1.904129
AT2G22080	77	1.728347	41.290070	53.359013
AT3G55580	0	0.000000	0.000000	0.000000
AT1G05300	13	0.471993	4.618352	5.968281
AT1G33640	0	0.000000	0.000000	0.000000
AT4G14690	4	0.322332	2.250340	2.908107
AT5G10150	20	0.821772	6.112226	7.898809
AT3G46900	0	0.0	0.0	0.0
AT5G08580	57	2.495641	18.246138	23.579418
AT5G63730	0	0.0	0.0	0.0
AT4G37553	19	0.602899	13.812162	17.849411
AT2G47470	258	12.260206	86.261337	111.475235
AT5G29560	0	0.0	0.0	0.0
AT1G07703	0	0.000000	0.000000	0.000000
AT5G10420	0	0.000000	0.000000	0.000000
AT3G13061	0	0.000000	0.000000	0.000000
AT4G08840	0	0.0	0.0	0.0
AT5G49330	0	0.000000	0.000000	0.000000
AT3G55840	0	0.000000	0.000000	0.000000
AT5G59910	368	22.865475	159.633850	206.294266
AT1G71110	6	0.169767	1.303993	1.685145
AT2G33330	86	3.814977	26.634016	34.419048
AT5G44660	20	0.902639	6.990519	9.033824
AT3G01620	0	0.000000	0.000000	0.000000
AT4G10420	1	0.028321	0.197721	0.255514
AT1G60625	0	0.0	0.0	0.0
AT4G29560	8	0.296676	2.071224	2.676636
AT4G29410	265	27.160198	189.617188	245.041626
AT3G13898	0	0.0	0.0	0.0
AT5G08840	0	0.000000	0.000000	0.000000
AT1G51805	230	4.811697	33.592556	43.411541
AT3G14200	50	2.976120	20.824203	26.911049
AT1G75850	27	0.755822	5.291866	6.838660
AT4G32100	0	0.0	0.0	0.0
AT1G07970	20	0.573881	4.006513	5.177603
AT5G14300	0	0.0	0.0	0.0
AT5G67590	192	18.621521	130.004959	168.004944
AT1G16430	0	0.000000	0.000000	0.000000
AT2G35080	0	0.000000	0.000000	0.000000
AT5G63170	0	0.0	0.0	0.0
AT5G18560	0	0.0	0.0	0.0
AT5G18410	136	2.325472	16.436005	21.240191
AT5G06040	0	0.0	0.0	0.0
AT4G14300	63	1.719147	15.572776	20.124645
AT5G54890	13	0.776444	5.420694	7.005144
AT3G49230	0	0.0	0.0	0.0
AT1G05690	0	0.000000	0.000000	0.000000
AT2G04765	0	0.0	0.0	0.0
AT1G36745	0	0.0	0.0	0.0
AT1G05357	0	0.000000	0.000000	0.000000
AT1G50070	0	0.0	0.0	0.0
AT3G57465	0	0.000000	0.000000	0.000000
AT4G18700	67	2.356922	16.454699	21.264351
AT2G08365	0	0.0	0.0	0.0
AT1G73130	0	0.000000	0.000000	0.000000
AT2G31310	0	0.0	0.0	0.0
AT2G04050	0	0.0	0.0	0.0
AT2G12945	0	0.0	0.0	0.0
AT4G26965	11	0.472073	5.148222	6.653030
AT2G04505	0	0.000000	0.000000	0.000000
AT5G06839	0	0.0	0.0	0.0
AT5G18700	31	0.530406	3.702995	4.785368
ATMG01275	4	0.742894	5.186467	6.702453
AT3G07040	33	0.701809	4.899634	6.331781
AT5G61650	0	0.000000	0.000000	0.000000
AT3G09820	556	22.372234	182.973679	236.456253
AT3G01100	35	0.854839	6.310541	8.155090
AT1G70950	0	0.0	0.0	0.0
AT4G32620	65	0.938314	6.554339	8.470150
ATMG01160	0	0.000000	0.000000	0.000000
AT2G20960	61	1.658067	12.196638	15.761674
AT3G20440	63	1.527496	10.823732	13.987472
AT4G29700	13	0.441786	3.084301	3.985831
AT5G45370	0	0.000000	0.000000	0.000000
AT1G21200	0	0.000000	0.000000	0.000000
AT4G34470	0	0.000000	0.000000	0.000000
AT2G37660	979	58.957077	411.605042	531.915771
AT4G08039	0	0.0	0.0	0.0
AT3G50940	0	0.0	0.0	0.0
AT5G53550	34	0.876564	6.500548	8.400635
AT1G05497	0	0.0	0.0	0.0
AT1G07563	0	0.000000	0.000000	0.000000
AT1G07413	0	0.0	0.0	0.0
AT5G47900	18	0.557423	4.929111	6.369872
AT1G66860	0	0.0	0.0	0.0
AT5G11910	26	1.384409	10.970070	14.176583
AT1G58037	0	0.0	0.0	0.0
AT1G73770	6	0.295775	3.449269	4.457479
AT4G11910	0	0.000000	0.000000	0.000000
AT1G26550	114	6.350140	75.187248	97.164215
AT3G03470	18	0.727557	5.079392	6.564082
AT5G61710	0	0.0	0.0	0.0
AT2G07749	2	0.062208	0.434301	0.561246
AT4G25620	38	1.461092	10.200520	13.182096
AT3G49050	18	0.467180	3.958983	5.116181
AT1G23465	0	0.000000	0.000000	0.000000
AT1G44835	38	1.749416	15.351981	19.839314
AT1G69210	11	0.719861	5.025663	6.494648
AT1G64355	107	4.678135	53.726936	69.431137
AT1G17090	4	0.202991	1.730181	2.235907
AT5G25620	7	0.217501	1.518469	1.962313
AT4G14145	26	2.167196	17.021404	21.996702
AT3G24605	0	0.0	0.0	0.0
AT1G11125	1	0.061812	0.431536	0.557673
AT2G44820	56	2.740396	22.605337	29.212801
AT1G68060	96	2.295496	16.137581	20.854542
AT4G14700	0	0.000000	0.000000	0.000000
AT2G31400	431	9.927294	72.617065	93.842781
AT2G04365	0	0.0	0.0	0.0
AT5G28295	0	0.0	0.0	0.0
AT4G22550	5	0.342032	2.387874	3.085842
AT2G08050	0	0.0	0.0	0.0
AT1G09620	186	3.867337	27.851906	35.992924
AT1G05757	0	0.000000	0.000000	0.000000
AT5G62860	0	0.0	0.0	0.0
AT5G00855	0	0.0	0.0	0.0
AT2G08505	0	0.0	0.0	0.0
AT5G14700	20	0.896687	7.043180	9.101877
AT1G77520	0	0.000000	0.000000	0.000000
AT2G09635	0	0.0	0.0	0.0
AT5G22550	0	0.0	0.0	0.0
AT2G33730	73	2.127433	14.852537	19.193882
AT5G03020	0	0.000000	0.000000	0.000000
AT5G38470	211	7.839944	57.133514	73.833443
AT5G01575	0	0.0	0.0	0.0
AT3G57090	70	4.376082	38.106716	49.245178
AT4G03020	125	4.118812	32.076698	41.452602
AT4G38470	52	1.396464	11.608403	15.001500
AT1G07303	0	0.0	0.0	0.0
AT2G25185	0	0.0	0.0	0.0
AT5G64900	8	0.846599	5.910476	7.638089
AT2G06850	580	28.701548	246.278915	318.265411
AT4G01575	3	0.281290	1.963808	2.537822
AT5G49730	261	4.322789	55.657673	71.926224
AT2G41225	0	0.0	0.0	0.0
AT1G05700	0	0.0	0.0	0.0
AT3G18535	0	0.000000	0.000000	0.000000
AT5G27930	36	0.914130	6.971662	9.009455
AT4G35550	21	1.166586	8.144445	10.525039
AT2G39850	50	1.463650	10.218379	13.205175
AT2G46020	61	0.637899	4.462282	5.766592
AT4G30630	12	0.522552	3.835957	4.957194
AT5G09978	0	0.0	0.0	0.0
AT2G40810	16	0.722352	5.241355	6.773385
AT5G43850	55	4.166827	29.090437	37.593472
AT4G21890	3	0.085401	0.596222	0.770495
AT1G60740	0	0.000000	0.000000	0.000000
AT5G35550	0	0.0	0.0	0.0
AT3G01745	0	0.000000	0.000000	0.000000
AT3G44718	0	0.0	0.0	0.0
AT1G05973	0	0.000000	0.000000	0.000000
AT5G49170	12	0.808874	5.647102	7.297730
AT2G27110	23	0.561640	3.921054	5.067164
AT2G11852	0	0.0	0.0	0.0
AT3G03985	0	0.0	0.0	0.0
AT3G02970	0	0.0	0.0	0.0
AT1G79080	26	0.966414	6.746957	8.719069
AT3G63230	0	0.0	0.0	0.0
AT1G05617	0	0.0	0.0	0.0
AT1G07693	9	2.300040	16.057581	20.751158
AT2G37590	0	0.000000	0.000000	0.000000
AT3G44635	0	0.000000	0.000000	0.000000
AT2G33170	15	0.251233	1.872798	2.420211
AT5G65080	0	0.000000	0.000000	0.000000
AT1G10940	134	5.521964	39.035393	50.445305
AT1G64060	15	0.286098	2.046887	2.645185
AT1G45063	0	0.0	0.0	0.0
AT5G45130	77	4.057426	32.585339	42.109917
AT2G31650	0	0.000000	0.000000	0.000000
AT1G15840	0	0.0	0.0	0.0
AT1G36100	0	0.0	0.0	0.0
AT2G08230	0	0.0	0.0	0.0
AT4G31970	0	0.0	0.0	0.0
AT5G61310	30	1.391071	9.840543	12.716900
AT5G44590	0	0.0	0.0	0.0
AT1G54200	9	0.359556	2.510217	3.243945
AT4G29690	2	0.086493	0.603845	0.780347
AT5G12430	34	0.591077	4.126566	5.332747
AT2G38900	0	0.0	0.0	0.0
AT5G18690	16	1.291192	9.014375	11.649244
AT3G56430	29	1.234239	8.616760	11.135409
AT1G23090	35	1.034572	7.222798	9.333997
AT1G73370	12	0.264314	1.938493	2.505108
AT3G45540	0	0.0	0.0	0.0
AT2G45910	12	0.191563	1.948254	2.517721
AT1G55325	22	0.220120	1.581107	2.043259
AT4G04580	0	0.0	0.0	0.0
AT1G02040	0	0.0	0.0	0.0
AT3G61210	45	3.224014	22.508247	29.087330
AT4G18690	0	0.0	0.0	0.0
AT4G12430	13	0.586070	4.091610	5.287574
AT1G09157	0	0.0	0.0	0.0
AT3G42060	0	0.0	0.0	0.0
AT3G26930	0	0.000000	0.000000	0.000000
AT3G10070	22	0.875908	6.115096	7.902517
AT1G05410	15	0.595778	4.213624	5.445252
AT1G05560	18	0.622144	4.661456	6.023983
AT1G01820	97	5.041150	42.696289	55.176270
AT5G56090	23	0.914982	6.387888	8.255046
AT3G45880	0	0.000000	0.000000	0.000000
AT3G12090	7	0.425125	2.967983	3.835514
AT1G09427	0	0.000000	0.000000	0.000000
AT4G04840	173	13.317568	92.975739	120.152237
AT1G47495	0	0.000000	0.000000	0.000000
AT5G48660	26	1.551253	10.829973	13.995537
AT2G20722	5	4.733333	33.045460	42.704536
AT2G07995	0	0.0	0.0	0.0
AT5G04840	7	0.308338	2.152642	2.781852
AT1G55640	0	0.0	0.0	0.0
AT3G18200	0	0.0	0.0	0.0
AT4G29300	0	0.0	0.0	0.0
AT5G45770	5	0.210824	1.471854	1.902072
AT5G18300	3	0.421171	2.940378	3.799841
AT3G05890	0	0.000000	0.000000	0.000000
AT5G14560	0	0.000000	0.000000	0.000000
AT5G14410	35	3.948718	27.567722	35.625671
AT1G15580	0	0.000000	0.000000	0.000000
AT1G07485	5	0.590536	4.122789	5.327866
AT3G63050	0	0.0	0.0	0.0
AT4G37432	6	0.131451	1.544692	1.996200
AT4G18300	16	0.502626	3.509051	4.534735
AT3G29200	115	4.659715	32.531502	42.040348
AT5G58890	0	0.0	0.0	0.0
AT2G08765	1	0.612500	4.276130	5.526027
AT5G05955	0	0.0	0.0	0.0
AT2G31710	18	1.782609	12.445170	16.082851
AT4G14560	30	2.457717	17.158394	22.173733
AT3G28455	19	1.008247	7.039012	9.096491
AT2G05675	0	0.000000	0.000000	0.000000
AT4G14410	38	1.485884	12.349238	15.958879
AT1G06203	0	0.0	0.0	0.0
AT1G09100	21	1.057087	7.379985	9.537129
AT1G04555	12	0.961655	6.713733	8.676133
AT4G14980	0	0.000000	0.000000	0.000000
AT1G04000	22	1.378058	9.620823	12.432957
AT2G11405	0	0.0	0.0	0.0
AT1G16340	22	1.181267	8.353895	10.795711
AT2G03280	15	0.573038	4.294791	5.550143
AT5G14980	0	0.0	0.0	0.0
AT1G15960	72	1.771456	12.696055	16.407068
AT1G27320	179	3.092251	22.038012	28.479647
AT1G58025	23	0.684906	5.251268	6.786196
AT5G66150	0	0.0	0.0	0.0
AT2G10556	0	0.0	0.0	0.0
AT5G49440	120	6.237971	43.549992	56.279507
AT2G21250	210	12.349815	91.773247	118.598251
AT5G18475	2	0.083449	0.582594	0.752884
AT5G07120	12	0.429294	3.091687	3.995376
AT3G06600	5	0.074711	1.378785	1.781799
AT1G71260	52	4.224280	29.491537	38.111816
AT5G01095	0	0.000000	0.000000	0.000000
AT5G39290	0	0.0	0.0	0.0
AT2G02160	134	4.155677	29.012592	37.492870
AT2G43290	47	3.759036	26.243469	33.914345
AT3G57570	26	0.545672	3.809574	4.923100
AT1G68670	66	2.813815	19.644468	25.386480
AT1G13720	0	0.0	0.0	0.0
AT1G52240	48	1.822132	12.721097	16.439430
AT4G07120	1	0.111245	0.776650	1.003662
AT3G53190	67	2.311688	18.392138	23.768097
AT5G64780	12	0.567376	4.394611	5.679141
AT1G65760	0	0.0	0.0	0.0
AT1G31790	0	0.000000	0.000000	0.000000
AT4G39290	0	0.0	0.0	0.0
AT5G04960	0	0.000000	0.000000	0.000000
AT1G05980	0	0.0	0.0	0.0
AT4G15000	693	55.919189	448.304077	579.341797
AT3G46380	0	0.0	0.0	0.0
AT1G60430	0	0.000000	0.000000	0.000000
AT1G04057	0	0.000000	0.000000	0.000000
AT4G06290	0	0.0	0.0	0.0
AT3G01435	23	1.701449	18.712349	24.181904
AT5G57740	0	0.000000	0.000000	0.000000
AT1G47670	29	1.137363	7.940426	10.261386
AT2G26500	1703	151.778152	1348.090088	1742.132202
AT5G07450	0	0.0	0.0	0.0
AT1G76065	11	0.685596	4.786444	6.185506
AT2G34380	8	0.325414	2.271857	2.935913
AT4G04960	9	0.266022	1.857216	2.400073
AT3G22720	0	0.0	0.0	0.0
AT5G15000	0	0.0	0.0	0.0
AT5G06290	641	31.586678	267.177643	345.272736
AT1G33811	78	4.288382	29.939062	38.690147
AT3G18952	0	0.0	0.0	0.0
AT2G45480	0	0.000000	0.000000	0.000000
AT2G23010	21	1.005956	7.040673	9.098638
AT5G38140	48	1.005774	7.094368	9.168027
AT4G02800	71	3.648124	25.469143	32.913685
AT5G20050	29	1.240458	8.660177	11.191518
AT3G06390	0	0.0	0.0	0.0
AT1G78865	30	1.228023	8.966237	11.587037
AT3G03705	0	0.0	0.0	0.0
AT5G66420	69	1.945596	13.988222	18.076931
AT2G16630	55	2.008403	18.686720	24.148785
AT4G38140	0	0.0	0.0	0.0
AT4G20050	0	0.0	0.0	0.0
AT5G02800	24	1.056193	7.560140	9.769944
AT5G46280	40	1.036561	7.769403	10.040372
AT2G37070	0	0.0	0.0	0.0
AT3G53320	21	0.770633	5.380125	6.952717
AT4G07390	63	4.343205	30.321806	39.184769
AT1G69160	53	2.354331	16.436611	21.240976
AT5G11975	0	0.000000	0.000000	0.000000
AT1G74180	14	0.295135	2.154813	2.784658
ATCG00905	1	0.029626	0.206832	0.267288
AT3G48150	18	0.392068	3.425134	4.426289
AT5G07390	0	0.0	0.0	0.0
AT3G03415	3	2.075269	14.488358	18.723255
AT5G62940	12	0.581818	4.061925	5.249212
AT5G44070	117	4.142030	31.150267	40.255383
AT1G20691	9	0.302336	2.110739	2.727701
AT3G13845	35	3.356448	28.791901	37.207676
AT1G27190	41	1.313469	9.169900	11.850229
AT2G38780	44	0.953646	8.687901	11.227345
AT3G06450	34	0.804447	6.796155	8.782648
AT1G23570	0	0.0	0.0	0.0
AT2G26760	20	0.845479	5.902658	7.627984
AT2G40316	26	1.105547	7.718306	9.974339
AT3G07290	2	0.048296	0.337175	0.435731
AT4G12740	0	0.000000	0.000000	0.000000
AT1G76750	0	0.000000	0.000000	0.000000
AT2G07613	0	0.0	0.0	0.0
AT5G47380	23	0.692459	5.019687	6.486925
AT1G50660	30	0.776741	5.422768	7.007824
AT3G10590	0	0.0	0.0	0.0
AT2G21030	0	0.0	0.0	0.0
AT2G05350	0	0.0	0.0	0.0
AT5G53220	0	0.000000	0.000000	0.000000
AT3G56740	20	0.733033	6.262048	8.092422
AT1G65500	19	1.964286	13.713536	17.721956
AT1G17240	0	0.0	0.0	0.0
AT3G20330	90	3.278793	24.044561	31.072702
AT3G12570	25	0.917057	6.466003	8.355994
AT3G25597	5	0.341737	2.385815	3.083180
AT5G56570	0	0.0	0.0	0.0
AT2G07753	1	0.726667	5.073179	6.556052
AT3G06120	6	0.316257	2.226177	2.876881
AT5G07600	0	0.0	0.0	0.0
AT1G04237	1	0.118230	0.825415	1.066681
AT1G76610	2	0.146414	1.022180	1.320960
AT3G61545	0	0.0	0.0	0.0
ATMG01210	3	0.741830	5.179039	6.692853
AT1G26220	0	0.000000	0.000000	0.000000
AT1G73655	178	16.484320	115.084213	148.722946
AT3G48420	0	0.000000	0.000000	0.000000
AT3G08935	0	0.0	0.0	0.0
AT4G20230	0	0.000000	0.000000	0.000000
AT4G25435	1	0.260274	1.817086	2.348214
AT4G34415	0	0.0	0.0	0.0
AT5G20230	122	8.144296	56.858879	73.478531
AT1G44000	166	11.303754	78.916428	101.983437
AT1G28030	0	0.0	0.0	0.0
AT5G02525	0	0.000000	0.000000	0.000000
AT4G20820	1	0.038363	0.267829	0.346114
AT2G25737	23	0.827570	5.777627	7.466407
AT5G13630	1758	29.459974	206.495087	266.852905
AT4G19810	12	0.476382	4.730809	6.113609
AT5G39280	0	0.0	0.0	0.0
AT2G07565	0	0.0	0.0	0.0
AT2G15460	0	0.0	0.0	0.0
AT3G15940	24	0.675241	4.978497	6.433694
AT2G07415	0	0.0	0.0	0.0
AT5G26010	0	0.000000	0.000000	0.000000
AT5G52360	0	0.0	0.0	0.0
AT3G53180	58	1.448915	10.450616	13.505295
AT3G16360	0	0.0	0.0	0.0
AT2G35859	0	0.000000	0.000000	0.000000
AT4G13630	0	0.000000	0.000000	0.000000
AT5G19810	1	0.065217	0.455308	0.588393
AT2G43280	10	0.602885	4.420464	5.712550
AT1G47915	0	0.0	0.0	0.0
AT5G20820	2	0.227143	1.585784	2.049304
AT1G74320	38	1.712173	12.628677	16.319996
AT1G31780	63	1.704615	15.043618	19.440817
AT4G39280	61	2.247413	18.730955	24.205948
AT1G11905	0	0.000000	0.000000	0.000000
AT5G64790	0	0.0	0.0	0.0
AT4G26010	0	0.000000	0.000000	0.000000
AT5G47120	130	6.077059	55.353195	71.532745
AT3G46600	41	1.353633	9.450302	12.212593
AT1G33940	0	0.0	0.0	0.0
AT5G09440	8	0.385424	2.690813	3.477328
AT4G14990	29	0.674528	4.752613	6.141785
AT2G42160	14	0.583953	4.169893	5.388738
AT3G14855	0	0.0	0.0	0.0
AT5G16260	27	1.005184	7.024246	9.077409
AT3G48343	0	0.0	0.0	0.0
AT3G52260	36	1.624862	14.622499	18.896603
AT1G51250	0	0.0	0.0	0.0
AT4G23500	24	1.012786	7.070701	9.137442
AT1G08363	0	0.0	0.0	0.0
AT2G34600	0	0.000000	0.000000	0.000000
AT5G14990	0	0.0	0.0	0.0
AT2G03290	0	0.0	0.0	0.0
AT1G26830	108	3.051219	21.301889	27.528358
AT4G09440	0	0.0	0.0	0.0
AT2G20784	0	0.000000	0.000000	0.000000
AT5G28810	0	0.0	0.0	0.0
AT2G22240	19	0.627719	4.581665	5.920870
AT2G17845	0	0.0	0.0	0.0
ATMG00760	5	1.075758	7.510335	9.705581
AT1G04503	2	0.330270	2.305759	2.979724
AT1G04827	0	0.000000	0.000000	0.000000
AT1G70400	0	0.0	0.0	0.0
AT5G59750	32	1.192991	8.757631	11.317457
AT4G16260	0	0.000000	0.000000	0.000000
AT3G01920	56	1.390250	10.318198	13.334173
AT4G36440	34	0.770190	5.652526	7.304740
AT3G06380	36	1.361995	10.573573	13.664192
AT5G44960	0	0.0	0.0	0.0
AT5G59610	43	0.864910	14.013676	18.109825
AT1G07670	28	0.559105	4.098417	5.296370
AT5G36440	0	0.0	0.0	0.0
AT5G47450	0	0.0	0.0	0.0
AT5G53830	17	1.140260	7.960652	10.287523
AT1G79570	70	0.978358	8.563527	11.066616
AT2G12190	1	0.041572	0.290232	0.375066
AT5G65570	6	0.161852	1.129959	1.460243
AT1G56500	197	2.076389	29.761002	38.460041
AT5G46290	285	11.047503	78.964714	102.045830
AT3G46390	0	0.0	0.0	0.0
AT1G05990	0	0.0	0.0	0.0
AT4G21215	107	4.133462	40.240940	52.003227
AT1G53010	0	0.0	0.0	0.0
AT4G06280	0	0.0	0.0	0.0
AT5G42800	56	2.947368	20.576860	26.591406
AT5G60110	0	0.0	0.0	0.0
AT1G77122	33	2.152680	15.115526	19.533745
AT2G35240	45	3.571572	24.934700	32.223026
AT2G34390	0	0.000000	0.000000	0.000000
AT2G45490	0	0.000000	0.000000	0.000000
AT5G06280	30	1.891505	20.337801	26.282473
AT5G55150	0	0.0	0.0	0.0
AT2G38790	0	0.000000	0.000000	0.000000
AT1G27180	11	0.081508	1.236077	1.597378
AT1G07477	0	0.000000	0.000000	0.000000
AT1G03545	0	0.000000	0.000000	0.000000
AT5G61950	8	0.140988	0.984299	1.272006
AT5G51810	4	0.171462	1.306778	1.688745
AT3G08150	0	0.0	0.0	0.0
AT5G47390	77	3.658130	25.539000	33.003963
AT3G43415	0	0.0	0.0	0.0
AT1G28250	36	3.734006	26.068724	33.688522
AT3G10580	0	0.0	0.0	0.0
AT5G04070	12	0.589520	4.154569	5.368935
AT3G46450	0	0.000000	0.000000	0.000000
AT2G37960	7	0.263292	2.031318	2.625066
AT5G11750	62	2.120786	21.906267	28.309391
AT4G07380	0	0.0	0.0	0.0
AT1G56760	0	0.0	0.0	0.0
AT3G47290	69	2.053358	17.910879	23.146170
AT3G50640	0	0.0	0.0	0.0
AT1G74190	0	0.0	0.0	0.0
AT1G19250	0	0.000000	0.000000	0.000000
AT1G51030	0	0.0	0.0	0.0
AT2G34450	0	0.000000	0.000000	0.000000
AT1G75530	0	0.0	0.0	0.0
AT1G14315	0	0.000000	0.000000	0.000000
AT4G11750	0	0.0	0.0	0.0
AT5G07380	0	0.0	0.0	0.0
AT2G45350	3	0.116738	0.814999	1.053220
AT2G20660	0	0.0	0.0	0.0
AT1G70650	60	1.894099	15.172264	19.607067
AT4G32920	33	0.453324	3.519468	4.548196
ATMG00500	2	0.195912	1.367747	1.767535
AT1G04763	0	0.0	0.0	0.0
AT2G34120	0	0.000000	0.000000	0.000000
AT5G23760	69	7.178618	53.928051	69.691040
AT1G70710	21	0.770303	5.377821	6.949739
AT3G62000	15	0.487021	6.730879	8.698292
AT1G57943	0	0.0	0.0	0.0
AT4G11610	0	0.0	0.0	0.0
AT1G61565	0	0.0	0.0	0.0
AT1G61415	0	0.000000	0.000000	0.000000
AT4G23760	30	4.220826	29.467426	38.080654
AT3G46120	0	0.0	0.0	0.0
AT5G47600	0	0.000000	0.000000	0.000000
AT3G05215	0	0.0	0.0	0.0
AT1G73603	0	0.0	0.0	0.0
AT5G11610	53	1.081326	17.538597	22.665066
AT5G25920	0	0.0	0.0	0.0
AT3G08420	0	0.0	0.0	0.0
AT5G05315	0	0.0	0.0	0.0
AT5G17360	10	0.564172	3.938731	5.090008
AT1G78720	0	0.0	0.0	0.0
AT1G02870	47	4.377130	30.558651	39.490841
AT2G07705	0	0.0	0.0	0.0
AT4G25920	0	0.0	0.0	0.0
AT4G05315	0	0.000000	0.000000	0.000000
AT4G17360	36	1.630715	12.750483	16.477406
AT3G27010	4	0.166891	1.180226	1.525202
AT1G20575	25	1.847092	12.895355	16.664621
AT4G09647	0	0.0	0.0	0.0
AT3G10840	60	1.595973	11.433783	14.775839
AT5G54270	82	5.246175	36.625832	47.331440
AT4G36170	0	0.000000	0.000000	0.000000
AT2G24535	0	0.000000	0.000000	0.000000
AT5G40855	0	0.000000	0.000000	0.000000
AT1G49620	0	0.000000	0.000000	0.000000
AT4G21540	33	1.111207	8.433993	10.899220
AT5G36170	76	3.338470	24.664757	31.874180
AT5G60335	0	0.000000	0.000000	0.000000
AT3G57080	30	1.036106	11.178934	14.446497
AT1G06537	4	1.125506	7.857648	10.154411
AT2G30260	99	4.909826	43.434544	56.130310
AT1G24520	0	0.0	0.0	0.0
AT1G11785	0	0.000000	0.000000	0.000000
AT1G13609	0	0.000000	0.000000	0.000000
AT5G43020	30	0.910366	6.355662	8.213400
AT3G21130	0	0.0	0.0	0.0
AT1G01230	34	3.091324	21.581881	27.890190
AT4G09730	115	4.265770	29.781199	38.486141
AT1G72125	0	0.000000	0.000000	0.000000
AT3G00980	2	0.598119	4.175730	5.396281
AT3G02615	0	0.0	0.0	0.0
AT5G09730	0	0.000000	0.000000	0.000000
AT5G54165	0	0.000000	0.000000	0.000000
AT2G46850	0	0.0	0.0	0.0
AT2G07648	0	0.0	0.0	0.0
AT2G39020	101	5.953540	41.564259	53.713348
AT2G37840	20	0.443296	5.052227	6.528976
AT3G23727	0	0.0	0.0	0.0
AT1G64563	0	0.000000	0.000000	0.000000
AT2G22465	0	0.0	0.0	0.0
AT4G08015	0	0.000000	0.000000	0.000000
AT1G66640	0	0.0	0.0	0.0
AT5G36730	0	0.0	0.0	0.0
AT4G31060	0	0.000000	0.000000	0.000000
AT4G09265	0	0.0	0.0	0.0
AT3G60760	0	0.0	0.0	0.0
AT2G06020	0	0.0	0.0	0.0
AT3G03995	0	0.0	0.0	0.0
AT3G02755	0	0.000000	0.000000	0.000000
AT5G03850	591	50.791397	354.596863	458.244324
AT1G07683	0	0.0	0.0	0.0
AT5G08015	0	0.000000	0.000000	0.000000
AT1G79090	88	2.141436	15.323219	19.802143
AT1G29370	102	1.299699	20.198139	26.101986
AT1G69588	1	0.082579	0.576520	0.745035
AT5G65090	0	0.000000	0.000000	0.000000
AT2G37580	1	0.063811	0.445492	0.575708
AT4G36730	64	3.396223	23.710512	30.641014
AT5G09265	0	0.000000	0.000000	0.000000
AT3G09365	0	0.0	0.0	0.0
AT1G80100	0	0.0	0.0	0.0
AT2G10440	0	0.0	0.0	0.0
AT5G09170	0	0.0	0.0	0.0
AT3G10960	14	0.487533	3.403680	4.398564
AT5G06815	0	0.0	0.0	0.0
AT1G57110	0	0.0	0.0	0.0
AT1G30720	1	0.036568	0.255297	0.329920
AT2G14395	0	0.0	0.0	0.0
AT4G21880	0	0.000000	0.000000	0.000000
AT3G59520	14	0.767733	5.359879	6.926553
AT4G06815	0	0.0	0.0	0.0
AT4G09170	0	0.0	0.0	0.0
AT1G18370	27	0.611111	4.266432	5.513496
AT2G08820	0	0.0	0.0	0.0
AT3G21770	23	1.432498	10.000892	12.924119
AT3G04635	0	0.000000	0.000000	0.000000
AT3G22333	0	0.0	0.0	0.0
AT1G23080	260	6.307739	53.919834	69.680420
AT5G18680	50	1.987910	15.644818	20.217745
AT5G05130	9	0.187234	1.453088	1.877821
AT1G14770	5	0.181414	1.412449	1.825303
AT3G58130	3	0.124541	1.002087	1.294994
AT3G07273	2	0.270096	1.885658	2.436829
AT3G07815	0	0.0	0.0	0.0
AT3G15860	0	0.0	0.0	0.0
AT4G05130	3	0.116904	0.816158	1.054718
AT2G24200	178	6.897573	52.651878	68.041847
AT1G80620	39	1.461868	11.281379	14.578887
AT4G18680	0	0.0	0.0	0.0
AT2G32640	77	2.489060	18.288681	23.634399
AT1G12110	90	3.259310	22.754663	29.405773
AT5G04590	551	13.242406	92.451004	119.474121
AT1G64970	46	2.600519	18.155355	23.462105
AT2G05910	0	0.0	0.0	0.0
AT3G05540	0	0.0	0.0	0.0
AT4G22233	1	0.071429	0.555771	0.718221
AT3G02060	88	2.374108	16.722416	21.610321
AT1G34310	0	0.0	0.0	0.0
AT1G01050	0	0.000000	0.000000	0.000000
AT5G58540	0	0.000000	0.000000	0.000000
AT1G25330	0	0.000000	0.000000	0.000000
AT3G60500	44	1.658951	12.599593	16.282410
AT4G29680	56	1.999093	13.956539	18.035988
AT1G33860	0	0.0	0.0	0.0
AT5G44580	320	24.825876	211.693817	273.571198
AT3G55660	17	0.579134	4.117818	5.321443
AT3G05880	269	21.184723	182.702759	236.106140
AT1G41820	0	0.0	0.0	0.0
AT1G07147	0	0.0	0.0	0.0
AT4G05770	0	0.0	0.0	0.0
AT3G03272	0	0.0	0.0	0.0
AT4G31615	0	0.0	0.0	0.0
AT3G58770	0	0.000000	0.000000	0.000000
AT1G15590	0	0.0	0.0	0.0
AT5G58880	0	0.0	0.0	0.0
AT1G14130	0	0.000000	0.000000	0.000000
AT5G08660	29	0.755922	5.991678	7.743024
AT2G41835	20	1.068846	7.462080	9.643220
AT2G25640	14	0.213338	1.626654	2.102119
AT5G05770	0	0.0	0.0	0.0
AT5G44840	0	0.0	0.0	0.0
AT3G27809	0	0.0	0.0	0.0
AT5G56080	0	0.0	0.0	0.0
AT3G12080	116	3.487334	24.806150	32.056904
AT3G45890	0	0.000000	0.000000	0.000000
AT3G13075	0	0.000000	0.000000	0.000000
AT3G11520	16	0.753623	5.261371	6.799251
AT1G47485	2	0.228125	1.592640	2.058163
AT1G03210	36	1.387222	11.304404	14.608642
AT2G07985	0	0.0	0.0	0.0
AT3G28216	0	0.0	0.0	0.0
AT1G49100	0	0.0	0.0	0.0
AT3G30845	0	0.0	0.0	0.0
AT1G32330	14	0.297891	3.548440	4.585638
AT4G28088	0	0.0	0.0	0.0
AT3G23110	4	0.116029	0.810049	1.046824
AT5G02255	0	0.0	0.0	0.0
AT2G03040	0	0.0	0.0	0.0
AT5G60260	0	0.000000	0.000000	0.000000
AT5G14680	30	1.180668	10.772279	13.920979
AT1G07615	8	0.318454	2.223266	2.873119
AT1G15660	40	1.198560	8.367670	10.813511
AT1G18770	0	0.0	0.0	0.0
AT3G55590	0	0.0	0.0	0.0
AT1G46696	0	0.0	0.0	0.0
AT3G21370	0	0.000000	0.000000	0.000000
AT2G22090	21	0.410859	4.567897	5.903079
AT4G08590	0	0.000000	0.000000	0.000000
AT3G54130	20	1.230769	8.592535	11.104103
AT3G09765	0	0.0	0.0	0.0
AT2G28200	0	0.0	0.0	0.0
AT4G14680	52	2.036798	14.917038	19.277237
AT2G44230	38	1.367985	9.550500	12.342077
AT1G30320	9	0.272464	2.204312	2.848624
AT5G08590	551	23.087572	161.184402	208.298050
AT1G68970	0	0.0	0.0	0.0
AT1G29770	4	0.219567	1.532893	1.980952
AT1G52080	0	0.000000	0.000000	0.000000
AT4G21270	19	0.495899	3.462087	4.474043
AT1G51520	0	0.000000	0.000000	0.000000
AT1G75020	28	0.802997	6.622715	8.558513
AT3G06900	0	0.000000	0.000000	0.000000
AT5G54540	224	12.337250	86.131714	111.307724
AT1G34400	0	0.0	0.0	0.0
AT3G61111	0	0.0	0.0	0.0
AT5G48580	69	4.078354	28.727554	37.124519
AT5G36330	0	0.0	0.0	0.0
AT3G60360	92	5.496619	45.401051	58.671623
AT2G35090	0	0.0	0.0	0.0
AT1G66725	2	0.283988	1.982644	2.562164
AT5G24316	0	0.000000	0.000000	0.000000
AT5G67580	45	1.892308	13.563610	17.528208
AT4G16110	16	0.465866	3.252414	4.203083
AT5G09330	89	2.803720	19.640432	25.381266
AT3G54770	0	0.0	0.0	0.0
AT5G54880	15	0.814018	5.683014	7.344140
AT5G04660	0	0.000000	0.000000	0.000000
AT1G18130	0	0.000000	0.000000	0.000000
AT1G55860	96	0.652394	4.554646	5.885954
AT1G05680	0	0.000000	0.000000	0.000000
AT3G52110	24	0.982282	10.593883	13.690437
AT5G19875	8	0.532787	3.719619	4.806850
AT1G47970	76	4.847512	33.842590	43.734669
AT5G16110	59	2.870574	21.096859	27.263397
AT5G48840	39	1.958572	13.673645	17.670404
AT2G42210	206	12.461422	101.600853	131.298431
AT4G14504	0	0.000000	0.000000	0.000000
AT5G46040	0	0.000000	0.000000	0.000000
AT4G22754	0	0.0	0.0	0.0
AT2G29125	7	0.557734	3.893784	5.031924
AT5G37050	0	0.0	0.0	0.0
AT3G28785	0	0.0	0.0	0.0
AT2G20070	0	0.0	0.0	0.0
AT3G26747	0	0.0	0.0	0.0
AT3G09230	10	0.474227	3.310785	4.278517
AT1G26233	0	0.0	0.0	0.0
AT4G37050	0	0.000000	0.000000	0.000000
AT2G16930	30	2.176252	19.568035	25.287706
AT1G15015	0	0.000000	0.000000	0.000000
AT5G62640	28	1.062233	7.689898	9.937629
AT1G07060	0	0.0	0.0	0.0
AT5G58270	42	1.110699	8.608432	11.124646
AT1G61470	4	0.241123	1.683385	2.175432
AT1G32730	33	1.709248	11.933005	15.420981
AT2G44050	88	6.384968	44.576241	57.605728
AT3G05270	0	0.000000	0.000000	0.000000
AT1G80745	0	0.000000	0.000000	0.000000
AT3G49820	0	0.0	0.0	0.0
AT5G02035	0	0.0	0.0	0.0
AT1G05487	0	0.000000	0.000000	0.000000
AT1G28520	48	1.355090	10.393250	13.431161
AT3G47040	0	0.0	0.0	0.0
AT2G29605	0	0.0	0.0	0.0
AT1G50960	0	0.0	0.0	0.0
AT1G30190	1	0.062979	0.439684	0.568202
AT5G05370	347	59.147747	412.936188	533.636047
AT3G05165	78	2.431404	22.034660	28.475317
AT1G45145	49	4.621428	32.264206	41.694920
AT1G20460	16	0.932534	6.510426	8.413402
AT1G20510	86	2.423705	19.273726	24.907372
AT1G19520	35	0.909669	7.267751	9.392090
AT1G34650	0	0.0	0.0	0.0
AT3G58370	0	0.0	0.0	0.0
AT4G31355	0	0.000000	0.000000	0.000000
AT1G76910	0	0.0	0.0	0.0
AT4G04015	2	0.218182	1.523224	1.968457
AT5G07900	38	2.165582	15.118871	19.538067
AT1G17080	92	8.507901	59.397366	76.759010
AT5G04015	0	0.000000	0.000000	0.000000
AT1G32170	0	0.000000	0.000000	0.000000
AT3G43470	0	0.0	0.0	0.0
AT5G34882	0	0.0	0.0	0.0
AT5G50000	86	3.486459	24.340490	31.455132
AT4G37230	0	0.0	0.0	0.0
AT3G09505	0	0.0	0.0	0.0
AT3G09050	56	2.941884	25.140017	32.488358
AT5G37230	0	0.0	0.0	0.0
AT1G14370	20	0.835270	5.831384	7.535877
AT1G63100	21	0.547145	3.819858	4.936389
AT3G08635	0	0.000000	0.000000	0.000000
AT3G02495	0	0.000000	0.000000	0.000000
AT4G11490	0	0.0	0.0	0.0
AT2G34790	0	0.000000	0.000000	0.000000
AT2G07140	0	0.0	0.0	0.0
AT3G55070	34	1.257315	9.559302	12.353455
AT4G33420	0	0.000000	0.000000	0.000000
AT2G09935	0	0.0	0.0	0.0
AT2G22570	17	0.970611	8.899466	11.500751
AT1G49435	0	0.0	0.0	0.0
AT3G46790	14	0.465116	3.247177	4.196316
AT5G11490	41	0.978162	7.225653	9.337687
AT3G04150	0	0.0	0.0	0.0
AT1G24250	0	0.0	0.0	0.0
AT1G57260	0	0.0	0.0	0.0
AT1G09920	34	2.733945	19.086861	24.665886
AT5G08070	2	0.106175	1.350321	1.745016
AT5G06870	89	6.033391	42.121731	54.433769
AT5G64600	21	0.816846	5.810893	7.509398
AT1G78190	1	0.016614	0.115990	0.149893
AT3G06780	21	1.613756	11.266334	14.559444
AT2G38450	52	4.180612	29.186674	37.717838
AT1G76480	0	0.000000	0.000000	0.000000
AT4G06870	0	0.000000	0.000000	0.000000
AT1G50840	62	1.358493	9.484231	12.256440
AT4G09115	0	0.0	0.0	0.0
AT1G08763	0	0.0	0.0	0.0
AT2G38120	116	3.242616	23.609386	30.510330
AT2G43870	0	0.000000	0.000000	0.000000
AT2G42885	0	0.0	0.0	0.0
AT4G27630	18	0.512132	5.276800	6.819190
AT5G22791	0	0.000000	0.000000	0.000000
ATMG00360	2	1.642897	11.469780	14.822357
AT4G39870	21	0.924743	6.456034	8.343110
AT5G59350	43	1.957101	15.465437	19.985931
AT1G05673	0	0.0	0.0	0.0
AT5G54215	0	0.0	0.0	0.0
AT5G27630	0	0.000000	0.000000	0.000000
AT1G50580	1	0.014189	0.099060	0.128014
AT4G30930	61	3.739366	26.106144	33.736881
AT5G39870	0	0.0	0.0	0.0
AT1G79240	0	0.0	0.0	0.0
AT5G52760	11	0.968889	6.764236	8.741400
AT1G07993	2	0.155621	1.086458	1.404026
AT3G16760	140	4.674583	39.805408	51.440395
AT3G04420	0	0.0	0.0	0.0
AT1G05917	1	0.686869	4.795332	6.196991
AT5G41460	16	0.595796	4.159511	5.375322
AT5G41510	0	0.0	0.0	0.0
AT1G31380	0	0.0	0.0	0.0
AT1G10640	13	0.485634	3.390422	4.381432
AT1G74720	32	0.654545	4.569664	5.905361
AT4G00200	0	0.000000	0.000000	0.000000
AT1G36920	0	0.0	0.0	0.0
AT5G64390	34	0.527045	4.288606	5.542150
AT3G44935	0	0.0	0.0	0.0
AT5G65240	17	0.347838	3.373081	4.359021
AT5G17500	0	0.000000	0.000000	0.000000
AT2G30110	146	3.079651	21.500385	27.784874
AT3G11030	17	0.512651	3.708979	4.793100
AT3G59250	0	0.000000	0.000000	0.000000
AT2G20590	6	0.245956	1.843602	2.382480
AT2G34317	0	0.0	0.0	0.0
AT3G02670	0	0.0	0.0	0.0
AT4G33150	12	0.237326	1.796142	2.321148
AT4G17500	1	0.061396	0.428632	0.553920
AT3G03685	0	0.0	0.0	0.0
AT4G05405	0	0.000000	0.000000	0.000000
AT2G07305	20	1.571872	10.973924	14.181563
AT1G48000	0	0.0	0.0	0.0
AT1G24030	0	0.000000	0.000000	0.000000
AT4G17760	0	0.000000	0.000000	0.000000
AT4G05715	0	0.0	0.0	0.0
AT4G31670	12	0.414204	2.891739	3.736984
AT1G03160	59	1.511948	10.952365	14.153704
AT3G23260	2	0.119163	0.831929	1.075099
AT4G29990	12	0.150982	1.229591	1.588997
AT5G59490	0	0.0	0.0	0.0
AT1G06027	0	0.0	0.0	0.0
AT5G17760	9	0.312324	2.241620	2.896838
AT1G32440	70	2.551471	17.812931	23.019590
AT1G78320	0	0.000000	0.000000	0.000000
AT3G16500	64	2.194952	17.580812	22.719624
AT5G52500	0	0.0	0.0	0.0
AT3G26630	26	1.170746	8.173488	10.562571
AT2G39530	0	0.0	0.0	0.0
AT4G23360	0	0.0	0.0	0.0
AT1G62935	2	0.225806	1.576450	2.037241
AT4G18990	0	0.0	0.0	0.0
AT3G13010	0	0.0	0.0	0.0
AT4G24810	52	1.618755	12.300961	15.896491
AT1G09633	0	0.0	0.0	0.0
AT4G35830	380	8.670762	62.926254	81.319389
AT5G64450	0	0.000000	0.000000	0.000000
AT1G04363	0	0.0	0.0	0.0
AT3G23175	0	0.0	0.0	0.0
AT2G45610	0	0.0	0.0	0.0
AT2G38600	0	0.000000	0.000000	0.000000
AT5G18990	0	0.0	0.0	0.0
AT3G22180	10	0.278689	1.945649	2.514356
AT1G70310	226	10.366782	82.458473	106.560806
AT5G23360	13	1.014851	7.085117	9.156073
AT5G24810	51	1.026483	7.559003	9.768474
AT1G02280	192	12.590610	87.900528	113.593559
AT1G08827	0	0.0	0.0	0.0
AT1G08503	0	0.0	0.0	0.0
AT5G35830	0	0.0	0.0	0.0
AT5G43530	0	0.0	0.0	0.0
AT1G61140	37	0.597526	4.531783	5.856407
AT2G07695	2	0.063751	0.445073	0.575167
AT5G48960	52	1.740332	12.150016	15.701424
AT5G07780	0	0.000000	0.000000	0.000000
AT4G11350	0	0.000000	0.000000	0.000000
AT3G20978	0	0.0	0.0	0.0
AT2G45750	0	0.000000	0.000000	0.000000
AT1G22010	0	0.0	0.0	0.0
AT3G21405	0	0.000000	0.000000	0.000000
AT1G55940	0	0.000000	0.000000	0.000000
AT5G11350	17	0.474378	3.531594	4.563868
AT1G13180	0	0.000000	0.000000	0.000000
AT1G56360	0	0.0	0.0	0.0
AT2G06530	50	2.845324	21.404329	27.660740
AT1G25440	387	17.804260	124.299294	160.631561
AT5G64120	42	2.453055	17.125845	22.131672
AT3G07870	9	0.340314	2.375880	3.070342
AT4G22830	40	3.089567	21.569613	27.874338
AT5G47790	11	0.412207	2.877797	3.718967
AT1G12260	8	0.302099	2.109085	2.725563
AT3G11250	139	8.261744	57.678833	74.538155
AT3G59030	0	0.000000	0.000000	0.000000
AT2G05975	0	0.0	0.0	0.0
AT5G22830	99	4.368006	31.434336	40.622482
AT3G22072	0	0.000000	0.000000	0.000000
AT2G38390	0	0.000000	0.000000	0.000000
AT1G67000	0	0.000000	0.000000	0.000000
AT3G25013	6	0.149685	1.714850	2.216095
AT4G05655	0	0.0	0.0	0.0
AT4G08263	0	0.0	0.0	0.0
AT2G36000	133	5.476510	38.233906	49.409542
AT1G16360	0	0.0	0.0	0.0
AT4G31870	15	0.683995	4.775267	6.171062
AT1G53180	0	0.000000	0.000000	0.000000
AT5G51350	12	0.299433	2.090472	2.701510
AT1G15940	46	0.989289	6.906657	8.925450
AT5G60080	0	0.0	0.0	0.0
AT3G44555	0	0.0	0.0	0.0
AT3G28030	17	0.251241	1.924503	2.487028
AT1G71240	24	0.637225	4.572540	5.909078
AT4G24610	20	0.341901	2.388551	3.086717
AT2G27570	0	0.0	0.0	0.0
AT4G35630	161	7.734571	53.998409	69.781960
AT2G23190	0	0.0	0.0	0.0
AT5G49460	104	3.140690	21.926527	28.335573
AT5G49510	69	3.971119	29.468834	38.082474
AT1G09833	0	0.000000	0.000000	0.000000
AT3G26830	19	0.823860	5.751725	7.432935
AT2G02140	0	0.0	0.0	0.0
AT4G30550	32	1.907601	14.184504	18.330585
AT1G08627	0	0.0	0.0	0.0
AT3G19030	9	1.327968	9.271123	11.981041
AT3G51250	57	2.087397	14.573029	18.832676
AT1G52260	18	0.669234	4.958711	6.408126
AT5G24610	0	0.000000	0.000000	0.000000
AT5G35630	1484	49.858822	439.493408	567.955811
AT2G41150	0	0.000000	0.000000	0.000000
AT2G45810	107	3.397066	23.716400	30.648621
AT2G33460	109	6.093892	42.544117	54.979614
AT2G33510	12	0.970468	7.100651	9.176147
AT1G65740	0	0.0	0.0	0.0
AT2G38800	68	2.326021	16.238966	20.985559
AT3G56500	0	0.000000	0.000000	0.000000
AT2G41420	108	9.040085	63.112774	81.560417
AT4G19490	62	1.215901	8.881573	11.477627
AT5G04940	26	0.680505	5.065499	6.546127
AT2G07895	0	0.0	0.0	0.0
AT5G24750	0	0.000000	0.000000	0.000000
AT5G57760	18	2.542974	17.753609	22.942928
AT4G12500	7	0.532091	3.714759	4.800570
AT3G07670	89	3.148493	23.457491	30.314035
AT4G04940	56	1.440219	10.123305	13.082313
AT5G19490	0	0.000000	0.000000	0.000000
AT3G29638	0	0.0	0.0	0.0
AT3G45980	295	32.434566	226.439850	292.627441
AT4G24750	183	7.520082	52.772717	68.197998
AT3G18715	4	0.390117	2.723577	3.519669
AT1G06380	9	0.505721	3.530658	4.562658
AT1G01920	0	0.000000	0.000000	0.000000
AT3G19508	0	0.000000	0.000000	0.000000
AT5G38160	0	0.0	0.0	0.0
AT5G05855	0	0.0	0.0	0.0
AT4G22630	0	0.0	0.0	0.0
AT5G01115	0	0.0	0.0	0.0
AT2G47885	0	0.000000	0.000000	0.000000
AT4G28490	10	0.197844	1.381235	1.784966
AT5G26180	33	0.940186	6.735124	8.703777
AT5G58990	34	2.104732	17.489048	22.601036
AT5G62573	0	0.000000	0.000000	0.000000
AT3G53010	2	0.128631	0.898029	1.160520
AT4G05855	0	0.0	0.0	0.0
AT2G29452	0	0.0	0.0	0.0
AT4G38160	146	5.788972	40.564411	52.421249
AT2G09555	0	0.0	0.0	0.0
AT1G52618	2	0.244556	1.707352	2.206405
AT3G05990	22	0.803760	5.611399	7.251591
AT5G22630	23	0.836613	5.840760	7.547994
AT5G28490	23	1.405719	9.813937	12.682517
AT4G29283	0	0.0	0.0	0.0
AT2G09000	0	0.000000	0.000000	0.000000
AT4G26180	7	0.322319	2.324148	3.003488
AT4G00955	5	0.257898	2.287118	2.955635
AT1G10580	39	1.401690	9.785809	12.646167
AT4G19350	42	3.708333	25.889488	33.456898
AT3G28250	0	0.0	0.0	0.0
AT1G43415	0	0.0	0.0	0.0
AT5G34885	0	0.0	0.0	0.0
AT1G08150	0	0.0	0.0	0.0
AT5G00955	0	0.0	0.0	0.0
AT2G23320	33	1.993770	13.919377	17.987963
AT5G62960	18	0.684720	5.452682	7.046484
AT5G19350	32	1.496101	10.444933	13.497952
AT1G07280	134	3.172156	30.503466	39.419521
AT3G27180	0	0.000000	0.000000	0.000000
AT5G06670	18	0.372056	2.852496	3.686271
AT4G03135	1	0.486111	3.393753	4.385735
AT5G64800	4	0.387863	2.707841	3.499333
AT4G12760	26	1.768566	13.669197	17.664658
AT3G19250	0	0.000000	0.000000	0.000000
AT4G28350	4	0.122190	0.853062	1.102409
AT3G51030	7	0.714538	4.988501	6.446623
AT2G26740	118	6.495152	47.759945	61.720016
AT5G03135	0	0.000000	0.000000	0.000000
AT1G50640	63	2.857225	19.947533	25.778128
AT2G17720	78	4.367461	30.491152	39.403606
AT5G57500	0	0.000000	0.000000	0.000000
AT1G47290	45	1.991141	13.901023	17.964245
AT5G40770	141	5.212402	36.390049	47.026737
AT3G56760	30	1.035699	7.230666	9.344165
AT5G28350	35	0.627535	4.566271	5.900976
AT1G50325	0	0.0	0.0	0.0
AT1G08107	1	0.920000	6.422921	8.300319
AT1G05873	0	0.000000	0.000000	0.000000
AT4G39670	0	0.0	0.0	0.0
AT1G17260	0	0.0	0.0	0.0
AT2G43670	0	0.000000	0.000000	0.000000
AT4G21990	124	5.397634	38.569901	49.843746
AT5G43950	42	1.718639	11.998568	15.505708
AT5G42790	111	7.111736	49.650127	64.162689
AT5G51490	0	0.0	0.0	0.0
AT1G68290	5	0.328364	2.292452	2.962528
AT2G40910	0	0.0	0.0	0.0
AT4G27830	55	1.953757	15.902761	20.551085
AT3G61415	20	0.822466	6.308586	8.152564
AT3G15070	0	0.000000	0.000000	0.000000
AT5G39670	0	0.000000	0.000000	0.000000
AT2G39950	32	0.658254	4.595558	5.938824
AT1G62000	0	0.0	0.0	0.0
AT5G21990	56	1.980889	13.829449	17.871750
AT5G12235	1	0.119869	0.836858	1.081468
AT5G27830	25	1.254023	9.117267	11.782212
AT1G10840	209	9.586843	87.768356	113.422752
AT2G31530	22	0.666798	5.321138	6.876489
AT5G02780	0	0.000000	0.000000	0.000000
AT5G03775	0	0.0	0.0	0.0
AT2G02695	0	0.0	0.0	0.0
AT3G02870	115	3.429304	44.740162	57.817558
AT4G02780	0	0.000000	0.000000	0.000000
AT1G08420	42	0.815706	5.708678	7.377305
AT1G33070	0	0.0	0.0	0.0
AT5G46915	0	0.000000	0.000000	0.000000
AT2G04345	0	0.0	0.0	0.0
AT3G31900	0	0.0	0.0	0.0
AT3G24520	0	0.000000	0.000000	0.000000
AT4G11213	0	0.0	0.0	0.0
AT5G01330	0	0.000000	0.000000	0.000000
AT1G57080	0	0.0	0.0	0.0
AT5G62840	40	2.732871	19.694275	25.450844
AT5G25050	0	0.000000	0.000000	0.000000
AT2G16005	0	0.0	0.0	0.0
AT3G49620	0	0.000000	0.000000	0.000000
AT3G07355	0	0.000000	0.000000	0.000000
AT4G01330	33	1.126134	8.320028	10.751945
AT4G25050	1635	112.469879	876.509155	1132.709717
AT1G73200	106	2.804740	19.581110	25.304604
AT1G65430	33	1.039097	7.897387	10.205765
AT4G08185	0	0.000000	0.000000	0.000000
AT2G27090	16	0.414016	3.133310	4.049166
AT1G54370	23	0.821742	5.736939	7.413826
AT5G06495	0	0.0	0.0	0.0
ATCG01070	989	258.431366	1804.222046	2331.589844
AT4G21063	3	2.580247	18.013828	23.279209
AT5G07255	0	0.0	0.0	0.0
AT4G10000	30	0.841481	12.187150	15.749413
AT1G34850	0	0.0	0.0	0.0
AT5G08185	0	0.0	0.0	0.0
AT3G01230	0	0.0	0.0	0.0
AT2G40480	22	0.850528	5.937907	7.673536
AT1G21130	400	9.677707	148.498184	191.903687
AT4G07255	0	0.000000	0.000000	0.000000
AT5G10000	0	0.0	0.0	0.0
AT3G06035	56	4.118691	28.754377	37.159184
AT1G06373	0	0.0	0.0	0.0
AT3G13662	0	0.0	0.0	0.0
AT4G18270	40	1.169890	9.473648	12.242763
AT3G29370	0	0.0	0.0	0.0
AT3G01765	0	0.000000	0.000000	0.000000
AT4G32050	28	1.018005	7.107136	9.184528
AT1G60760	0	0.0	0.0	0.0
AT5G18270	0	0.000000	0.000000	0.000000
AT3G45700	0	0.0	0.0	0.0
AT2G21455	0	0.0	0.0	0.0
AT5G61020	175	5.681689	45.760284	59.135864
AT5G55835	0	0.0	0.0	0.0
AT1G04635	7	0.706207	4.930338	6.371460
AT1G21770	95	13.247964	92.489807	119.524261
AT3G18370	65	1.366288	9.538651	12.326767
AT4G29270	0	0.000000	0.000000	0.000000
AT2G02470	52	2.485507	20.695391	26.744583
AT5G62580	29	0.800000	5.937627	7.673175
AT1G59520	20	0.746001	5.484651	7.087795
AT2G04620	22	0.708758	4.948149	6.394475
AT3G30720	10	1.064047	7.461151	9.642020
AT2G47210	146	4.036484	33.035988	42.692291
AT3G57110	0	0.0	0.0	0.0
AT3G08835	6	1.536842	10.729363	13.865520
AT1G42970	2642	113.997307	795.864868	1028.493408
AT1G64040	69	2.509813	22.025766	28.463823
AT2G11200	0	0.0	0.0	0.0
AT1G10960	290	27.104216	189.226334	244.536560
AT1G34807	0	0.0	0.0	0.0
AT5G56110	0	0.0	0.0	0.0
AT4G34210	0	0.0	0.0	0.0
AT1G63820	0	0.000000	0.000000	0.000000
AT3G12110	40	1.619146	12.283892	15.874432
AT4G25230	36	0.919781	6.875471	8.885148
AT2G04100	12	0.457750	3.319659	4.289984
AT5G40315	0	0.0	0.0	0.0
AT1G15860	80	4.962529	35.391537	45.736362
AT1G07273	0	0.0	0.0	0.0
AT5G14880	35	0.586468	4.094388	5.291164
AT3G62499	0	0.000000	0.000000	0.000000
AT3G14770	33	1.352366	11.016922	14.237130
AT5G25230	0	0.000000	0.000000	0.000000
AT4G14880	530	24.985832	174.746445	225.824219
AT3G23080	76	3.555533	27.420454	35.435360
AT3G45410	0	0.0	0.0	0.0
AT3G45560	0	0.0	0.0	0.0
AT4G13494	130	34.136944	238.324890	307.986420
AT1G60500	0	0.0	0.0	0.0
AT3G01505	0	0.000000	0.000000	0.000000
AT2G07692	0	0.0	0.0	0.0
AT3G01050	29	1.172840	17.530478	22.654573
AT5G67640	37	1.114912	7.807689	10.089849
AT1G02060	1	0.001437	0.010032	0.012965
AT4G32765	0	0.0	0.0	0.0
AT2G26430	30	1.308036	9.609213	12.417953
AT5G07035	0	0.0	0.0	0.0
AT2G46310	22	1.086063	7.582279	9.798553
AT1G05540	3	0.144701	1.010221	1.305505
AT1G69470	0	0.0	0.0	0.0
AT4G32230	0	0.0	0.0	0.0
AT3G14130	18	0.728140	6.652212	8.596631
AT4G04860	41	2.246960	16.506649	21.331486
AT3G07495	0	0.0	0.0	0.0
AT3G15590	25	0.832000	5.913122	7.641508
AT5G03310	0	0.000000	0.000000	0.000000
AT5G19675	0	0.000000	0.000000	0.000000
AT5G48640	33	1.766368	12.817637	16.564188
AT3G06255	0	0.0	0.0	0.0
AT3G23172	0	0.0	0.0	0.0
AT1G55660	0	0.000000	0.000000	0.000000
AT1G05880	0	0.000000	0.000000	0.000000
AT5G04860	13	0.343307	2.457989	3.176451
AT5G54680	176	10.599438	73.999290	95.629036
AT1G23110	11	0.512460	4.159016	5.374682
AT3G32330	0	0.0	0.0	0.0
AT3G49100	24	1.723337	12.585211	16.263824
AT1G30845	8	0.524064	4.963829	6.414739
AT5G02900	0	0.0	0.0	0.0
AT5G14540	46	1.664250	11.618855	15.015006
AT3G03210	9	0.412204	2.877776	3.718940
AT2G08745	0	0.000000	0.000000	0.000000
AT1G11520	0	0.0	0.0	0.0
AT4G02900	11	0.269772	1.883396	2.433906
AT4G14540	27	2.170082	15.150289	19.578665
AT1G12080	15	1.394768	9.737483	12.583716
AT1G33590	136	5.546524	40.053726	51.761292
AT5G40405	3	0.102769	0.789328	1.020046
AT4G38210	0	0.000000	0.000000	0.000000
AT2G43060	13	0.851329	5.943499	7.680763
AT3G30320	0	0.0	0.0	0.0
AT2G08100	1	0.144330	1.007631	1.302158
AT4G39060	0	0.0	0.0	0.0
AT1G54130	89	2.597817	18.136492	23.437727
AT5G18880	0	0.0	0.0	0.0
AT2G32840	0	0.000000	0.000000	0.000000
AT5G38210	0	0.000000	0.000000	0.000000
AT1G71090	52	2.040139	14.243099	18.406309
AT1G21370	16	0.690822	5.046600	6.521705
AT1G55590	9	0.295845	2.092832	2.704560
AT5G45200	0	0.0	0.0	0.0
AT3G18770	19	0.591928	4.132507	5.340425
AT3G15660	127	8.505458	59.380306	76.736969
AT3G07615	4	0.348604	2.433756	3.145135
AT1G36230	0	0.0	0.0	0.0
AT4G18880	28	0.941202	6.570941	8.491605
AT5G01265	0	0.000000	0.000000	0.000000
AT1G80820	2	0.073743	0.720421	0.930998
AT3G01365	0	0.000000	0.000000	0.000000
AT1G60360	0	0.0	0.0	0.0
AT5G01170	8	0.274224	1.914477	2.474072
AT4G16080	0	0.0	0.0	0.0
AT3G19184	0	0.000000	0.000000	0.000000
AT3G45300	34	1.647672	11.503117	14.865438
AT1G12663	0	0.0	0.0	0.0
AT4G30220	140	16.907856	122.481529	158.282455
AT1G06900	83	1.845315	12.882948	16.648590
AT4G29880	5	0.259286	1.810188	2.339300
AT2G46400	11	0.595273	4.155860	5.370604
AT3G51520	33	1.961256	13.692383	17.694620
AT1G06773	0	0.000000	0.000000	0.000000
AT4G01170	0	0.0	0.0	0.0
AT3G52080	0	0.000000	0.000000	0.000000
AT3G29770	0	0.000000	0.000000	0.000000
AT5G16080	22	1.098052	7.665979	9.906719
AT2G25580	20	0.604003	4.292620	5.547338
AT3G53075	0	0.0	0.0	0.0
AT1G52110	0	0.0	0.0	0.0
AT4G03400	92	2.031553	14.183157	18.328844
AT3G05680	54	0.579944	4.283453	5.535491
AT3G55860	0	0.000000	0.000000	0.000000
AT3G18130	274	15.732759	109.837250	141.942291
AT2G45406	0	0.0	0.0	0.0
AT4G29540	6	0.195285	1.482033	1.915226
AT1G54770	55	3.246431	22.664751	29.289577
AT5G44640	0	0.0	0.0	0.0
AT5G03400	0	0.0	0.0	0.0
AT2G25840	92	3.794582	29.029026	37.514111
AT5G58680	1	0.051554	0.359921	0.465125
AT5G08860	0	0.000000	0.000000	0.000000
AT3G07755	0	0.0	0.0	0.0
AT1G06957	0	0.0	0.0	0.0
AT3G29130	43	0.788567	6.106760	7.891745
AT1G09230	45	1.009676	8.087176	10.451031
AT3G45690	0	0.0	0.0	0.0
AT1G06133	0	0.0	0.0	0.0
AT4G01730	18	0.793757	5.541564	7.161344
AT5G06060	79	3.911653	27.969936	36.145451
AT5G18540	21	1.363251	10.965964	14.171278
AT3G11385	0	0.0	0.0	0.0
AT2G32580	1	0.060533	0.460195	0.594709
AT2G04745	0	0.0	0.0	0.0
AT2G37195	0	0.000000	0.000000	0.000000
AT4G06060	0	0.000000	0.000000	0.000000
AT5G01730	6	0.097689	0.726677	0.939082
AT2G09225	0	0.000000	0.000000	0.000000
AT2G31020	0	0.000000	0.000000	0.000000
AT4G18540	0	0.000000	0.000000	0.000000
AT2G08345	32	4.303561	30.045036	38.827095
AT3G28520	0	0.0	0.0	0.0
AT1G49820	50	1.852691	13.285721	17.169092
AT4G06755	0	0.0	0.0	0.0
AT3G25170	0	0.0	0.0	0.0
AT1G36050	74	2.698662	21.220081	27.422638
AT1G05270	30	1.281352	9.412721	12.164027
AT4G39615	0	0.0	0.0	0.0
AT5G06755	0	0.000000	0.000000	0.000000
AT2G07702	0	0.0	0.0	0.0
AT3G61470	4055	230.389557	1608.449951	2078.594238
AT3G07060	18	0.501259	3.499508	4.522402
AT4G04185	0	0.0	0.0	0.0
AT5G03710	0	0.0	0.0	0.0
AT1G58370	15	0.347565	2.474109	3.197283
AT1G61562	0	0.000000	0.000000	0.000000
AT3G19520	23	1.054818	8.502377	10.987592
ATMG01140	0	0.0	0.0	0.0
AT2G20940	20	1.691630	11.810006	15.262031
AT3G20510	53	4.304841	30.053972	38.838642
AT3G20460	0	0.000000	0.000000	0.000000
AT1G66580	410	28.482189	198.846573	256.968750
AT1G17110	49	1.080618	7.667027	9.908072
AT5G46970	0	0.0	0.0	0.0
AT5G04185	0	0.000000	0.000000	0.000000
AT2G46650	166	12.379440	86.426262	111.688370
AT2G37640	82	2.544358	22.952042	29.660847
AT1G07543	0	0.000000	0.000000	0.000000
AT3G02815	0	0.0	0.0	0.0
AT3G25265	0	0.0	0.0	0.0
AT3G50960	13	0.887988	6.618799	8.553452
AT1G25112	0	0.000000	0.000000	0.000000
AT1G09007	0	0.000000	0.000000	0.000000
AT2G46710	73	1.581833	15.202907	19.646666
AT3G28853	0	0.0	0.0	0.0
AT4G14270	75	5.152910	42.555901	54.994843
AT1G66840	34	1.083572	7.564888	9.776079
AT3G17080	0	0.0	0.0	0.0
AT1G62225	0	0.0	0.0	0.0
AT3G25730	6	0.293645	2.050064	2.649290
AT1G07883	0	0.000000	0.000000	0.000000
AT5G14270	91	2.386142	16.675159	21.549252
AT5G03650	130	3.480215	24.296898	31.398798
AT3G14370	6	0.244258	1.705271	2.203717
AT5G06615	0	0.0	0.0	0.0
AT4G14165	0	0.0	0.0	0.0
AT2G08620	0	0.0	0.0	0.0
AT1G31255	0	0.0	0.0	0.0
AT1G09050	9	0.222509	1.555359	2.009985
AT3G04835	0	0.000000	0.000000	0.000000
AT1G53945	0	0.0	0.0	0.0
AT1G68040	0	0.000000	0.000000	0.000000
AT4G21680	0	0.000000	0.000000	0.000000
AT5G26865	57	7.355519	51.352081	66.362122
AT3G09920	32	0.636014	4.463155	5.767720
AT3G57260	22	1.138118	7.945698	10.268198
AT2G47160	22	0.576204	4.124116	5.329580
AT5G51610	0	0.0	0.0	0.0
AT4G18215	0	0.000000	0.000000	0.000000
AT3G24250	0	0.0	0.0	0.0
AT1G04150	0	0.0	0.0	0.0
AT2G16220	0	0.0	0.0	0.0
AT5G42120	0	0.0	0.0	0.0
AT2G30080	0	0.000000	0.000000	0.000000
AT5G66000	0	0.000000	0.000000	0.000000
AT2G27240	0	0.0	0.0	0.0
AT1G55070	0	0.0	0.0	0.0
AT1G56423	19	1.076640	7.516493	9.713538
AT5G63510	89	5.998313	41.876835	54.117294
AT5G63460	49	3.048077	26.933462	34.806023
AT3G50840	11	0.342930	2.516675	3.252290
AT3G22942	10	0.525607	3.669491	4.742071
AT4G24350	118	5.359537	45.901894	59.318859
AT4G16442	40	2.277577	17.728580	22.910585
AT1G06780	11	0.328184	2.466869	3.187927
AT5G07525	0	0.000000	0.000000	0.000000
AT5G15420	0	0.0	0.0	0.0
AT2G20860	134	4.938625	46.990772	60.726017
AT1G70850	0	0.0	0.0	0.0
AT2G05045	0	0.0	0.0	0.0
AT5G24350	29	0.260339	6.996327	9.041329
AT5G57360	86	2.508097	24.611399	31.805223
AT4G15420	12	0.413166	2.884492	3.727619
AT2G47275	0	0.0	0.0	0.0
AT3G50580	0	0.0	0.0	0.0
AT4G11810	0	0.0	0.0	0.0
AT4G15150	0	0.0	0.0	0.0
AT5G09085	0	0.0	0.0	0.0
AT1G65340	0	0.0	0.0	0.0
AT1G64290	0	0.0	0.0	0.0
AT1G66960	0	0.000000	0.000000	0.000000
AT5G11810	39	2.386046	16.658026	21.527111
AT4G09085	0	0.0	0.0	0.0
AT5G15150	6	0.254640	1.959626	2.532418
AT4G31280	0	0.000000	0.000000	0.000000
AT5G47800	25	0.732701	5.838121	7.544584
AT2G44920	170	11.133607	85.585609	110.601990
AT5G01440	0	0.0	0.0	0.0
AT1G02670	0	0.000000	0.000000	0.000000
AT5G20100	0	0.0	0.0	0.0
AT4G00231	0	0.000000	0.000000	0.000000
AT1G11030	0	0.0	0.0	0.0
AT2G04435	0	0.000000	0.000000	0.000000
AT2G13570	0	0.0	0.0	0.0
AT2G17190	79	2.781899	19.421650	25.098530
AT3G10640	66	1.574479	11.940643	15.430852
AT4G01440	0	0.000000	0.000000	0.000000
AT5G42450	2	0.078200	0.550375	0.711247
AT4G20100	0	0.0	0.0	0.0
AT4G38545	17	0.594809	5.107632	6.600576
AT2G11025	0	0.0	0.0	0.0
AT1G04420	144	7.416451	51.945694	67.129242
AT1G16760	0	0.0	0.0	0.0
AT5G51750	65	1.772664	12.375739	15.993126
AT5G37920	0	0.0	0.0	0.0
AT1G43140	0	0.0	0.0	0.0
AT1G16500	11	0.626263	4.372215	5.650198
AT2G32960	11	0.592620	4.137339	5.346668
AT4G02380	89	7.260165	52.584538	67.954819
AT4G19610	45	1.208094	8.680145	11.217321
AT5G13830	0	0.000000	0.000000	0.000000
AT4G20620	0	0.0	0.0	0.0
AT3G30842	0	0.0	0.0	0.0
AT4G37920	81	3.793857	26.486568	34.228500
AT1G05283	1	0.006585	0.045973	0.059410
AT1G23260	48	2.473307	26.079132	33.701973
AT3G03160	65	5.207700	36.357224	46.984314
AT5G02380	0	0.000000	0.000000	0.000000
AT5G03375	0	0.000000	0.000000	0.000000
AT3G24030	0	0.000000	0.000000	0.000000
AT5G20620	47	2.374682	17.282293	22.333847
AT3G48000	240	8.867654	61.908955	80.004730
AT5G19610	0	0.0	0.0	0.0
AT4G13830	116	4.792058	38.394115	49.616589
AT4G28610	74	3.334116	23.276917	30.080679
AT3G03275	0	0.000000	0.000000	0.000000
AT3G02280	15	0.399932	3.407779	4.403861
AT1G27595	2	0.031924	0.670797	0.866869
AT1G22180	21	0.901156	6.444982	8.328829
AT3G46800	0	0.0	0.0	0.0
AT4G16141	92	6.109817	45.737431	59.106327
AT5G28610	0	0.0	0.0	0.0
AT3G10195	0	0.0	0.0	0.0
AT1G13010	0	0.0	0.0	0.0
AT5G42390	254	4.201903	30.515800	39.435463
AT1G26630	2212	178.808731	1276.747070	1649.935913
AT1G07870	8	0.201672	2.225912	2.876539
AT1G75950	468	33.343445	232.785126	300.827393
AT2G17320	28	1.312872	10.332888	13.353156
AT3G25440	10	0.255401	3.046070	3.936426
AT5G40370	249	15.911717	139.349335	180.080658
AT5G08940	0	0.0	0.0	0.0
AT3G56360	25	1.399718	9.772041	12.628375
AT5G28750	267	32.194126	224.761215	290.458160
AT3G13180	68	2.564042	17.986013	23.243265
AT5G12360	10	0.619874	6.168936	7.972095
AT5G59810	0	0.0	0.0	0.0
AT3G24508	0	0.0	0.0	0.0
AT3G55940	0	0.0	0.0	0.0
AT3G48057	0	0.0	0.0	0.0
AT3G22010	0	0.0	0.0	0.0
AT4G08940	19	1.034098	7.219489	9.329720
AT4G12360	0	0.0	0.0	0.0
AT4G28750	2411	241.673721	1687.229492	2180.401123
AT3G06525	0	0.0	0.0	0.0
AT2G26340	149	6.003057	72.602242	93.823624
AT3G61140	0	0.000000	0.000000	0.000000
AT5G19750	159	3.411826	23.851433	30.823126
AT1G35180	15	1.156436	8.073584	10.433464
AT4G24490	42	1.288288	9.414487	12.166309
AT5G54990	0	0.0	0.0	0.0
AT3G27865	0	0.0	0.0	0.0
AT1G59030	0	0.0	0.0	0.0
AT2G46375	0	0.0	0.0	0.0
AT1G11250	0	0.000000	0.000000	0.000000
AT3G12260	211	19.727873	137.728867	177.986542
AT5G56260	94	3.446239	25.408070	32.834763
AT4G19750	0	0.0	0.0	0.0
AT4G34160	0	0.000000	0.000000	0.000000
AT5G42600	0	0.0	0.0	0.0
AT5G61530	32	1.143776	8.580345	11.088350
AT5G24490	61	3.701630	25.842693	33.396423
AT3G49920	0	0.000000	0.000000	0.000000
AT1G06790	22	1.147137	8.284444	10.705958
AT5G02120	236	35.892635	250.582108	323.826416
AT3G09435	0	0.0	0.0	0.0
AT4G16570	0	0.000000	0.000000	0.000000
AT1G57240	0	0.0	0.0	0.0
AT2G25070	51	1.818588	21.188992	27.382463
AT4G02120	57	1.877019	14.658103	18.942617
AT5G16570	15	0.686647	5.035863	6.507829
AT3G52570	17	1.044444	7.320776	9.460613
AT2G30090	0	0.0	0.0	0.0
AT5G38895	16	0.826684	6.162388	7.963633
AT1G22320	0	0.0	0.0	0.0
AT2G07275	1	0.065813	0.459469	0.593771
AT5G35069	0	0.0	0.0	0.0
AT1G70020	6	0.495475	3.459127	4.470218
AT1G08743	0	0.0	0.0	0.0
ATMG00340	1	0.193333	1.349742	1.744267
AT4G37608	0	0.000000	0.000000	0.000000
AT2G18250	28	1.908854	16.489983	21.309950
AT2G17180	0	0.0	0.0	0.0
AT3G45673	0	0.0	0.0	0.0
AT2G32070	57	3.412603	23.824867	30.788795
AT1G56105	0	0.000000	0.000000	0.000000
AT5G07800	5	0.204218	1.453151	1.877902
AT3G13320	46	1.466987	11.225416	14.506566
AT1G76810	395	6.772112	47.279064	61.098572
AT5G41440	0	0.0	0.0	0.0
AT2G29250	0	0.0	0.0	0.0
AT3G50590	123	1.798310	12.765827	16.497234
AT3G16740	12	0.565398	3.947289	5.101069
AT2G04920	0	0.0	0.0	0.0
AT5G13220	4	0.092674	1.088783	1.407030
AT1G79260	15	1.272234	8.882020	11.478204
AT5G52740	0	0.0	0.0	0.0
AT1G64280	85	1.454074	10.298420	13.308614
AT2G28405	0	0.0	0.0	0.0
AT5G65260	56	2.597561	18.155788	23.462664
AT1G78010	46	1.724775	12.754344	16.482393
AT5G09095	0	0.000000	0.000000	0.000000
AT1G10660	37	1.400191	11.097049	14.340677
AT4G02450	330	23.453625	163.739975	211.600601
AT1G35320	10	0.289236	2.512989	3.247527
AT4G13220	142	14.277987	99.680847	128.817215
ATCG00250	1	0.698630	4.877440	6.303100
AT3G27720	0	0.0	0.0	0.0
AT2G33847	0	0.000000	0.000000	0.000000
AT3G61571	0	0.0	0.0	0.0
AT5G02450	533	52.903107	369.339661	477.296356
AT1G06317	0	0.0	0.0	0.0
AT4G31290	94	5.391053	37.637291	48.638542
AT3G02290	11	0.313159	2.743320	3.545183
AT1G03140	70	2.415247	16.979090	21.942019
AT4G17740	58	2.497979	17.439480	22.536980
AT2G39375	0	0.000000	0.000000	0.000000
AT1G66070	89	4.985955	35.686245	46.117210
AT5G55000	12	0.478013	4.266432	5.513496
AT5G26720	5	0.405556	2.831363	3.658961
AT1G22190	12	0.540773	3.775372	4.878900
AT3G23240	0	0.0	0.0	0.0
AT1G32460	5	0.522135	3.645252	4.710747
AT5G17740	0	0.0	0.0	0.0
AT1G32510	0	0.0	0.0	0.0
AT3G10185	0	0.000000	0.000000	0.000000
AT4G37435	0	0.0	0.0	0.0
AT3G08000	6	0.434134	4.219378	5.452687
AT4G26720	25	1.221398	8.527112	11.019557
AT3G43160	0	0.0	0.0	0.0
AT5G42380	1	0.053130	0.370924	0.479343
AT4G23340	1	0.053130	0.380048	0.491135
AT4G02390	0	0.000000	0.000000	0.000000
AT1G20730	0	0.0	0.0	0.0
AT3G62420	109	6.848221	47.810413	61.785236
AT5G23340	20	0.843630	5.889749	7.611302
AT1G05293	0	0.000000	0.000000	0.000000
AT1G04343	0	0.000000	0.000000	0.000000
AT2G20725	129	4.416954	35.976120	46.491817
AT5G02390	0	0.0	0.0	0.0
AT1G68870	0	0.000000	0.000000	0.000000
AT5G48940	0	0.0	0.0	0.0
AT1G35190	12	0.657261	4.588625	5.929865
AT1G61160	0	0.000000	0.000000	0.000000
AT1G47870	11	0.448012	3.646278	4.712073
AT3G62150	22	0.379148	2.721084	3.516448
AT1G55960	43	1.476337	12.282224	15.872275
AT5G54980	30	1.913328	14.521385	18.765936
AT4G24480	6	0.120436	0.851721	1.100676
AT4G00370	160	6.000847	41.894527	54.140156
AT1G56340	386	16.663155	116.332741	150.336411
AT4G19975	4	0.215022	1.559736	2.015642
AT2G18030	31	0.355076	13.370943	17.279224
AT1G25460	0	0.0	0.0	0.0
AT1G25510	15	0.557940	3.895222	5.033782
AT5G24480	0	0.0	0.0	0.0
ATCG00030	130	146.098587	1019.977905	1318.114014
AT3G17570	0	0.0	0.0	0.0
AT3G05475	0	0.0	0.0	0.0
AT1G29025	0	0.000000	0.000000	0.000000
AT1G12240	204	7.232103	50.490463	65.248650
AT3G13190	18	0.856792	5.981638	7.730051
AT1G53720	25	0.938946	6.855463	8.859291
AT4G02600	59	2.100893	14.667250	18.954435
AT2G06375	0	0.0	0.0	0.0
AT1G20170	0	0.000000	0.000000	0.000000
AT1G16825	0	0.000000	0.000000	0.000000
AT2G29030	0	0.0	0.0	0.0
AT5G02600	31	1.071996	8.752040	11.310231
AT1G61275	1	0.083658	0.584053	0.754770
AT3G03702	4	0.094242	0.657944	0.850259
AT2G48100	0	0.000000	0.000000	0.000000
AT1G15640	0	0.000000	0.000000	0.000000
AT4G05200	0	0.000000	0.000000	0.000000
AT2G24130	0	0.0	0.0	0.0
AT5G60240	0	0.000000	0.000000	0.000000
AT2G35110	39	0.641058	4.558759	5.891268
AT2G03060	11	0.375374	2.762372	3.569805
AT3G58200	0	0.000000	0.000000	0.000000
AT2G31850	0	0.0	0.0	0.0
AT4G16090	0	0.0	0.0	0.0
AT3G59455	0	0.0	0.0	0.0
AT1G59724	0	0.0	0.0	0.0
AT5G05200	122	4.630449	33.002300	42.648762
AT5G65445	0	0.0	0.0	0.0
AT4G29890	15	0.704421	5.222295	6.748755
AT3G09745	0	0.000000	0.000000	0.000000
AT2G25590	27	0.861887	6.029419	7.791798
AT5G41265	0	0.0	0.0	0.0
AT3G52090	70	6.200446	49.456280	63.912182
AT3G04225	0	0.0	0.0	0.0
AT5G16090	0	0.0	0.0	0.0
AT5G41170	2	0.069557	0.485608	0.627549
AT5G04325	0	0.0	0.0	0.0
AT5G35930	15	0.241422	1.826581	2.360484
AT4G27550	0	0.0	0.0	0.0
AT1G08927	0	0.0	0.0	0.0
AT5G24910	0	0.0	0.0	0.0
AT2G30570	5321	444.321503	3102.001953	4008.706543
AT5G18890	0	0.0	0.0	0.0
AT3G05300	0	0.0	0.0	0.0
AT1G55580	0	0.0	0.0	0.0
AT4G35930	23	0.922222	7.090158	9.162586
AT1G71080	15	0.805651	5.624601	7.268652
AT5G54410	0	0.000000	0.000000	0.000000
AT4G04325	0	0.000000	0.000000	0.000000
AT5G54560	0	0.0	0.0	0.0
AT4G24910	3	0.147973	1.033064	1.335025
AT5G27550	13	0.377811	2.783345	3.596907
AT4G18890	17	0.641565	4.479045	5.788254
AT1G44318	0	0.0	0.0	0.0
AT5G58300	0	0.000000	0.000000	0.000000
AT1G76062	1	0.092927	0.648764	0.838395
AT1G72520	3	0.066768	0.504241	0.651629
AT3G60340	53	3.034420	21.184608	27.376797
AT4G04640	2029	106.197647	741.412048	958.124268
AT3G07970	0	0.000000	0.000000	0.000000
AT2G39400	38	1.990710	15.024610	19.416250
AT1G14200	7	0.455514	3.180142	4.109686
AT2G38255	0	0.000000	0.000000	0.000000
AT2G22110	0	0.0	0.0	0.0
AT1G01620	298	15.261539	107.304085	138.668701
AT3G45680	0	0.000000	0.000000	0.000000
AT1G55840	95	3.303947	26.308731	33.998684
AT5G04640	0	0.0	0.0	0.0
AT2G32590	75	1.929752	13.639198	17.625889
AT3G11395	0	0.0	0.0	0.0
AT5G48860	0	0.0	0.0	0.0
AT1G08433	0	0.000000	0.000000	0.000000
AT3G60966	1	0.022643	0.158081	0.204287
AT5G43400	8	0.244370	1.706053	2.204727
AT3G50070	26	1.423905	9.940902	12.846593
AT1G49230	39	3.132114	21.866652	28.258200
AT3G05690	14	0.535487	4.164496	5.381764
AT1G80050	28	0.900820	9.970887	12.885343
AT5G46060	0	0.0	0.0	0.0
AT5G22930	0	0.000000	0.000000	0.000000
AT4G15096	0	0.0	0.0	0.0
AT2G05875	3	0.489933	3.420436	4.420218
AT2G44745	4	0.284878	1.988857	2.570194
AT3G16430	0	0.000000	0.000000	0.000000
AT5G52430	24	0.941516	6.573133	8.494438
AT5G58690	0	0.000000	0.000000	0.000000
AT4G22930	76	2.727975	22.177410	28.659792
AT5G41730	0	0.0	0.0	0.0
AT4G09575	0	0.0	0.0	0.0
AT1G09820	12	0.394631	2.755091	3.560395
AT4G04195	0	0.0	0.0	0.0
AT5G62660	0	0.0	0.0	0.0
AT1G07040	27	1.201240	8.386379	10.837690
AT1G66590	19	1.331670	9.841743	12.718451
AT5G05535	0	0.0	0.0	0.0
AT5G17430	0	0.0	0.0	0.0
AT3G30180	57	2.371668	16.557650	21.397392
AT2G09835	0	0.0	0.0	0.0
AT4G34412	0	0.000000	0.000000	0.000000
AT5G04195	0	0.0	0.0	0.0
AT3G47060	7	0.140898	1.085913	1.403322
AT1G67635	0	0.0	0.0	0.0
AT4G21300	0	0.000000	0.000000	0.000000
AT4G17430	12	0.464844	3.245279	4.193862
AT4G05535	0	0.0	0.0	0.0
AT2G40750	143	7.969972	55.641850	71.905769
AT5G43710	39	1.265045	9.548141	12.339028
AT4G24026	2	0.286550	2.000530	2.585279
AT4G06970	0	0.0	0.0	0.0
AT1G50940	13	0.731129	5.104330	6.596308
AT3G05145	0	0.000000	0.000000	0.000000
AT2G28370	54	3.581318	25.002741	32.310959
AT3G21200	171	11.484388	80.177521	103.613129
AT1G20440	93	2.330405	22.195337	28.682961
AT2G18969	6	0.746087	5.208759	6.731261
AT1G45165	0	0.000000	0.000000	0.000000
AT5G06970	48	0.892815	6.414781	8.289799
AT3G06019	0	0.000000	0.000000	0.000000
AT2G39710	16	0.752721	5.255074	6.791113
AT1G01100	663	61.945095	458.156738	592.074341
AT1G03470	7	0.375364	2.932657	3.789862
AT5G39970	0	0.000000	0.000000	0.000000
AT3G26550	4	0.128465	0.896870	1.159022
AT4G08725	0	0.0	0.0	0.0
AT2G39650	9	0.375637	2.756815	3.562623
AT4G30830	0	0.000000	0.000000	0.000000
AT5G54700	0	0.0	0.0	0.0
AT1G09553	0	0.000000	0.000000	0.000000
AT2G14520	11	0.383182	2.871339	3.710621
AT5G08725	0	0.0	0.0	0.0
AT4G39970	301	20.609489	143.883820	185.940582
AT2G40610	104	6.235472	43.532551	56.256962
AT2G43970	450	16.923765	118.152176	152.687668
AT1G75310	28	0.430744	3.064389	3.960100
AT5G43650	0	0.0	0.0	0.0
AT4G21690	0	0.0	0.0	0.0
AT3G53965	0	0.000000	0.000000	0.000000
AT5G01881	5	0.833800	5.821121	7.522615
AT1G48635	21	0.733188	6.791325	8.776405
AT2G36835	103	9.512007	66.407463	85.818138
AT3G17090	76	2.827201	19.932886	25.759199
AT1G30010	12	0.328283	2.291887	2.961797
AT2G23945	2	0.062459	0.436053	0.563510
AT1G49050	28	0.998633	7.283823	9.412859
AT1G80230	63	4.210394	35.369442	45.707806
AT1G07893	1	0.002810	0.019618	0.025352
AT1G05817	0	0.0	0.0	0.0
AT4G08195	0	0.000000	0.000000	0.000000
AT2G27080	4	0.238054	1.745261	2.255395
AT4G06639	0	0.0	0.0	0.0
AT5G41330	2	0.047769	0.581784	0.751837
AT1G79110	0	0.000000	0.000000	0.000000
AT5G51910	6	0.354318	2.651256	3.426209
AT2G15730	17	0.693438	5.234094	6.764002
AT2G40490	394	20.232798	141.253983	182.542038
AT3G43682	0	0.0	0.0	0.0
AT5G61850	0	0.0	0.0	0.0
AT3G09620	0	0.0	0.0	0.0
AT4G21560	29	1.253311	8.862402	11.452852
AT4G21410	8	0.106003	1.318668	1.704110
AT5G08195	0	0.0	0.0	0.0
AT1G73066	0	0.000000	0.000000	0.000000
AT4G26582	0	0.000000	0.000000	0.000000
AT5G65110	38	1.120432	8.128325	10.504207
AT2G30240	0	0.0	0.0	0.0
ATMG00430	1	0.093718	0.654286	0.845532
AT4G32820	19	0.229496	1.656290	2.140418
AT1G53708	0	0.000000	0.000000	0.000000
AT1G28395	88	5.870209	55.011639	71.091354
AT2G24370	0	0.0	0.0	0.0
AT1G57090	0	0.0	0.0	0.0
AT1G42615	0	0.0	0.0	0.0
AT5G60570	43	1.502010	10.486186	13.551263
AT2G37860	80	3.163184	24.170778	31.235813
AT4G36245	0	0.0	0.0	0.0
AT5G54145	45	3.604208	25.162546	32.517471
AT1G34020	18	0.539204	5.447782	7.040150
AT1G66660	17	1.005299	7.018430	9.069894
AT4G16465	0	0.0	0.0	0.0
AT4G16515	22	2.385608	18.124525	23.422264
AT5G58700	11	0.141675	2.579264	3.333174
AT4G31040	133	5.145490	35.922909	46.423050
AT3G60740	28	0.534748	3.733309	4.824542
AT2G15170	1	0.097074	0.677716	0.875810
AT2G18520	24	1.197343	8.359173	10.802531
AT5G04725	0	0.0	0.0	0.0
AT1G75400	14	0.533204	3.722530	4.810612
AT5G09245	0	0.000000	0.000000	0.000000
AT3G05700	39	1.616044	11.906698	15.386987
AT2G29520	0	0.0	0.0	0.0
AT3G10940	41	2.588093	19.787910	25.571848
AT5G13550	47	1.557179	10.871346	14.049002
AT3G09345	0	0.0	0.0	0.0
AT5G19473	0	0.0	0.0	0.0
AT1G63230	7	0.296468	2.069772	2.674760
AT4G25820	0	0.0	0.0	0.0
AT2G42470	0	0.0	0.0	0.0
AT4G37100	4	0.097815	0.682889	0.882495
AT1G29535	4	0.212319	1.482291	1.915560
AT1G02970	8	0.308382	2.152949	2.782249
AT3G48835	0	0.0	0.0	0.0
AT4G13550	25	0.608615	4.833493	6.246305
AT2G44620	572	60.319260	421.115051	544.205505
ATCG00520	99	14.140540	98.721268	127.577164
AT5G45469	1	0.154769	1.080510	1.396339
AT5G25820	0	0.000000	0.000000	0.000000
AT2G44100	134	5.582285	40.924198	52.886204
AT3G15604	0	0.000000	0.000000	0.000000
AT2G28130	15	0.510638	3.981652	5.145476
AT1G05043	0	0.000000	0.000000	0.000000
AT3G54200	22	1.671612	11.670252	15.081427
AT5G20920	212	11.807666	91.346291	118.046501
AT5G19910	20	1.138643	9.104169	11.765286
AT1G69526	60	1.253151	11.179276	14.446939
AT4G20362	0	0.000000	0.000000	0.000000
AT5G37620	0	0.0	0.0	0.0
AT3G15840	453	27.949732	213.842529	276.347961
AT4G19910	0	0.0	0.0	0.0
AT4G20920	0	0.0	0.0	0.0
AT4G00315	0	0.0	0.0	0.0
AT2G34238	0	0.0	0.0	0.0
AT5G50420	28	1.007356	7.032792	9.088452
AT2G32660	0	0.0	0.0	0.0
AT3G08225	0	0.000000	0.000000	0.000000
AT5G42957	0	0.0	0.0	0.0
AT3G05560	840	63.190968	558.282166	721.466064
AT3G17465	72	3.992329	27.872189	36.019135
AT3G05410	28	0.326448	14.646130	18.927145
AT1G10070	12	0.505984	3.755942	4.853792
AT1G04927	0	0.000000	0.000000	0.000000
AT5G28910	0	0.000000	0.000000	0.000000
AT1G26930	0	0.000000	0.000000	0.000000
AT5G14890	0	0.000000	0.000000	0.000000
AT2G19130	14	0.386156	2.695923	3.483932
AT1G75710	20	0.596281	6.192757	8.002878
AT4G08325	1	0.424242	2.961818	3.827548
AT5G58410	46	0.556383	4.057631	5.243663
AT1G61210	45	0.768966	5.626032	7.270502
AT5G58560	44	1.426337	16.261866	21.015152
AT3G02040	0	0.000000	0.000000	0.000000
AT4G28910	78	3.069170	21.848200	28.234354
AT4G14890	0	0.000000	0.000000	0.000000
AT2G21385	0	0.000000	0.000000	0.000000
AT5G54300	0	0.000000	0.000000	0.000000
AT1G33840	0	0.000000	0.000000	0.000000
AT3G23090	12	0.561783	4.116059	5.319169
AT1G56430	43	2.346500	16.381937	21.170324
AT4G08640	0	0.0	0.0	0.0
AT1G07167	0	0.000000	0.000000	0.000000
AT1G18200	0	0.000000	0.000000	0.000000
AT3G55640	23	0.736609	5.830616	7.534885
AT2G39310	15	0.561361	4.051173	5.235318
AT5G53930	0	0.000000	0.000000	0.000000
AT4G23430	31	1.095152	7.940769	10.261828
AT2G40350	0	0.0	0.0	0.0
AT2G25660	44	0.417949	3.048758	3.939900
AT5G08640	22	1.039555	7.873761	10.175235
AT5G60963	0	0.0	0.0	0.0
AT5G43310	48	0.831829	6.496303	8.395150
AT1G75650	0	0.0	0.0	0.0
AT1G12090	4077	273.128143	1906.826538	2464.185303
AT5G44860	34	1.684243	13.462072	17.396990
AT1G04433	0	0.000000	0.000000	0.000000
AT1G32575	0	0.000000	0.000000	0.000000
AT5G23430	0	0.000000	0.000000	0.000000
AT1G70530	12	0.330199	2.433233	3.144459
AT3G01820	41	2.100588	16.199347	20.934361
AT2G28770	0	0.0	0.0	0.0
AT3G09100	62	1.474617	10.341545	13.364343
AT5G50150	25	1.060130	7.401229	9.564584
AT5G39693	0	0.0	0.0	0.0
AT3G43210	14	0.292410	2.183940	2.822298
AT5G42900	8	0.412844	2.946711	3.808024
AT4G21700	19	0.498460	3.479966	4.497149
AT1G29200	0	0.000000	0.000000	0.000000
AT1G63050	39	1.747015	12.196673	15.761719
AT2G19770	0	0.0	0.0	0.0
AT3G07485	0	0.0	0.0	0.0
AT3G15580	52	4.132056	28.847685	37.279766
AT1G05890	45	1.069242	9.282783	11.996108
AT5G54690	1	0.016981	0.126420	0.163372
AT2G23180	13	0.568421	3.968395	5.128343
AT1G35720	416	23.895683	166.826172	215.588898
AT4G11547	8	0.677071	8.135391	10.513337
AT4G05025	0	0.0	0.0	0.0
AT3G27320	18	0.682399	4.764124	6.156662
AT3G07915	0	0.0	0.0	0.0
AT1G06717	0	0.000000	0.000000	0.000000
AT2G07545	1	0.173397	1.210560	1.564403
AT2G15440	2	0.112385	0.784609	1.013947
AT3G15960	0	0.0	0.0	0.0
AT3G16340	10	0.144747	1.026145	1.326084
AT5G52340	0	0.000000	0.000000	0.000000
AT3G04000	0	0.000000	0.000000	0.000000
AT3G04555	0	0.0	0.0	0.0
AT1G33960	29	1.285229	8.972743	11.595446
AT3G01326	0	0.0	0.0	0.0
AT5G09510	509	29.725475	345.871704	446.968811
AT5G09460	107	3.349175	23.382050	30.216543
AT4G12825	0	0.0	0.0	0.0
AT4G27220	0	0.0	0.0	0.0
AT1G53190	26	0.864057	6.799283	8.786691
AT3G52240	19	0.592233	4.134637	5.343177
AT3G13720	25	1.081229	7.548530	9.754940
AT5G16240	29	1.213639	9.098236	11.757618
AT1G57570	0	0.0	0.0	0.0
AT2G42140	0	0.0	0.0	0.0
AT4G09510	55	1.922841	13.886885	17.945974
AT4G09460	12	0.906910	6.331534	8.182220
AT5G60090	0	0.0	0.0	0.0
AT2G01150	16	1.156048	9.368444	12.106809
AT5G27220	0	0.0	0.0	0.0
AT1G08343	0	0.0	0.0	0.0
AT3G56825	18	1.610964	11.246841	14.534255
AT1G72250	12	0.220422	1.538862	1.988666
AT4G16240	0	0.000000	0.000000	0.000000
AT2G05810	16	0.492253	3.651752	4.719146
AT2G22260	7	0.252088	1.962454	2.536072
ATMG00740	0	0.0	0.0	0.0
AT1G64870	0	0.0	0.0	0.0
AT5G44940	0	0.0	0.0	0.0
AT4G36510	0	0.0	0.0	0.0
AT4G36460	0	0.0	0.0	0.0
AT2G01420	120	2.806185	23.248634	30.044130
AT5G26190	5	0.222783	1.555345	2.009967
AT1G22720	0	0.0	0.0	0.0
AT5G58980	12	0.229376	1.601374	2.069450
AT5G63085	0	0.0	0.0	0.0
AT5G62070	36	1.725836	12.048813	15.570640
AT2G47895	0	0.000000	0.000000	0.000000
AT4G28480	49	2.536298	17.707001	22.882698
AT3G47670	16	1.128457	7.878250	10.181036
AT2G02493	0	0.000000	0.000000	0.000000
AT5G36460	0	0.0	0.0	0.0
AT4G26190	152	2.767330	20.270634	26.195671
AT1G41920	0	0.0	0.0	0.0
AT3G05980	5	0.272795	1.904501	2.461180
AT4G19480	0	0.0	0.0	0.0
AT2G07885	0	0.0	0.0	0.0
AT2G35260	646	26.320938	192.074982	248.217850
AT5G19480	22	0.886462	8.196995	10.592948
AT4G33000	68	3.537392	30.570004	39.505512
AT1G06657	0	0.0	0.0	0.0
AT4G24975	0	0.0	0.0	0.0
AT1G06390	67	2.991271	21.382679	27.632763
AT3G45990	0	0.0	0.0	0.0
AT1G67420	0	0.000000	0.000000	0.000000
AT1G31800	228	8.804805	61.470177	79.437706
AT2G44798	0	0.000000	0.000000	0.000000
AT1G48150	0	0.0	0.0	0.0
AT1G47280	0	0.000000	0.000000	0.000000
AT1G53320	77	4.042189	28.220284	36.468975
AT4G00770	0	0.000000	0.000000	0.000000
AT1G56740	0	0.0	0.0	0.0
AT2G37940	133	5.157614	36.557152	47.242680
AT1G72030	128	10.898199	76.085083	98.324486
AT5G46670	0	0.0	0.0	0.0
AT1G10590	132	8.050420	78.266350	101.143333
AT2G46950	4	0.118796	0.857628	1.108309
AT3G50660	42	1.166315	10.864719	14.040441
AT4G32342	0	0.0	0.0	0.0
AT5G00770	0	0.000000	0.000000	0.000000
AT1G07290	6	0.222618	1.604886	2.073988
AT3G23570	64	3.097486	27.298929	35.278313
AT1G06450	7	0.378280	2.640938	3.412874
AT3G27190	11	0.399908	3.174047	4.101810
AT5G23740	470	40.996723	286.216003	369.875946
AT3G26220	0	0.000000	0.000000	0.000000
AT3G10113	12	0.667370	5.196380	6.715264
AT1G45215	0	0.0	0.0	0.0
AT1G04743	0	0.000000	0.000000	0.000000
AT2G03670	0	0.000000	0.000000	0.000000
AT1G06120	0	0.0	0.0	0.0
AT5G02790	368	22.072073	166.063278	214.603012
AT1G09223	0	0.000000	0.000000	0.000000
AT3G03895	0	0.000000	0.000000	0.000000
AT4G23740	49	1.358517	10.065289	13.007339
AT3G44763	0	0.0	0.0	0.0
AT1G12570	0	0.000000	0.000000	0.000000
AT4G03950	0	0.0	0.0	0.0
AT4G02790	111	5.923848	41.356964	53.445461
AT2G06135	0	0.0	0.0	0.0
AT3G22845	124	8.422355	60.985619	78.811508
AT1G20330	213	9.958358	69.523636	89.845154
AT3G17240	112	3.406864	27.788124	35.910500
AT5G17340	0	0.0	0.0	0.0
AT2G28315	4	0.191157	1.412624	1.825529
AT2G08920	0	0.0	0.0	0.0
AT1G68280	0	0.0	0.0	0.0
AT5G51480	0	0.0	0.0	0.0
AT4G06915	0	0.0	0.0	0.0
AT1G74010	0	0.000000	0.000000	0.000000
AT4G26320	0	0.0	0.0	0.0
AT1G53645	71	2.611394	18.231279	23.560221
AT4G21980	55	4.617484	34.075668	44.035870
AT5G42780	1	0.070192	0.490041	0.633278
AT4G17340	53	3.077605	21.486103	27.766415
AT3G15351	7	0.288050	2.297179	2.968636
AT1G06407	0	0.0	0.0	0.0
AT3G42870	0	0.0	0.0	0.0
AT1G67150	0	0.0	0.0	0.0
AT5G06915	0	0.0	0.0	0.0
AT1G48420	60	2.223573	16.438704	21.243683
AT3G10860	165	15.673808	129.279297	167.067184
AT4G00130	0	0.0	0.0	0.0
AT5G26320	0	0.0	0.0	0.0
AT5G55500	11	0.378670	2.690122	3.476435
AT3G09630	547	26.536777	187.102631	241.792084
AT1G66570	0	0.0	0.0	0.0
AT5G55055	0	0.0	0.0	0.0
AT1G21928	0	0.0	0.0	0.0
AT1G58380	111	7.122782	49.727245	64.262352
AT2G19390	12	0.202307	1.412393	1.825231
AT5G02715	0	0.0	0.0	0.0
AT1G35440	0	0.0	0.0	0.0
AT3G03810	15	0.382683	2.671677	3.452599
AT3G08055	0	0.000000	0.000000	0.000000
AT3G08500	0	0.0	0.0	0.0
AT5G46980	0	0.0	0.0	0.0
AT5G41320	8	0.352163	2.642843	3.415338
AT5G04175	0	0.000000	0.000000	0.000000
AT4G02715	80	2.427594	17.864754	23.086561
AT3G04360	0	0.0	0.0	0.0
AT1G32010	0	0.0	0.0	0.0
AT5G04260	0	0.000000	0.000000	0.000000
AT3G13440	22	0.826575	12.190495	15.753735
AT2G13960	0	0.0	0.0	0.0
AT2G28390	37	1.192120	8.638494	11.163495
AT1G05280	0	0.0	0.0	0.0
AT3G06855	0	0.0	0.0	0.0
AT4G06990	0	0.000000	0.000000	0.000000
AT2G42610	561	36.767021	259.927063	335.902893
AT3G25180	0	0.0	0.0	0.0
AT4G04260	0	0.0	0.0	0.0
AT3G61480	44	0.811965	5.699016	7.364819
AT4G32830	29	1.509108	10.535740	13.615301
ATMG00420	0	0.000000	0.000000	0.000000
AT5G06990	0	0.000000	0.000000	0.000000
ATMG00150	1	0.207977	1.451978	1.876386
AT2G21950	18	0.947011	6.611496	8.544014
AT1G22440	0	0.000000	0.000000	0.000000
AT1G71960	9	0.274812	2.029455	2.622657
AT5G59160	56	2.229582	18.035707	23.307484
AT1G15175	19	1.098127	8.207530	10.606563
AT1G03490	0	0.0	0.0	0.0
AT2G01740	3	0.132184	0.922834	1.192575
AT5G39990	50	1.996970	13.941718	18.016834
AT2G19600	23	0.743892	5.193434	6.711457
AT3G14380	0	0.0	0.0	0.0
AT2G43990	6	0.188393	1.315254	1.699698
AT2G42750	136	7.291301	50.903748	65.782738
AT4G21670	30	0.598205	4.176330	5.397057
AT1G34030	367	28.403679	198.298462	256.260406
AT1G35183	0	0.0	0.0	0.0
AT1G52940	0	0.000000	0.000000	0.000000
AT2G18530	0	0.0	0.0	0.0
AT4G39990	93	7.065946	49.330448	63.749569
AT3G32180	0	0.0	0.0	0.0
AT2G28600	43	1.939548	13.540830	17.498768
AT4G14280	0	0.0	0.0	0.0
AT2G44630	1	0.052891	0.369255	0.477187
AT4G22214	0	0.0	0.0	0.0
AT4G02655	0	0.0	0.0	0.0
AT3G17070	0	0.000000	0.000000	0.000000
AT5G25830	9	0.404508	2.824047	3.649506
ATCG00530	317	36.711594	256.299622	331.215118
AT4G33360	42	1.805586	17.154764	22.169041
AT1G07873	0	0.0	0.0	0.0
AT5G14280	8	0.413225	2.884904	3.728151
AT2G03980	111	4.226037	37.887009	48.961250
AT1G15260	42	4.066339	28.388885	36.686859
AT5G02655	1	0.015921	0.111151	0.143641
AT2G29530	57	6.561370	49.607178	64.107185
AT5G60660	3	0.150552	1.051069	1.358293
AT5G67488	29	2.270000	17.652105	22.811756
AT4G25830	25	1.382889	10.205630	13.188701
AT1G63220	22	1.877005	13.104189	16.934500
AT4G34810	2	0.238953	1.668235	2.155854
AT4G16070	15	0.331066	2.980382	3.851537
AT5G37630	22	0.488877	3.413063	4.410690
AT1G28135	0	0.0	0.0	0.0
AT1G67740	1598	104.813782	731.750671	945.638916
AT3G08235	0	0.000000	0.000000	0.000000
AT5G50430	59	3.459320	24.151020	31.210281
AT5G01180	0	0.000000	0.000000	0.000000
AT2G47810	0	0.0	0.0	0.0
AT4G20930	10	0.380311	3.070324	3.967769
AT1G03350	32	1.359213	9.489259	12.262936
AT3G52070	13	1.448179	14.238276	18.400074
AT4G37630	9	0.340557	2.479953	3.204834
AT3G29780	0	0.0	0.0	0.0
AT5G16070	98	4.028919	28.127642	36.349255
AT2G25570	20	0.972819	8.650907	11.179537
AT2G28120	6	0.205581	1.435251	1.854769
AT4G29870	46	5.458894	38.110916	49.250607
AT1G06783	0	0.0	0.0	0.0
AT5G20930	70	1.715184	12.765269	16.496513
AT4G01180	0	0.0	0.0	0.0
AT1G17940	0	0.000000	0.000000	0.000000
AT2G30590	32	1.177725	8.222211	10.625536
AT4G08335	0	0.000000	0.000000	0.000000
AT5G18870	0	0.0	0.0	0.0
AT1G56420	10	0.396338	2.817072	3.640493
AT5G41190	85	3.279126	22.893007	29.584555
AT2G42065	0	0.0	0.0	0.0
AT4G23150	0	0.000000	0.000000	0.000000
AT5G22788	4	0.500852	3.496666	4.518730
AT1G04937	0	0.0	0.0	0.0
AT4G18870	0	0.0	0.0	0.0
AT5G08335	0	0.000000	0.000000	0.000000
AT1G04153	0	0.000000	0.000000	0.000000
AT2G19120	18	0.342015	2.387756	3.085689
AT2G20110	11	0.320585	2.255904	2.915298
AT1G21380	69	2.701466	18.860111	24.372858
AT2G33845	39	2.153982	15.037887	19.433411
AT5G23150	25	0.317050	2.665345	3.444416
AT1G26920	112	7.975893	55.683186	71.959190
AT3G18780	900	29.765825	260.514740	336.662292
AT3G01830	11	0.466165	5.195787	6.714498
AT1G70520	61	1.994205	13.997736	18.089226
AT3G62340	0	0.0	0.0	0.0
AT5G23420	62	3.954217	28.148737	36.376518
AT1G04423	0	0.000000	0.000000	0.000000
AT3G07990	30	1.291964	9.019764	11.656210
AT2G19450	33	1.149123	8.022528	10.367486
AT4G11160	45	1.088821	8.729867	11.281576
AT5G07855	0	0.0	0.0	0.0
AT2G24790	256	15.767982	117.986954	152.474136
AT3G20898	9	0.757345	5.287355	6.832831
AT4G23420	6	0.151857	1.642453	2.122536
AT5G11160	19	1.038298	7.248811	9.367614
AT1G56150	25	2.455665	17.144068	22.155220
AT5G53920	16	0.861274	6.012929	7.770488
AT2G33585	16	1.497006	10.707721	13.837551
AT2G28450	42	1.175538	8.537988	11.033613
AT3G05670	92	2.114129	16.099331	20.805109
AT5G09595	3	0.138849	0.969365	1.252708
AT1G78510	45	1.782652	13.209316	17.070354
AT1G78460	44	3.280952	22.905756	29.601030
AT4G02405	85	5.533134	41.020386	53.010509
AT3G50090	0	0.0	0.0	0.0
AT3G47980	4	0.211359	1.475589	1.906899
AT3G08760	22	0.570323	4.215726	5.447968
AT3G44704	0	0.0	0.0	0.0
AT1G48740	0	0.000000	0.000000	0.000000
AT5G62240	0	0.000000	0.000000	0.000000
AT5G02405	0	0.000000	0.000000	0.000000
AT5G58670	19	0.679760	4.745701	6.132853
AT5G55760	0	0.000000	0.000000	0.000000
AT1G54780	757	47.644604	348.986420	450.993958
AT2G05895	0	0.0	0.0	0.0
AT5G05035	0	0.0	0.0	0.0
AT1G22170	18	0.869315	6.919503	8.942051
AT3G59650	49	4.727795	36.684067	47.406693
AT1G66090	11	0.483813	3.377709	4.365002
AT1G07540	0	0.0	0.0	0.0
AT3G03285	0	0.0	0.0	0.0
AT3G02270	0	0.0	0.0	0.0
AT1G35730	0	0.000000	0.000000	0.000000
AT1G79640	15	0.382026	2.715004	3.508590
AT3G47560	54	3.419313	27.609316	35.679424
AT3G58035	0	0.0	0.0	0.0
AT3G47410	0	0.0	0.0	0.0
AT5G65640	18	0.899611	6.280576	8.116367
AT1G12015	0	0.0	0.0	0.0
AT5G46700	56	2.642012	18.445036	23.836458
AT3G27330	0	0.000000	0.000000	0.000000
AT1G10240	13	0.337731	2.523468	3.261069
AT4G00600	0	0.0	0.0	0.0
AT3G11400	180	9.754589	72.069511	93.135185
AT4G02370	121	9.188751	64.150681	82.901695
AT5G27230	0	0.000000	0.000000	0.000000
AT1G50659	0	0.000000	0.000000	0.000000
AT4G27230	142	14.038798	100.247917	129.550034
AT5G02370	2120	64.239677	456.970001	590.540771
AT1G68890	128	1.794506	13.343549	17.243822
AT3G60150	0	0.000000	0.000000	0.000000
AT5G03385	0	0.000000	0.000000	0.000000
AT3G02165	0	0.000000	0.000000	0.000000
AT1G17860	0	0.000000	0.000000	0.000000
AT1G05273	3	1.134625	7.921311	10.236684
AT3G13730	2	0.068407	0.477579	0.617174
AT2G06605	0	0.0	0.0	0.0
AT3G60420	0	0.0	0.0	0.0
AT1G09053	1	0.001023	0.007142	0.009230
AT5G27765	0	0.0	0.0	0.0
AT1G09176	0	0.0	0.0	0.0
AT1G47890	5	0.106003	0.740053	0.956368
AT4G04445	0	0.000000	0.000000	0.000000
AT3G26050	10	0.346736	2.420715	3.128282
AT1G35170	0	0.0	0.0	0.0
AT1G51310	33	1.456102	10.165683	13.137076
AT2G01430	0	0.000000	0.000000	0.000000
AT3G19850	46	1.762367	12.303852	15.900226
AT4G27765	0	0.0	0.0	0.0
AT5G04445	0	0.0	0.0	0.0
AT5G64200	78	3.577391	26.775906	34.602413
AT4G00390	0	0.0	0.0	0.0
AT1G22730	30	0.879245	6.138392	7.932623
AT1G30510	45	2.277177	15.938500	20.597267
AT3G13170	0	0.000000	0.000000	0.000000
AT1G30460	61	1.363075	12.764704	16.495783
AT3G17590	21	1.590684	11.171687	14.437132
AT3G05495	0	0.000000	0.000000	0.000000
AT1G07880	11	0.305335	2.448508	3.164199
AT1G57660	480	44.591278	311.311127	402.306335
AT1G24650	0	0.0	0.0	0.0
AT5G40380	22	0.606454	4.480664	5.790348
AT2G03700	0	0.0	0.0	0.0
AT5G58495	0	0.0	0.0	0.0
AT3G28850	13	0.473118	3.303043	4.268511
AT4G14815	0	0.0	0.0	0.0
AT2G06395	0	0.0	0.0	0.0
AT3G59710	6	0.292925	2.134232	2.758060
AT1G20190	63	3.714605	26.465744	34.201588
AT1G49005	0	0.000000	0.000000	0.000000
AT4G16590	0	0.0	0.0	0.0
AT1G06770	12	0.380344	2.915057	3.767118
AT3G59400	241	14.861780	103.756561	134.084244
AT2G03560	0	0.0	0.0	0.0
AT1G53330	1	0.030493	0.249949	0.323009
AT2G03410	54	1.771494	12.367572	15.982571
AT4G05255	0	0.000000	0.000000	0.000000
AT3G11397	53	3.555649	24.823536	32.079369
AT5G16590	0	0.000000	0.000000	0.000000
AT4G39364	8	4.622951	32.274834	41.708660
AT3G52590	1429	96.250214	860.433716	1111.935547
AT1G43910	9	0.398983	2.785474	3.599659
AT1G67430	975	93.577103	674.567444	871.741211
AT5G50740	67	2.541586	25.781305	33.317093
AT2G25090	0	0.0	0.0	0.0
AT5G05255	0	0.0	0.0	0.0
AT4G00450	38	0.366529	2.648980	3.423268
AT1G12660	0	0.0	0.0	0.0
AT3G11650	6	0.332329	2.320133	2.998301
AT1G06903	0	0.0	0.0	0.0
AT1G05136	0	0.0	0.0	0.0
AT2G30070	38	1.002370	7.273868	9.399994
AT3G18773	20	1.077731	7.524110	9.723381
AT3G05355	5	3.942529	27.524513	35.569832
AT4G27050	14	0.490549	3.674441	4.748468
AT4G38213	0	0.0	0.0	0.0
AT1G72020	348	34.209358	333.438324	430.901215
AT1G54957	0	0.0	0.0	0.0
AT2G07295	0	0.0	0.0	0.0
AT5G27050	0	0.0	0.0	0.0
AT2G13840	16	0.802198	5.600494	7.237499
AT4G17718	0	0.0	0.0	0.0
AT5G54060	5	0.221078	1.543442	1.994585
AT3G18900	0	0.000000	0.000000	0.000000
AT2G06455	0	0.0	0.0	0.0
AT1G55080	10	0.610058	4.744046	6.130714
AT3G55110	14	0.432283	3.017956	3.900094
AT2G45210	4	0.249788	1.743879	2.253609
AT1G20320	0	0.0	0.0	0.0
AT1G19310	25	1.790892	12.502997	16.157581
AT3G61910	0	0.0	0.0	0.0
AT1G02680	13	1.124587	7.851232	10.146120
AT1G52860	0	0.0	0.0	0.0
AT3G51850	99	3.119179	22.313492	28.835649
AT5G08110	9	0.121356	0.857202	1.107759
AT5G43455	0	0.0	0.0	0.0
AT3G26230	16	0.673326	4.700782	6.074805
AT1G09233	0	0.000000	0.000000	0.000000
AT1G06130	18	0.701807	5.602784	7.240458
AT2G32090	82	5.824000	47.108513	60.878174
AT1G71840	102	4.838787	33.781681	43.655949
AT5G46560	44	1.960729	14.064940	18.176075
AT5G46410	31	0.789577	5.534009	7.151582
AT5G25754	140	3.131808	21.864517	28.255440
AT1G80550	15	0.615506	4.297115	5.553148
AT1G54773	5	0.823799	5.751300	7.432385
AT3G11710	205	7.000000	52.155361	67.400192
AT1G28310	17	0.820795	5.730328	7.405282
AT5G26330	0	0.000000	0.000000	0.000000
AT4G00120	0	0.0	0.0	0.0
AT1G24400	21	0.873094	6.095450	7.877129
AT3G50570	2	0.169965	1.186600	1.533439
AT1G48430	33	1.001142	7.427661	9.598742
AT3G47700	6	0.147973	1.054804	1.363120
AT3G18957	0	0.0	0.0	0.0
AT4G31270	7	0.289741	2.539602	3.281919
AT4G09075	0	0.0	0.0	0.0
AT2G08930	0	0.0	0.0	0.0
AT4G26330	0	0.0	0.0	0.0
AT3G23660	39	1.099359	7.905973	10.216863
AT2G35640	0	0.000000	0.000000	0.000000
AT2G03300	0	0.0	0.0	0.0
AT1G15110	12	0.347929	2.939198	3.798316
AT5G56860	78	3.486033	24.337515	31.451288
AT5G06680	26	0.640683	4.472887	5.780297
AT3G12860	25	1.044562	7.292542	9.424128
AT1G11850	75	6.851382	47.832481	61.813755
AT4G02130	93	2.500684	26.802439	34.636696
AT2G06795	0	0.000000	0.000000	0.000000
AT1G05543	0	0.0	0.0	0.0
AT3G59310	0	0.000000	0.000000	0.000000
AT3G49930	8	0.542091	3.784574	4.890791
AT3G09425	0	0.0	0.0	0.0
AT5G02130	11	0.565271	4.016504	5.190514
AT5G40780	36	1.056722	10.541968	13.623349
AT1G51710	89	3.570136	25.475426	32.921806
AT1G14686	0	0.0	0.0	0.0
AT1G42560	0	0.0	0.0	0.0
AT5G46690	35	1.567005	15.143678	19.570122
AT1G10570	23	0.735026	5.485056	7.088319
AT3G05060	381	14.455840	100.922516	130.421829
AT1G22330	48	2.458740	17.165535	22.182962
AT3G27170	81	2.093038	26.785067	34.614250
AT5G59210	38	1.655420	12.212409	15.782055
AT3G23590	38	0.646943	4.841144	6.256194
AT2G02910	25	0.991027	7.063154	9.127689
AT3G02540	73	1.852099	14.184546	18.330641
AT5G58060	0	0.000000	0.000000	0.000000
AT3G14900	17	0.640351	4.470569	5.777301
AT5G00790	0	0.0	0.0	0.0
AT1G07270	0	0.000000	0.000000	0.000000
AT1G19400	87	2.923223	25.140806	32.489376
AT2G34200	13	0.653205	5.597233	7.233285
AT2G03690	35	2.352911	16.426697	21.228165
AT5G02770	175	8.078908	56.402378	72.888596
AT5G03785	0	0.0	0.0	0.0
AT4G04110	0	0.0	0.0	0.0
AT1G66465	20	1.177419	8.220076	10.622775
AT4G16660	278	6.511307	45.458271	58.745567
AT3G13330	78	1.055189	7.366734	9.520005
AT2G22640	27	2.260361	15.780564	20.393169
AT4G02770	4467	315.100525	2199.854004	2842.863770
AT1G70030	0	0.0	0.0	0.0
AT3G46200	0	0.000000	0.000000	0.000000
AT1G33080	13	0.543203	4.043745	5.225718
AT4G03785	0	0.0	0.0	0.0
AT5G04110	19	0.508110	3.959172	5.116425
AT1G12590	0	0.000000	0.000000	0.000000
AT5G16660	110	8.399213	58.638565	75.778419
AT3G02880	45	1.414173	9.872958	12.758790
AT3G52660	28	0.839787	5.862919	7.576630
AT1G51650	236	23.686792	165.367828	213.704269
AT3G03875	0	0.0	0.0	0.0
AT4G13230	0	0.0	0.0	0.0
AT2G43680	294	7.130118	55.841984	72.164406
AT1G35330	0	0.0	0.0	0.0
AT5G42955	0	0.0	0.0	0.0
AT1G24310	33	1.672952	11.679607	15.093516
AT3G09155	0	0.000000	0.000000	0.000000
AT1G23860	26	1.197898	8.719359	11.267999
AT5G46300	0	0.0	0.0	0.0
AT1G28400	67	3.014790	21.047564	27.199694
AT3G27730	0	0.0	0.0	0.0
AT4G39680	159	4.987814	34.822102	45.000484
AT5G13230	0	0.0	0.0	0.0
AT2G04930	0	0.0	0.0	0.0
AT2G39795	42	2.812394	21.515816	27.804813
AT1G63005	0	0.0	0.0	0.0
AT5G01945	0	0.000000	0.000000	0.000000
AT3G15080	33	2.237607	15.621709	20.187881
AT5G39680	3	0.078399	0.547338	0.707322
AT1G63550	0	0.0	0.0	0.0
AT2G20618	0	0.0	0.0	0.0
AT2G27580	24	1.846154	12.888805	16.656158
AT5G21060	39	2.046216	14.381855	18.585623
AT4G26730	0	0.0	0.0	0.0
AT1G59850	3	0.138144	0.964443	1.246347
AT1G69910	9	0.257020	1.794369	2.318856
AT3G11310	0	0.0	0.0	0.0
AT1G28710	21	0.483774	4.324783	5.588902
AT5G26730	0	0.0	0.0	0.0
AT4G21060	9	0.229814	1.708797	2.208273
AT4G38062	8	0.180647	1.261176	1.629813
AT3G47300	11	0.861276	6.012943	7.770506
AT1G53265	0	0.0	0.0	0.0
AT5G47200	79	5.432890	37.929371	49.015999
AT1G57590	16	0.744910	5.200541	6.720642
AT1G52185	0	0.0	0.0	0.0
AT4G31880	71	1.599656	11.208066	14.484146
AT1G53170	7	0.471308	3.290406	4.252181
AT3G62430	0	0.0	0.0	0.0
AT1G75125	1	0.014275	0.099660	0.128790
AT5G11210	0	0.000000	0.000000	0.000000
AT2G02026	0	0.0	0.0	0.0
AT3G17660	0	0.000000	0.000000	0.000000
AT1G03987	1	0.117647	0.821345	1.061421
AT1G64890	18	0.738618	5.156614	6.663875
AT4G11210	1	0.084806	0.592068	0.765127
AT1G20720	0	0.000000	0.000000	0.000000
AT1G19710	14	0.585206	4.240810	5.480385
AT5G60070	0	0.0	0.0	0.0
AT1G19650	33	0.997684	7.239072	9.355027
AT5G62090	33	0.753300	5.370979	6.940898
AT2G18020	1003	66.793335	478.946991	618.941528
AT5G26170	0	0.000000	0.000000	0.000000
AT4G31540	5	0.127309	0.888800	1.148593
AT4G23635	0	0.000000	0.000000	0.000000
AT1G70250	9	0.232665	1.681137	2.172527
AT4G08445	0	0.0	0.0	0.0
AT4G16015	1	0.035134	0.269791	0.348649
AT2G20260	449	59.171658	413.103119	533.851746
AT1G21900	66	4.547121	31.745434	41.024513
AT1G34520	0	0.0	0.0	0.0
AT1G19397	0	0.000000	0.000000	0.000000
AT3G05755	0	0.000000	0.000000	0.000000
AT4G26170	0	0.0	0.0	0.0
AT4G29273	0	0.0	0.0	0.0
AT3G50240	47	1.035524	7.369625	9.523741
AT5G08445	0	0.000000	0.000000	0.000000
AT1G51400	888	126.792870	885.196228	1143.936157
AT1G42700	0	0.0	0.0	0.0
AT3G47690	13	0.776355	5.420073	7.004341
AT2G40140	24	0.773853	5.402605	6.981768
AT5G50340	0	0.000000	0.000000	0.000000
AT2G27840	108	6.159059	55.205765	71.342224
AT5G13050	50	2.582079	21.813482	28.189487
AT1G28650	0	0.0	0.0	0.0
AT2G29020	54	4.690969	32.749699	42.322323
AT3G45970	14	0.555884	6.870808	8.879122
ATCG00020	4471	336.794739	2351.310791	3038.591064
AT3G24850	0	0.0	0.0	0.0
AT1G53730	10	0.270199	1.886377	2.437758
AT4G18815	0	0.0	0.0	0.0
AT4G13050	62	2.744835	19.988779	25.831430
AT4G13505	92	3.854915	28.816690	37.239712
AT3G07680	115	8.149599	56.895905	73.526382
AT3G57860	0	0.000000	0.000000	0.000000
AT4G33760	84	2.658992	18.749666	24.230127
AT2G17723	0	0.0	0.0	0.0
AT5G66564	0	0.0	0.0	0.0
AT3G04235	0	0.0	0.0	0.0
AT2G24120	85	1.757654	13.136738	16.976561
AT5G52150	0	0.0	0.0	0.0
AT3G16150	6	0.288976	2.017467	2.607166
AT5G40900	0	0.0	0.0	0.0
AT2G42350	0	0.0	0.0	0.0
AT4G04335	0	0.000000	0.000000	0.000000
AT5G14870	0	0.0	0.0	0.0
AT4G35920	56	1.627458	13.928586	17.999863
AT1G07283	0	0.0	0.0	0.0
AT1G10090	66	1.589408	12.514853	16.172901
AT5G09665	0	0.000000	0.000000	0.000000
AT1G72530	8	0.439519	3.096393	4.001457
AT3G22085	0	0.0	0.0	0.0
AT1G08937	0	0.000000	0.000000	0.000000
AT1G66240	149	14.393939	111.731201	144.389847
AT5G35920	0	0.0	0.0	0.0
AT4G14870	73	6.781287	47.343121	61.181351
AT5G04335	0	0.000000	0.000000	0.000000
AT3G23070	28	0.738676	5.157019	6.664398
AT4G09665	0	0.0	0.0	0.0
AT1G08153	0	0.0	0.0	0.0
AT2G01340	20	1.660465	11.592430	14.980857
AT3G14780	0	0.000000	0.000000	0.000000
AT3G02215	1	0.008139	0.056822	0.073431
AT5G03905	15	1.231209	9.326934	12.053164
AT2G28790	102	6.565217	51.987785	67.183640
AT1G12070	0	0.0	0.0	0.0
AT4G03905	6	0.852238	5.949845	7.688964
AT1G25097	3	0.255589	1.784378	2.305946
AT4G39917	0	0.0	0.0	0.0
AT1G01630	97	5.227180	36.493221	47.160065
AT2G24450	0	0.000000	0.000000	0.000000
AT1G74510	28	0.897478	7.035654	9.092151
AT1G74460	0	0.000000	0.000000	0.000000
AT3G57940	56	1.247141	8.706835	11.251813
AT5G41720	0	0.0	0.0	0.0
AT4G22920	21	0.908782	6.641886	8.583287
AT1G69480	0	0.0	0.0	0.0
AT2G30660	0	0.000000	0.000000	0.000000
AT5G52420	60	3.836718	26.785801	34.615196
AT3G16420	182	7.623610	75.963928	98.167923
AT3G04760	119	3.756319	26.224499	33.889832
AT3G27440	0	0.000000	0.000000	0.000000
AT2G27960	100	8.320459	75.604874	97.703918
AT1G44740	0	0.000000	0.000000	0.000000
AT1G05870	32	1.388641	10.130677	13.091840
AT1G77950	0	0.000000	0.000000	0.000000
AT5G54670	26	0.628288	4.645140	6.002899
AT2G15320	10	0.416241	2.905960	3.755362
AT5G22920	76	3.990040	29.858679	38.586269
AT1G49220	0	0.000000	0.000000	0.000000
AT1G67105	0	0.0	0.0	0.0
AT5G02315	1	0.011182	0.078066	0.100885
AT2G19790	91	8.537103	59.601234	77.022476
ATCG01080	542	81.623352	569.848206	736.412842
AT2G07045	0	0.0	0.0	0.0
AT2G09825	0	0.0	0.0	0.0
AT1G03610	44	1.779635	12.424407	16.056019
AT4G17420	25	1.331086	10.155748	13.124238
AT4G05525	0	0.0	0.0	0.0
AT5G55360	0	0.0	0.0	0.0
AT4G08175	1	0.150538	1.050971	1.358167
AT1G54380	27	0.831311	5.950466	7.689767
AT5G63087	3	0.417939	2.917814	3.770681
AT5G56940	43	4.496671	31.393221	40.569351
AT3G12940	61	1.775118	12.392872	16.015266
AT3G04055	0	0.000000	0.000000	0.000000
AT3G04500	76	4.229578	30.650951	39.610123
AT4G26440	0	0.000000	0.000000	0.000000
AT1G09830	37	1.523413	10.635610	13.744362
AT5G05525	0	0.0	0.0	0.0
AT5G17420	9	0.194433	1.382555	1.786671
AT5G08175	0	0.000000	0.000000	0.000000
AT2G40470	0	0.0	0.0	0.0
AT3G08360	0	0.0	0.0	0.0
AT5G08260	96	4.260335	29.743254	38.437107
AT2G24390	31	2.175518	16.382650	21.171244
AT1G57070	0	0.0	0.0	0.0
AT2G25240	0	0.0	0.0	0.0
AT1G28375	0	0.0	0.0	0.0
AT5G09010	0	0.0	0.0	0.0
AT2G45160	63	1.930888	13.480371	17.420637
AT4G08260	0	0.0	0.0	0.0
AT3G55260	52	1.965947	13.725133	17.736942
AT3G62740	10	0.403998	2.820486	3.644905
AT5G60590	19	1.108663	7.740059	10.002452
AT4G09010	431	23.475945	188.114960	243.100311
AT5G62570	44	1.084646	8.244810	10.654740
AT2G02480	15	0.267016	1.908019	2.465727
AT2G38025	51	3.384228	24.857115	32.122765
AT5G08735	0	0.0	0.0	0.0
AT1G26762	0	0.0	0.0	0.0
AT4G36010	12	0.554232	3.883947	5.019212
AT1G21780	48	2.190447	15.292465	19.762400
AT4G29280	0	0.0	0.0	0.0
AT3G18380	12	0.608946	4.270419	5.518647
AT4G30820	16	0.640681	4.802641	6.206437
AT3G55735	0	0.0	0.0	0.0
AT2G14530	8	0.335632	2.556211	3.303382
AT1G42980	0	0.0	0.0	0.0
AT2G24600	21	0.600000	4.622478	5.973613
AT5G01865	0	0.000000	0.000000	0.000000
AT1G80220	0	0.000000	0.000000	0.000000
AT4G18280	23	1.814815	12.670015	16.373417
AT3G29380	0	0.000000	0.000000	0.000000
AT2G42490	68	1.790467	12.500031	16.153746
AT1G53440	42	1.019714	7.119068	9.199947
AT5G45800	55	1.463439	10.216906	13.203272
AT1G06383	0	0.0	0.0	0.0
AT5G38810	0	0.0	0.0	0.0
AT5G17150	0	0.0	0.0	0.0
AT2G32240	103	1.777081	12.542170	16.208204
AT5G18280	95	3.653121	25.504030	32.958771
AT4G01865	0	0.0	0.0	0.0
AT1G67340	12	0.587730	4.328944	5.594279
AT4G33500	64	1.867653	13.962872	18.044170
AT4G17150	36	1.044705	7.958446	10.284672
AT4G38810	38	0.902833	7.500170	9.692445
AT1G03750	0	0.000000	0.000000	0.000000
AT1G02990	30	0.470270	3.542199	4.577571
AT5G51140	43	1.759560	14.607216	18.876856
AT1G79940	50	1.579158	11.840850	15.301890
AT1G05217	0	0.0	0.0	0.0
AT1G07293	0	0.0	0.0	0.0
AT3G29450	0	0.0	0.0	0.0
AT1G80830	30	0.962549	6.739425	8.709335
AT1G06453	0	0.000000	0.000000	0.000000
AT2G09760	0	0.0	0.0	0.0
AT4G00900	14	0.291392	2.134930	2.758963
AT3G44235	0	0.0	0.0	0.0
AT5G65940	0	0.000000	0.000000	0.000000
AT5G59895	0	0.000000	0.000000	0.000000
AT3G59950	29	0.946519	7.106334	9.183491
AT5G66360	33	1.801234	12.575200	16.250887
AT1G54120	7	0.821086	5.732359	7.407908
AT5G00900	0	0.000000	0.000000	0.000000
AT3G03045	0	0.0	0.0	0.0
AT3G14790	49	1.425878	10.902734	14.089565
AT1G35242	0	0.0	0.0	0.0
AT1G34392	0	0.0	0.0	0.0
AT3G51530	11	0.470456	3.284458	4.244494
AT4G31441	0	0.000000	0.000000	0.000000
AT5G15740	42	0.905510	8.967557	11.588742
AT2G02350	0	0.000000	0.000000	0.000000
AT2G07672	0	0.0	0.0	0.0
AT3G18450	0	0.0	0.0	0.0
AT4G24565	0	0.0	0.0	0.0
AT4G24415	0	0.0	0.0	0.0
AT2G06905	0	0.0	0.0	0.0
AT5G64855	1	0.259259	1.810000	2.339057
AT5G49665	11	0.296209	2.067964	2.672423
AT4G15740	0	0.0	0.0	0.0
AT4G30230	11	0.748085	5.222707	6.749287
AT2G41340	19	0.651924	5.413273	6.995553
AT5G57000	15	0.792542	8.120694	10.494346
AT5G34887	0	0.0	0.0	0.0
AT3G17611	10	0.418842	3.365317	4.348988
AT1G69490	0	0.000000	0.000000	0.000000
AT3G21800	0	0.0	0.0	0.0
AT1G26798	0	0.0	0.0	0.0
AT5G28824	0	0.0	0.0	0.0
AT1G62500	32	1.582278	11.046573	14.275448
AT3G13226	33	1.267029	9.452188	12.215029
AT2G19780	10	0.351196	2.451852	3.168520
AT3G18120	0	0.0	0.0	0.0
AT3G15570	84	3.242879	22.639952	29.257532
AT3G07475	1	0.211594	1.477230	1.909019
AT1G27510	68	2.285955	16.040436	20.729000
AT1G27460	33	0.982861	6.861781	8.867456
AT3G44760	0	0.0	0.0	0.0
AT1G54450	10	0.332277	2.319771	2.997832
AT2G31030	0	0.0	0.0	0.0
AT2G09235	0	0.000000	0.000000	0.000000
AT5G01720	24	0.538680	4.290888	5.545100
AT3G10110	15	0.797887	6.262836	8.093442
AT1G32585	0	0.0	0.0	0.0
AT2G28780	6	0.157087	1.096693	1.417252
AT4G01720	8	0.296923	2.072949	2.678865
AT1G06123	0	0.0	0.0	0.0
AT2G36760	0	0.0	0.0	0.0
AT1G09220	2	0.089493	0.624790	0.807414
AT1G43610	0	0.0	0.0	0.0
AT2G36500	0	0.000000	0.000000	0.000000
AT2G24380	0	0.000000	0.000000	0.000000
AT1G08340	0	0.000000	0.000000	0.000000
AT4G19140	34	2.262364	15.794548	20.411242
AT1G06603	0	0.0	0.0	0.0
AT3G11950	20	0.620397	4.338285	5.606351
AT1G12960	0	0.0	0.0	0.0
AT1G69350	3	0.093407	0.652115	0.842726
AT1G49830	0	0.000000	0.000000	0.000000
AT3G28530	0	0.0	0.0	0.0
AT1G45191	59	2.204524	15.656351	20.232649
AT5G19140	756	38.668591	328.182007	424.108459
AT3G48360	12	0.289006	2.680522	3.464030
AT5G60580	24	0.765769	5.398221	6.976102
AT5G48175	0	0.000000	0.000000	0.000000
AT1G62760	0	0.0	0.0	0.0
AT3G61750	9	0.330015	2.303979	2.977423
AT4G30050	0	0.0	0.0	0.0
ATCG01090	700	107.818886	752.730591	972.751221
AT4G28140	2	0.102313	0.714292	0.923077
AT5G22608	9	0.412424	5.320119	6.875172
AT5G49010	13	0.554526	3.871387	5.002981
AT3G18600	99	3.436077	26.228004	33.894360
AT5G06475	1	0.016129	0.112604	0.145517
AT1G55240	0	0.0	0.0	0.0
AT2G27070	0	0.0	0.0	0.0
AT1G54390	51	1.703450	16.736771	21.628872
AT2G33010	0	0.0	0.0	0.0
AT2G05160	15	0.418938	3.010081	3.889917
AT1G14800	0	0.000000	0.000000	0.000000
AT2G41105	0	0.000000	0.000000	0.000000
AT3G19530	0	0.000000	0.000000	0.000000
AT2G42480	0	0.000000	0.000000	0.000000
AT3G29390	73	1.569840	11.665288	15.075011
AT4G18290	13	0.354649	2.475959	3.199674
AT2G06166	0	0.0	0.0	0.0
AT1G06393	0	0.0	0.0	0.0
AT5G27889	0	0.000000	0.000000	0.000000
AT3G56000	0	0.000000	0.000000	0.000000
AT5G12000	0	0.0	0.0	0.0
AT3G25720	0	0.0	0.0	0.0
AT5G18290	16	0.474517	7.180072	9.278783
AT3G61610	15	0.679001	4.740402	6.126005
AT4G12555	0	0.0	0.0	0.0
AT1G02980	0	0.000000	0.000000	0.000000
AT4G12000	8	0.232484	1.862563	2.406984
AT5G67260	73	3.436385	27.136988	35.069035
AT3G26742	7	0.614646	4.291111	5.545389
AT1G47786	0	0.0	0.0	0.0
AT3G04825	0	0.000000	0.000000	0.000000
AT5G63595	0	0.0	0.0	0.0
AT2G15180	0	0.0	0.0	0.0
AT2G08630	0	0.0	0.0	0.0
AT2G02490	1	0.056270	0.392845	0.507673
AT3G23960	0	0.0	0.0	0.0
AT1G21790	8	0.411641	2.873845	3.713860
AT2G23440	0	0.0	0.0	0.0
AT4G29290	0	0.0	0.0	0.0
AT3G18390	850	18.824703	139.047775	179.690964
AT5G05800	32	1.226967	8.565991	11.069801
AT2G09500	0	0.000000	0.000000	0.000000
AT2G09055	1	0.005861	0.040918	0.052878
AT2G31250	0	0.000000	0.000000	0.000000
AT3G58800	8	0.382178	2.668151	3.448043
AT5G60840	37	2.465919	20.802200	26.882612
AT1G42990	61	3.907392	27.279205	35.252823
AT3G53510	24	0.672779	4.696963	6.069870
AT4G05800	0	0.0	0.0	0.0
AT3G53460	1364	57.900742	427.128387	551.976562
AT1G53541	0	0.000000	0.000000	0.000000
AT2G43300	0	0.0	0.0	0.0
AT4G39300	39	2.880751	20.450832	26.428539
AT4G00780	181	9.855874	68.808151	88.920540
AT1G16225	0	0.0	0.0	0.0
AT5G46680	18	0.786441	5.490488	7.095338
AT2G04155	0	0.000000	0.000000	0.000000
AT3G23580	67	3.163905	22.088600	28.545021
AT1G12840	301	8.577546	59.883587	77.387352
AT4G32208	30	3.290844	22.974815	29.690275
AT3G09930	0	0.0	0.0	0.0
AT5G00780	11	0.635834	5.591551	7.225942
AT5G39300	0	0.0	0.0	0.0
AT5G42130	66	3.136500	21.897272	28.297771
AT2G16230	0	0.0	0.0	0.0
AT1G45229	16	1.047027	12.073172	15.602118
AT1G02560	514	27.795132	194.049927	250.770050
AT3G01550	41	2.053367	14.335449	18.525652
AT1G02410	43	1.865058	16.302803	21.068058
AT3G01005	0	0.000000	0.000000	0.000000
AT1G60000	194	11.324047	79.058105	102.166519
AT2G01021	1	0.514706	3.593387	4.643722
AT2G06785	0	0.0	0.0	0.0
AT4G07535	0	0.0	0.0	0.0
AT4G15430	0	0.0	0.0	0.0
AT5G50423	0	0.0	0.0	0.0
AT2G21710	12	0.422888	2.952365	3.815332
AT5G06690	79	4.919216	45.328743	58.578182
AT5G10235	0	0.0	0.0	0.0
AT3G45060	0	0.000000	0.000000	0.000000
AT1G52325	0	0.000000	0.000000	0.000000
AT1G05040	0	0.000000	0.000000	0.000000
AT2G13660	0	0.000000	0.000000	0.000000
AT5G07535	0	0.0	0.0	0.0
AT5G15430	5	0.171120	1.368543	1.768563
AT1G47270	11	0.477547	3.488714	4.508453
AT5G40790	0	0.0	0.0	0.0
AT5G53100	0	0.0	0.0	0.0
AT2G42910	96	5.311716	37.083405	47.922756
AT5G51470	0	0.000000	0.000000	0.000000
AT1G68270	0	0.0	0.0	0.0
AT1G52640	1	0.037844	0.264205	0.341432
AT2G43690	3	0.087167	0.659662	0.852479
AT4G21970	0	0.000000	0.000000	0.000000
AT5G42770	11	0.464892	5.554033	7.177457
AT1G05893	0	0.0	0.0	0.0
AT4G39690	65	1.993018	13.914127	17.981178
AT5G10760	96	3.890336	27.160131	35.098946
AT3G06200	28	1.524205	10.641139	13.751508
AT5G44110	27	1.528860	11.806592	15.257619
AT5G21970	19	0.770691	5.380530	6.953240
AT2G21650	54	5.848693	40.832272	52.767406
AT5G39690	0	0.0	0.0	0.0
AT2G19900	0	0.0	0.0	0.0
AT4G10760	62	2.181266	15.228370	19.679569
AT3G15090	42	2.042157	14.257187	18.424515
AT1G26100	21	1.847389	12.897427	16.667301
AT3G42880	0	0.000000	0.000000	0.000000
AT5G03795	0	0.000000	0.000000	0.000000
AT5G02955	0	0.0	0.0	0.0
AT5G14040	629	29.634277	206.889801	267.362976
AT5G60960	41	1.648886	11.511592	14.876390
AT2G03680	227	15.716125	188.093353	243.072372
AT1G77310	12	0.321208	2.388454	3.086591
AT2G11035	0	0.0	0.0	0.0
AT1G04430	169	4.402423	34.433384	44.498142
AT3G49155	0	0.000000	0.000000	0.000000
AT5G06300	8	0.281115	1.962586	2.536244
AT3G23840	9	0.374289	2.794271	3.611027
AT1G33090	0	0.0	0.0	0.0
AT1G12580	39	1.175795	10.090870	13.040396
AT4G14040	215	8.286679	57.852917	74.763130
AT2G28900	331	21.748972	191.373886	247.311844
AT2G44930	0	0.000000	0.000000	0.000000
AT2G31902	6	0.068373	1.043494	1.348504
AT1G11020	23	1.258904	8.788957	11.357940
AT3G16552	0	0.0	0.0	0.0
AT2G04425	0	0.0	0.0	0.0
AT4G22745	14	0.973118	7.627603	9.857124
AT4G06300	0	0.0	0.0	0.0
AT2G07656	0	0.0	0.0	0.0
AT3G02890	22	0.399271	3.077878	3.977531
AT4G31890	5	0.116991	0.829185	1.071553
AT2G16505	0	0.0	0.0	0.0
AT5G25550	0	0.0	0.0	0.0
AT4G37930	2633	105.865257	739.091492	955.125366
AT2G16050	0	0.0	0.0	0.0
AT1G57580	0	0.0	0.0	0.0
ATCG00850	0	0.0	0.0	0.0
AT4G13820	0	0.000000	0.000000	0.000000
AT3G24020	0	0.000000	0.000000	0.000000
AT5G20630	922	73.125000	510.517517	659.739990
AT4G25550	62	4.251082	29.678656	38.353626
AT5G65860	40	2.147831	15.118865	19.538057
AT1G03997	0	0.000000	0.000000	0.000000
AT5G37930	19	1.126631	7.865502	10.164561
AT1G64880	117	4.410790	30.793646	39.794525
AT1G79860	0	0.0	0.0	0.0
AT4G20630	0	0.0	0.0	0.0
AT5G13820	0	0.000000	0.000000	0.000000
AT3G07300	55	1.912389	13.659465	17.652081
AT2G29850	0	0.0	0.0	0.0
AT1G76210	0	0.0	0.0	0.0
AT4G10500	0	0.000000	0.000000	0.000000
AT5G07200	0	0.0	0.0	0.0
AT2G23170	19	0.687441	4.799325	6.202151
AT1G26620	21	0.488351	3.409391	4.405944
AT2G27590	20	1.050409	7.333363	9.476880
AT5G10500	0	0.0	0.0	0.0
AT2G18850	11	0.417499	2.914742	3.766712
AT2G37110	87	5.017172	35.231602	45.529675
AT1G17640	6	0.244356	1.867122	2.412876
AT4G07200	0	0.000000	0.000000	0.000000
AT1G09367	0	0.000000	0.000000	0.000000
AT1G34805	0	0.0	0.0	0.0
AT1G50260	0	0.000000	0.000000	0.000000
AT2G07875	1	0.000848	0.005920	0.007651
AT2G07213	0	0.0	0.0	0.0
AT4G19470	0	0.0	0.0	0.0
AT5G53620	60	1.872299	13.195772	17.052851
AT3G06535	0	0.0	0.0	0.0
AT1G71015	0	0.000000	0.000000	0.000000
AT2G21400	0	0.0	0.0	0.0
AT3G07690	16	0.628332	4.882007	6.309000
AT1G02700	0	0.000000	0.000000	0.000000
AT5G19470	0	0.0	0.0	0.0
AT5G58970	38	1.599647	15.251052	19.708881
AT4G28470	57	1.390529	9.707889	12.545471
AT2G07641	3	0.284644	1.987224	2.568083
AT5G62080	0	0.0	0.0	0.0
AT5G06145	0	0.0	0.0	0.0
AT5G61520	41	1.390700	10.623203	13.728330
AT3G05970	110	3.544391	24.744938	31.977798
AT5G28470	0	0.0	0.0	0.0
AT1G64540	0	0.000000	0.000000	0.000000
AT3G47680	0	0.000000	0.000000	0.000000
AT4G06145	0	0.0	0.0	0.0
AT3G10260	113	4.892025	44.626011	57.670036
AT2G16365	56	1.165213	12.063899	15.590137
AT5G40600	9	0.227336	1.746685	2.257236
AT3G33187	0	0.0	0.0	0.0
AT3G28020	0	0.0	0.0	0.0
AT1G47540	0	0.0	0.0	0.0
AT1G36005	0	0.0	0.0	0.0
AT3G07410	22	1.880322	13.127347	16.964426
AT5G03395	3	0.418426	2.921214	3.775075
AT3G07560	109	5.847343	40.822849	52.755230
AT1G68880	0	0.0	0.0	0.0
AT1G77710	104	9.513793	80.818665	104.441673
AT5G06700	131	3.724051	25.999222	33.598705
AT3G17840	34	1.087885	7.595000	9.814992
AT5G35620	105	5.050698	58.186459	75.194160
AT1G66080	9	0.517703	3.614310	4.670761
AT3G20010	21	0.331274	2.581735	3.336367
AT3G19020	12	0.277680	1.938605	2.505253
AT1G08637	0	0.0	0.0	0.0
AT4G10360	57	2.940568	20.529387	26.530056
AT4G09965	0	0.000000	0.000000	0.000000
AT1G02145	40	1.851508	12.926184	16.704464
AT3G03295	0	0.0	0.0	0.0
AT1G09507	0	0.0	0.0	0.0
AT1G09823	0	0.000000	0.000000	0.000000
AT2G14850	7	0.361327	2.522581	3.259923
AT4G35620	11	0.503444	3.514762	4.542115
AT5G42370	6	0.206701	1.543595	1.994783
AT5G10360	668	44.803692	319.223053	412.530853
AT3G26820	0	0.0	0.0	0.0
AT5G09965	0	0.0	0.0	0.0
AT3G05485	0	0.0	0.0	0.0
AT4G03605	0	0.0	0.0	0.0
AT3G17580	0	0.0	0.0	0.0
AT1G13245	101	10.166878	70.979408	91.726440
AT1G01930	0	0.000000	0.000000	0.000000
AT5G40390	43	1.145102	7.994457	10.331208
AT1G75785	57	7.481117	52.228935	67.495277
AT1G07890	3597	160.631851	1661.458374	2147.096924
AT5G03605	0	0.000000	0.000000	0.000000
AT2G41430	775	44.745125	353.475098	456.794678
AT2G06385	0	0.0	0.0	0.0
AT1G20180	0	0.000000	0.000000	0.000000
AT5G10946	8	0.445180	3.117169	4.028307
AT1G77650	0	0.0	0.0	0.0
AT5G54970	88	6.153846	42.962677	55.520523
AT2G27660	3	0.087580	0.611434	0.790154
AT4G24470	28	1.524862	10.840375	14.008980
AT5G39700	0	0.0	0.0	0.0
AT5G22620	35	0.973143	9.609374	12.418160
AT3G57640	6	0.288613	2.014933	2.603891
AT2G04378	114	4.927991	41.129467	53.151470
AT5G24470	110	3.582513	25.011086	32.321739
AT2G43700	0	0.000000	0.000000	0.000000
AT1G68540	20	1.021262	8.001842	10.340754
AT4G39700	0	0.0	0.0	0.0
AT4G00380	10	0.314927	2.200541	2.843752
AT2G30960	0	0.000000	0.000000	0.000000
AT2G07634	0	0.000000	0.000000	0.000000
AT1G31200	13	1.386625	13.589414	17.561552
AT1G09550	0	0.0	0.0	0.0
AT4G19985	82	3.617257	27.226351	35.184517
AT4G22620	1	0.071785	0.501162	0.647650
AT4G39410	0	0.000000	0.000000	0.000000
AT4G39560	18	0.855562	6.240880	8.065068
AT5G56640	0	0.000000	0.000000	0.000000
AT3G12640	27	0.774574	6.405056	8.277231
AT5G40450	671	5.831971	40.715534	52.616543
AT4G22100	0	0.0	0.0	0.0
AT2G08155	0	0.0	0.0	0.0
AT2G43410	63	0.949453	9.947561	12.855200
AT2G43560	375	10.129659	75.633842	97.741356
AT2G35860	117	5.333333	37.234322	48.117786
AT5G39410	58	2.204457	15.987655	20.660791
ATCG01240	3	0.497948	3.476392	4.492529
AT1G03910	35	1.031517	7.572065	9.785354
AT5G39560	0	0.0	0.0	0.0
AT2G07285	0	0.0	0.0	0.0
AT4G03438	0	0.0	0.0	0.0
AT5G22100	38	1.749774	14.165550	18.306091
AT1G55090	47	1.350471	9.428226	12.184065
AT2G17730	32	1.556946	10.979655	14.188971
ATMG01350	0	0.0	0.0	0.0
AT4G16580	14	0.507657	3.544175	4.580125
AT5G03125	0	0.0	0.0	0.0
AT1G02300	50	2.434889	17.604584	22.750343
AT5G67110	9	0.621406	5.103883	6.595731
AT2G25080	378	24.212681	169.039276	218.448868
AT5G16580	0	0.0	0.0	0.0
AT3G52580	178	15.860491	110.729004	143.094711
AT2G46455	0	0.000000	0.000000	0.000000
AT3G51020	0	0.0	0.0	0.0
AT5G11412	0	0.0	0.0	0.0
AT4G03455	0	0.0	0.0	0.0
AT2G17265	51	2.843110	19.848991	25.650782
AT2G05210	35	1.069541	7.930771	10.248909
AT2G22860	0	0.000000	0.000000	0.000000
AT4G16840	10	1.162679	8.156196	10.540223
AT4G35100	557	27.597275	193.990707	250.693527
AT1G72850	0	0.000000	0.000000	0.000000
AT5G27820	40	4.544936	31.730179	41.004803
AT1G42680	0	0.0	0.0	0.0
AT1G09767	0	0.0	0.0	0.0
AT5G48110	0	0.0	0.0	0.0
AT5G03455	0	0.000000	0.000000	0.000000
AT5G16840	44	2.922757	20.456011	26.435234
AT5G35100	135	4.625912	32.295509	41.735374
AT3G52840	176	4.268961	31.220430	40.346054
AT4G27820	138	5.379630	40.434448	52.253304
AT1G19464	0	0.0	0.0	0.0
AT4G29040	185	9.022058	62.986916	81.397781
AT1G77400	8	0.435973	3.043717	3.933386
AT5G18040	14	0.488227	5.998904	7.752362
AT1G23640	0	0.0	0.0	0.0
AT5G06410	27	1.868074	13.041840	16.853924
AT5G06560	19	0.562119	3.924397	5.071486
AT3G61118	0	0.0	0.0	0.0
AT3G07700	67	1.814247	14.246862	18.411171
AT1G02690	23	0.845906	5.913800	7.642383
AT1G08430	0	0.0	0.0	0.0
AT5G43403	6	0.512028	3.574690	4.619560
AT4G18040	136	11.022381	76.952042	99.444862
AT4G06410	0	0.000000	0.000000	0.000000
AT5G56325	0	0.0	0.0	0.0
AT2G08425	3	0.493243	3.443544	4.450080
AT2G17170	0	0.0	0.0	0.0
AT5G40120	0	0.0	0.0	0.0
AT2G32080	120	5.448433	38.103024	49.240406
AT1G05290	0	0.0	0.0	0.0
AT3G49630	0	0.000000	0.000000	0.000000
AT2G28380	40	1.576865	11.008780	14.226611
AT1G04340	46	1.612099	18.399874	23.778093
AT1G16000	48	7.457199	52.061954	67.279488
AT3G25190	7	0.501472	3.500994	4.524323
AT4G01320	115	4.439806	31.469791	40.668304
AT4G06980	0	0.000000	0.000000	0.000000
AT2G40995	0	0.0	0.0	0.0
AT2G36360	48	1.656273	12.970712	16.762007
AT1G29800	16	0.499515	4.443013	5.741691
AT3G61490	12	0.390663	2.727389	3.524595
AT3G48500	122	3.842002	27.774776	35.893250
AT3G24530	22	0.659358	4.783051	6.181121
AT3G43810	198	6.156687	56.809368	73.414551
AT2G35940	51	1.277471	9.470032	12.238089
AT5G06980	59	2.526771	18.908562	24.435471
AT5G01320	0	0.000000	0.000000	0.000000
AT3G01220	0	0.000000	0.000000	0.000000
AT4G24140	0	0.000000	0.000000	0.000000
AT5G44260	2	0.087260	0.609200	0.787267
AT3G14600	369	19.885290	198.402039	256.394257
AT2G19380	38	0.848009	6.247959	8.074216
AT2G02610	0	0.0	0.0	0.0
AT1G21120	7	0.348287	2.507264	3.240129
AT1G58390	0	0.0	0.0	0.0
AT5G24140	0	0.0	0.0	0.0
AT1G65420	31	2.390041	16.685919	21.563154
AT1G13510	0	0.0	0.0	0.0
AT1G13460	23	0.736821	5.448850	7.041530
AT1G18800	102	6.221882	43.437668	56.134350
AT5G46990	0	0.0	0.0	0.0
AT1G65150	13	0.750549	5.270753	6.811377
AT1G33240	167	4.018799	33.450859	43.228428
AT3G32190	0	0.0	0.0	0.0
AT4G15340	0	0.0	0.0	0.0
AT4G14290	0	0.000000	0.000000	0.000000
AT2G41740	87	1.772984	12.377975	15.996014
AT5G16960	0	0.000000	0.000000	0.000000
AT1G61810	0	0.000000	0.000000	0.000000
AT1G51950	71	3.155531	22.030136	28.469471
AT3G52960	413	28.423409	198.436188	256.438416
AT2G02750	10	0.303033	2.115605	2.733990
AT5G15340	0	0.0	0.0	0.0
AT3G06025	0	0.0	0.0	0.0
AT5G14290	0	0.0	0.0	0.0
AT3G22460	0	0.000000	0.000000	0.000000
AT1G21450	43	1.314887	9.179799	11.863023
AT3G22510	0	0.0	0.0	0.0
AT2G22940	0	0.0	0.0	0.0
AT4G16960	0	0.000000	0.000000	0.000000
AT3G08825	0	0.000000	0.000000	0.000000
AT3G30730	0	0.0	0.0	0.0
AT5G66760	143	4.490573	31.350645	40.514332
AT2G04630	55	4.547150	32.417500	41.893024
AT5G39980	22	0.743329	5.189503	6.706378
AT3G15240	0	0.0	0.0	0.0
AT1G34792	0	0.0	0.0	0.0
AT3G14390	112	4.399508	30.714882	39.692738
AT5G01645	0	0.000000	0.000000	0.000000
AT1G02475	90	6.528872	45.580898	58.904041
AT5G42655	0	0.0	0.0	0.0
AT2G42975	29	2.803461	19.572184	25.293064
AT2G43980	0	0.000000	0.000000	0.000000
AT1G04625	0	0.000000	0.000000	0.000000
AT5G61030	75	3.214898	27.736181	35.843376
AT4G05631	5	0.430272	3.003916	3.881951
AT3G54800	0	0.0	0.0	0.0
AT4G39980	226	8.677560	61.890415	79.980782
AT1G59530	0	0.0	0.0	0.0
AT2G09360	1	0.142023	0.991524	1.281344
AT2G10965	0	0.0	0.0	0.0
AT2G30580	38	1.250939	9.508966	12.288405
AT5G25220	49	1.890518	13.198529	17.056416
AT1G04105	0	0.000000	0.000000	0.000000
AT1G69610	8	0.245585	1.719597	2.222230
AT2G07810	0	0.0	0.0	0.0
AT5G41180	22	0.658324	4.888974	6.318004
AT4G25220	0	0.0	0.0	0.0
AT1G63830	82	4.230421	33.185940	42.886078
AT5G66055	60	2.540138	18.687565	24.149876
AT1G58120	0	0.0	0.0	0.0
AT1G21390	13	0.763296	5.328902	6.886522
AT1G71070	112	2.598660	18.142378	23.445333
AT1G55570	0	0.0	0.0	0.0
AT3G18790	29	1.605114	11.206000	14.481476
AT5G66500	4	0.169532	1.183577	1.529532
AT5G07025	1	0.007695	0.053722	0.069425
AT3G55512	0	0.0	0.0	0.0
AT1G03687	0	0.000000	0.000000	0.000000
AT2G26420	0	0.0	0.0	0.0
AT5G09845	0	0.000000	0.000000	0.000000
AT3G14450	5	0.286260	1.998506	2.582662
AT5G01190	0	0.000000	0.000000	0.000000
AT1G75166	9	7.709302	53.821995	69.553978
AT5G63010	0	0.000000	0.000000	0.000000
AT5G48335	28	0.625262	4.630584	5.984087
AT4G07025	0	0.0	0.0	0.0
AT4G09845	0	0.0	0.0	0.0
AT1G50110	19	0.991930	7.043515	9.102310
AT3G29790	0	0.0	0.0	0.0
AT2G05545	0	0.0	0.0	0.0
AT3G05915	0	0.0	0.0	0.0
AT2G17440	19	0.633779	4.424687	5.718009
AT4G01190	0	0.000000	0.000000	0.000000
AT2G37260	0	0.000000	0.000000	0.000000
AT5G09585	8	3.088889	21.564878	27.868221
AT3G50080	13	0.537143	3.750029	4.846150
AT3G47990	24	0.938393	6.557796	8.474616
AT3G61350	0	0.000000	0.000000	0.000000
AT3G42786	0	0.0	0.0	0.0
AT2G26150	0	0.000000	0.000000	0.000000
AT1G62360	13	0.432749	4.244581	5.485257
AT4G09585	0	0.0	0.0	0.0
AT1G19950	21	1.101846	7.692467	9.940948
AT1G76160	255	8.875546	61.964058	80.075935
AT2G05885	0	0.0	0.0	0.0
AT1G21600	237	10.993028	85.324150	110.264114
AT3G14120	0	0.000000	0.000000	0.000000
AT1G54790	0	0.000000	0.000000	0.000000
AT1G11530	27	3.269939	22.828869	29.501669
AT2G30840	3	0.136534	0.953203	1.231821
AT3G45670	0	0.0	0.0	0.0
AT3G07980	0	0.000000	0.000000	0.000000
AT3G48760	90	3.764027	26.278313	33.959373
AT1G58450	0	0.0	0.0	0.0
AT5G61250	0	0.000000	0.000000	0.000000
AT2G24780	0	0.0	0.0	0.0
AT1G28950	1	0.875000	6.108756	7.894325
AT1G69750	33	0.851997	7.391727	9.552304
AT2G44220	0	0.0	0.0	0.0
AT4G04570	86	2.199354	16.756926	21.654919
AT1G14790	16	0.298284	2.100470	2.714430
AT4G33740	40	1.358775	11.398191	14.729845
AT3G54120	3	0.162537	1.553914	2.008118
AT1G30330	95	1.856756	12.962823	16.751812
AT1G69810	0	0.0	0.0	0.0
AT1G73380	0	0.000000	0.000000	0.000000
AT1G59950	0	0.0	0.0	0.0
AT3G10080	26	1.840179	12.951157	16.736736
AT1G29450	28	2.445434	18.382778	23.755999
AT1G63630	0	0.000000	0.000000	0.000000
AT3G08105	0	0.0	0.0	0.0
AT3G25585	66	2.459674	18.298092	23.646561
AT5G36320	0	0.0	0.0	0.0
AT1G64990	50	1.841226	13.795903	17.828400
AT5G09645	0	0.000000	0.000000	0.000000
AT1G70949	0	0.0	0.0	0.0
AT2G07707	11	1.774109	12.385828	16.006163
AT1G66260	165	4.988901	67.461769	87.180611
AT1G18450	42	1.914585	13.366551	17.273550
AT1G75030	0	0.000000	0.000000	0.000000
AT4G31980	15	0.319509	5.380355	6.953014
AT2G01360	0	0.000000	0.000000	0.000000
AT1G51530	0	0.0	0.0	0.0
AT1G07728	6	0.174155	1.266195	1.636300
AT4G09645	0	0.0	0.0	0.0
AT3G58790	40	0.775893	8.312984	10.742841
AT1G61065	5	0.299264	2.658901	3.436088
AT1G15570	21	0.785784	5.485900	7.089410
AT4G05790	0	0.0	0.0	0.0
AT3G62500	12	0.303020	2.158353	2.789232
AT4G10925	19	1.093423	7.708560	9.961744
AT4G09320	623	110.668892	772.627747	998.464172
AT5G26667	134	6.463178	54.259636	70.119537
AT1G21800	0	0.0	0.0	0.0
AT2G05685	0	0.0	0.0	0.0
AT5G05790	12	0.616129	4.301465	5.558769
AT3G61897	0	0.0	0.0	0.0
AT5G09320	0	0.0	0.0	0.0
AT3G01516	0	0.0	0.0	0.0
AT3G09220	0	0.0	0.0	0.0
AT1G74440	69	2.258969	20.528347	26.528711
AT3G57960	0	0.0	0.0	0.0
AT2G16920	40	0.815755	5.711421	7.380851
AT3G04740	31	0.430387	3.004719	3.882988
AT1G10110	0	0.0	0.0	0.0
AT3G45870	0	0.000000	0.000000	0.000000
AT1G29120	54	1.467811	14.512820	18.754868
AT3G54450	0	0.000000	0.000000	0.000000
AT2G45695	25	3.587273	25.044315	32.364685
AT1G44760	0	0.000000	0.000000	0.000000
AT3G27460	14	0.622109	4.914184	6.350583
AT5G45780	0	0.000000	0.000000	0.000000
AT3G27510	0	0.0	0.0	0.0
AT2G27940	0	0.0	0.0	0.0
AT2G07750	0	0.000000	0.000000	0.000000
AT1G48360	12	0.275102	2.065025	2.668625
AT2G15010	0	0.0	0.0	0.0
AT3G29631	10	1.638393	11.438336	14.781722
AT5G01585	0	0.0	0.0	0.0
AT5G21482	26	0.996122	6.954361	8.987098
AT5G38480	587	27.882214	212.487564	274.596924
AT1G28530	27	0.975982	6.823208	8.817609
AT5G02025	0	0.0	0.0	0.0
AT3G49830	0	0.0	0.0	0.0
AT5G54290	76	4.862460	34.112545	44.083523
AT5G55340	3	0.158345	1.105475	1.428602
AT4G36190	0	0.000000	0.000000	0.000000
AT4G26460	0	0.0	0.0	0.0
AT4G26510	173	2.173634	23.741657	30.681261
AT3G12960	0	0.0	0.0	0.0
AT1G11950	13	0.172299	1.258851	1.626808
AT5G56960	0	0.0	0.0	0.0
AT3G08340	0	0.0	0.0	0.0
AT4G38480	5	0.178798	1.417985	1.832458
AT1G29600	0	0.000000	0.000000	0.000000
AT1G32720	0	0.0	0.0	0.0
AT5G36190	0	0.0	0.0	0.0
AT3G43610	66	1.259197	9.218225	11.912681
AT1G19530	0	0.0	0.0	0.0
AT4G23000	4	0.070321	0.532013	0.687519
AT1G75250	20	1.175241	17.957996	23.207060
AT5G53742	0	0.000000	0.000000	0.000000
AT2G02810	22	1.253898	8.754008	11.312775
AT2G25260	0	0.000000	0.000000	0.000000
AT5G08240	0	0.000000	0.000000	0.000000
AT4G34975	0	0.0	0.0	0.0
AT2G20465	0	0.0	0.0	0.0
AT3G54390	9	0.408836	3.033601	3.920313
AT3G55240	24	1.205826	14.969204	19.344650
AT2G20515	4	0.285994	1.996649	2.580262
AT5G23000	0	0.0	0.0	0.0
AT1G04003	0	0.0	0.0	0.0
AT4G08240	25	1.824376	18.232353	23.561609
AT2G45140	48	2.959969	20.664833	26.705093
AT1G18600	19	0.843047	6.443384	8.326762
AT5G03452	0	0.0	0.0	0.0
AT1G61750	0	0.0	0.0	0.0
AT2G34655	11	0.828396	5.783394	7.473859
AT3G62760	0	0.0	0.0	0.0
AT2G25735	31	1.915214	13.370943	17.279224
AT3G03975	0	0.000000	0.000000	0.000000
AT3G02980	0	0.000000	0.000000	0.000000
AT1G61610	0	0.000000	0.000000	0.000000
AT5G49180	0	0.0	0.0	0.0
AT1G56000	59	2.552173	18.238483	23.569530
AT1G56555	0	0.000000	0.000000	0.000000
AT5G65070	0	0.000000	0.000000	0.000000
AT4G01671	0	0.0	0.0	0.0
AT2G33180	84	5.986571	41.794861	54.011356
AT5G11565	0	0.0	0.0	0.0
AT1G79070	10	0.513361	4.348506	5.619559
AT1G29390	129	7.719338	64.934319	83.914398
AT5G37220	0	0.0	0.0	0.0
AT1G53460	16	0.819618	5.722110	7.394664
AT1G53510	116	3.029219	23.717855	30.650505
AT3G43750	0	0.0	0.0	0.0
AT3G42990	0	0.0	0.0	0.0
AT3G22723	0	0.0	0.0	0.0
AT5G01845	0	0.0	0.0	0.0
AT5G09190	0	0.0	0.0	0.0
AT2G32260	46	1.805830	12.784140	16.520901
AT2G04830	0	0.0	0.0	0.0
AT4G37220	0	0.0	0.0	0.0
AT1G05983	0	0.0	0.0	0.0
AT3G54600	148	5.948537	46.981236	60.713692
AT1G18390	0	0.000000	0.000000	0.000000
AT3G21790	51	2.358840	16.468090	21.281656
AT1G23960	49	2.585284	19.767950	25.546053
AT2G16016	0	0.0	0.0	0.0
AT4G09190	0	0.0	0.0	0.0
AT1G67360	27	1.563841	11.766533	15.205850
AT4G04090	0	0.0	0.0	0.0
AT1G06257	1	0.045561	0.318081	0.411055
AT1G34795	0	0.0	0.0	0.0
AT2G35660	16	0.760421	5.813763	7.513105
ATCG00310	1	0.253521	1.769940	2.287288
AT1G09930	0	0.0	0.0	0.0
AT1G05413	0	0.0	0.0	0.0
AT2G38770	72	1.152183	8.043892	10.395094
AT1G07497	0	0.000000	0.000000	0.000000
AT1G05563	0	0.000000	0.000000	0.000000
AT3G12840	0	0.0	0.0	0.0
AT1G23580	0	0.0	0.0	0.0
AT5G56840	4	0.259325	1.810461	2.339652
AT5G04090	31	1.047040	8.277057	10.696413
AT4G33430	66	1.808414	12.871484	16.633776
AT2G09925	0	0.0	0.0	0.0
AT5G47370	36	2.002108	13.977590	18.063190
AT2G24255	0	0.0	0.0	0.0
AT2G29310	109	5.997193	49.573990	64.064293
AT1G42540	39	0.484609	6.504485	8.405724
AT1G74170	16	0.301576	2.361952	3.052343
AT3G20865	3	0.483660	3.376641	4.363622
AT3G05040	13	0.239115	1.738587	2.246770
AT2G18310	0	0.0	0.0	0.0
AT5G44080	21	0.775048	5.410948	6.992549
AT1G72710	205	6.567578	49.430134	63.878395
AT3G60000	0	0.0	0.0	0.0
AT4G31700	850	54.125797	405.651276	524.221741
AT5G58040	57	1.020663	7.367118	9.520501
AT3G02410	0	0.000000	0.000000	0.000000
AT1G01550	260	12.228504	90.885597	117.451149
AT4G11985	0	0.0	0.0	0.0
AT3G02560	409	26.395584	198.912064	257.053375
AT3G26100	43	1.102185	7.694833	9.944007
AT5G27620	33	1.171468	10.387015	13.423104
AT1G15090	0	0.000000	0.000000	0.000000
AT2G22660	20	0.488114	3.516982	4.544984
AT1G72650	18	0.524491	3.661700	4.732003
AT4G16640	0	0.0	0.0	0.0
AT1G06200	76	5.459046	38.111977	49.251980
AT4G30920	97	3.820119	26.669914	34.465439
AT1G09103	0	0.0	0.0	0.0
AT4G27620	28	1.093300	8.568302	11.072787
AT2G38130	48	3.504612	24.467224	31.618910
AT3G52640	57	1.503520	11.427808	14.768116
AT5G16640	2	0.070577	0.492729	0.636752
AT4G38910	12	0.662040	4.621990	5.972981
AT1G02890	59	1.105126	7.715366	9.970541
AT3G11020	0	0.000000	0.000000	0.000000
AT3G24514	0	0.000000	0.000000	0.000000
AT3G12580	0	0.000000	0.000000	0.000000
AT5G56580	9	0.454294	3.171624	4.098680
AT1G23840	9	0.524920	3.664695	4.735873
AT5G38910	0	0.0	0.0	0.0
AT3G04430	0	0.0	0.0	0.0
AT5G45900	15	0.492869	3.440933	4.446706
AT1G74730	435	38.773033	270.691437	349.813599
AT5G01965	0	0.0	0.0	0.0
AT4G16447	8	0.841429	5.874382	7.591444
AT5G40800	5	0.270703	1.889895	2.442306
AT5G62110	0	0.0	0.0	0.0
AT1G07300	6	0.128174	2.703533	3.493767
AT4G16195	0	0.000000	0.000000	0.000000
AT5G21040	33	1.180099	8.420777	10.882142
AT5G64770	368	42.829445	299.011017	386.410919
AT4G06744	1	0.037981	0.265162	0.342668
AT1G24020	248	15.766161	139.863541	180.745178
AT1G06037	0	0.0	0.0	0.0
AT3G57580	6	0.232398	1.622472	2.096715
AT2G11522	0	0.0	0.0	0.0
AT1G68680	44	3.271281	22.838238	29.513777
AT4G21040	0	0.0	0.0	0.0
AT4G27100	18	0.650330	4.741331	6.127205
AT5G43520	0	0.0	0.0	0.0
AT4G14970	11	0.163810	1.204102	1.556057
AT3G17640	22	0.980447	6.844928	8.845676
AT2G39520	0	0.000000	0.000000	0.000000
AT3G26620	0	0.000000	0.000000	0.000000
AT5G27100	0	0.000000	0.000000	0.000000
AT5G14970	236	12.180233	88.822525	114.785034
AT4G35820	0	0.0	0.0	0.0
AT2G03270	12	0.428181	2.989318	3.863086
AT1G09623	0	0.000000	0.000000	0.000000
AT2G06520	4128	458.586121	3201.589600	4137.403320
AT2G14710	0	0.0	0.0	0.0
AT4G31410	33	1.397222	10.688202	13.812325
AT4G31560	88	9.014157	62.931759	81.326492
AT3G02700	30	2.148758	15.001416	19.386278
AT1G07690	0	0.0	0.0	0.0
AT1G07357	0	0.0	0.0	0.0
AT4G03805	0	0.000000	0.000000	0.000000
AT3G55515	1	0.064969	0.453577	0.586156
AT2G20240	16	0.487141	3.400944	4.395028
AT5G64130	132	8.769391	79.876282	103.223846
AT4G08515	0	0.0	0.0	0.0
AT1G36623	0	0.0	0.0	0.0
AT4G08465	0	0.0	0.0	0.0
AT5G46270	32	0.563107	3.941977	5.094203
AT2G37080	44	1.123345	8.471722	10.947976
AT2G12170	6	0.493656	3.446428	4.453806
AT5G65590	3	0.149866	1.046280	1.352104
AT5G03805	0	0.000000	0.000000	0.000000
AT2G40160	0	0.000000	0.000000	0.000000
AT1G79590	33	1.256802	12.320454	15.921680
AT5G08515	3	2.191011	15.296403	19.767488
AT5G08465	0	0.0	0.0	0.0
AT3G50260	0	0.0	0.0	0.0
AT4G00525	4	0.437037	3.051146	3.942985
AT5G50360	0	0.000000	0.000000	0.000000
AT5G22820	5	0.144265	1.007177	1.301571
AT1G47680	0	0.0	0.0	0.0
AT1G05970	20	1.132994	9.530701	12.316491
AT1G77850	23	0.605867	5.419284	7.003322
AT2G27860	322	14.848730	103.665459	133.966507
AT3G46370	7	0.176074	1.229249	1.588555
AT1G05703	0	0.000000	0.000000	0.000000
AT5G66052	27	2.650814	18.506487	23.915871
AT4G22820	18	0.967338	7.830909	10.119857
AT2G45470	458	19.836403	138.486572	178.965714
AT3G57840	0	0.0	0.0	0.0
AT2G34370	0	0.0	0.0	0.0
AT3G59020	175	3.114017	23.666201	30.583752
AT5G20830	26	0.551261	4.108847	5.309849
AT5G59470	18	1.636136	11.422579	14.761359
AT2G11773	0	0.0	0.0	0.0
AT4G13620	0	0.0	0.0	0.0
AT2G44550	0	0.0	0.0	0.0
AT4G29970	0	0.0	0.0	0.0
AT4G31690	0	0.0	0.0	0.0
ATCG00650	363	94.679741	661.000549	854.208740
AT1G07560	0	0.000000	0.000000	0.000000
AT1G74330	9	0.189250	1.486501	1.921000
AT1G07410	0	0.000000	0.000000	0.000000
AT5G13620	0	0.000000	0.000000	0.000000
AT4G20830	75	2.687028	21.945829	28.360519
AT2G47910	58	3.754560	28.608633	36.970837
AT3G47540	18	1.034610	7.425372	9.595782
AT1G79660	16	1.524060	10.640127	13.750199
AT1G28020	0	0.0	0.0	0.0
AT5G02535	0	0.000000	0.000000	0.000000
AT2G29650	205	7.087134	51.930912	67.110146
AT1G64680	798	47.984211	356.438599	460.624390
AT1G32582	0	0.000000	0.000000	0.000000
AT5G65660	42	2.289694	15.985352	20.657816
AT1G26820	14	0.989314	6.906832	8.925675
AT4G18970	159	5.816186	49.555729	64.040695
AT1G04837	7	0.442076	3.086325	3.988447
AT3G02145	0	0.0	0.0	0.0
AT5G47130	6	0.364609	2.734551	3.533852
AT5G18970	57	3.757426	26.232227	33.899818
AT1G19020	12	1.363409	9.518553	12.300793
AT1G20010	478	18.945410	132.266159	170.927109
AT2G18650	8	0.337955	2.359411	3.049059
AT5G49945	32	1.370068	9.565042	12.360870
AT1G17840	202	5.022295	35.062832	45.311573
AT2G18710	206	8.031281	56.428410	72.922241
AT5G53820	0	0.0	0.0	0.0
AT1G66110	0	0.0	0.0	0.0
AT3G20180	0	0.000000	0.000000	0.000000
AT1G72310	20	0.820308	5.726928	7.400889
AT4G31300	146	9.944445	73.443947	94.911362
AT5G07955	0	0.0	0.0	0.0
AT4G04515	1	0.039184	0.273561	0.353521
AT4G04465	1	0.629310	4.393487	5.677689
AT2G07675	1	0.195767	1.366735	1.766227
AT4G27745	9	0.396537	3.508604	4.534157
AT3G07890	37	1.254717	9.095136	11.753613
AT3G01930	0	0.000000	0.000000	0.000000
AT5G04515	0	0.0	0.0	0.0
AT5G04465	0	0.0	0.0	0.0
AT1G17580	53	0.809413	5.650865	7.302593
AT4G07955	0	0.0	0.0	0.0
AT3G09550	0	0.000000	0.000000	0.000000
AT2G05995	11	1.289833	9.004886	11.636984
AT3G09005	0	0.000000	0.000000	0.000000
AT1G30440	62	1.654392	11.550032	14.926066
AT5G47770	108	5.349751	37.348942	48.265911
AT5G50500	0	0.0	0.0	0.0
AT2G29710	1	0.041220	0.287775	0.371890
AT4G13345	23	0.578294	5.006276	6.469593
ATCG00710	1	0.353880	2.470591	3.192736
AT2G38370	23	0.771657	5.871192	7.587321
AT1G73900	0	0.0	0.0	0.0
AT2G22590	0	0.0	0.0	0.0
AT1G05303	0	0.000000	0.000000	0.000000
AT3G55090	5	0.133798	0.934102	1.207137
AT5G46880	15	0.331536	2.492149	3.220596
AT4G11470	0	0.0	0.0	0.0
AT5G02200	0	0.000000	0.000000	0.000000
AT3G23325	43	5.732993	40.024521	51.723553
AT2G34770	78	3.097415	23.056870	29.796312
ATCG00400	0	0.000000	0.000000	0.000000
AT3G62528	0	0.0	0.0	0.0
AT3G03910	8	0.403712	2.878851	3.720329
AT5G50760	0	0.0	0.0	0.0
AT5G08090	0	0.0	0.0	0.0
AT2G29400	75	3.059763	22.719309	29.360086
AT1G78265	0	0.000000	0.000000	0.000000
AT5G65015	0	0.0	0.0	0.0
AT1G12640	41	1.663223	11.611685	15.005740
AT5G11470	0	0.000000	0.000000	0.000000
AT4G02200	25	1.554306	10.851288	14.023082
AT3G46770	0	0.0	0.0	0.0
AT2G32110	0	0.0	0.0	0.0
AT1G75520	0	0.000000	0.000000	0.000000
AT1G51020	0	0.0	0.0	0.0
AT1G78170	33	2.176325	15.193874	19.634991
AT5G06890	0	0.0	0.0	0.0
AT4G32930	31	3.354363	24.218901	31.298002
AT1G52580	0	0.000000	0.000000	0.000000
AT4G06890	0	0.0	0.0	0.0
AT3G02300	43	1.403582	11.624230	15.021953
AT1G07757	0	0.000000	0.000000	0.000000
AT3G06955	0	0.000000	0.000000	0.000000
AT5G54040	0	0.0	0.0	0.0
AT2G18400	42	5.172899	36.114262	46.670338
AT4G39890	3	0.202403	1.413064	1.826097
AT1G05693	0	0.0	0.0	0.0
AT3G46130	29	1.654718	11.552308	14.929008
AT1G07617	0	0.0	0.0	0.0
AT5G67080	2	0.109281	0.762938	0.985943
AT2G43890	0	0.000000	0.000000	0.000000
AT1G46264	11	0.507237	3.541243	4.576336
AT5G39890	0	0.0	0.0	0.0
AT2G25110	81	4.352304	30.385332	39.266857
AT1G56225	0	0.000000	0.000000	0.000000
AT1G71860	61	3.132772	21.871246	28.264137
AT5G06043	0	0.0	0.0	0.0
AT2G21850	0	0.000000	0.000000	0.000000
AT4G34910	36	1.188250	8.295691	10.720493
AT5G64370	48	2.460993	17.181265	22.203289
AT5G37550	1	0.064889	0.453018	0.585434
AT5G55430	0	0.0	0.0	0.0
AT4G25930	0	0.0	0.0	0.0
AT5G13100	54	2.540072	17.733349	22.916746
AT5G46540	0	0.0	0.0	0.0
AT1G07973	0	0.0	0.0	0.0
AT2G03880	1	0.033759	0.235686	0.304577
AT4G37550	74	2.364772	19.077820	24.654202
AT3G08430	0	0.0	0.0	0.0
AT3G02690	81	4.162374	29.059347	37.553295
AT1G07700	87	4.265381	31.566088	40.792747
AT5G25930	16	0.373684	2.608851	3.371409
AT4G13100	23	1.054787	9.313676	12.036031
AT3G23640	36	0.762070	5.320343	6.875461
AT2G35384	2	1.810127	12.637285	16.331121
AT2G20570	200	7.593261	66.367195	85.766098
AT1G78730	0	0.000000	0.000000	0.000000
AT1G06527	0	0.0	0.0	0.0
AT4G33625	120	6.092320	48.620274	62.831814
AT5G45380	21	0.589351	4.114516	5.317175
AT3G49601	71	2.633053	18.382492	23.755629
AT1G35510	32	0.797753	7.358580	9.509467
AT1G35460	43	1.754441	15.290565	19.759947
AT1G43810	0	0.0	0.0	0.0
AT1G24530	24	0.887283	6.194510	8.005143
AT1G48500	0	0.0	0.0	0.0
AT1G61490	7	0.129269	1.221332	1.578324
AT5G58290	170	3.171824	22.216791	28.710686
AT3G29800	0	0.0	0.0	0.0
AT3G16555	0	0.0	0.0	0.0
AT5G52000	0	0.0	0.0	0.0
AT3G16000	328	9.699106	67.713684	87.506165
AT3G04340	137	2.349257	16.401186	21.195198
AT4G34480	94	1.805261	25.881132	33.446098
AT1G49630	58	1.054899	7.787065	10.063198
AT1G25988	0	0.0	0.0	0.0
AT3G05290	18	0.940860	6.568553	8.488520
AT3G29644	18	0.919026	6.754043	8.728228
AT3G18800	10	0.832383	5.811228	7.509830
AT3G13460	282	7.291041	50.934906	65.823006
AT5G04240	22	0.325352	2.303448	2.976738
AT5G05390	0	0.0	0.0	0.0
AT1G30170	0	0.000000	0.000000	0.000000
AT3G13510	48	1.784314	13.137890	16.978048
AT5G05657	0	0.0	0.0	0.0
AT2G39030	2	0.133212	0.930011	1.201850
AT5G09720	0	0.0	0.0	0.0
AT5G43030	0	0.0	0.0	0.0
AT3G21120	0	0.0	0.0	0.0
AT3G58390	0	0.0	0.0	0.0
AT1G08003	0	0.000000	0.000000	0.000000
AT2G39782	0	0.0	0.0	0.0
AT4G05390	42	1.742192	12.807081	16.550547
AT1G14600	6	0.357374	2.494984	3.224259
AT3G45280	0	0.000000	0.000000	0.000000
AT4G09720	79	3.823636	31.506353	40.715553
AT1G01220	42	0.830684	5.951032	7.690498
AT5G59140	35	2.443954	25.503422	32.957985
AT1G71940	17	0.940698	6.688955	8.644114
AT3G21450	0	0.0	0.0	0.0
AT1G22510	56	1.537341	42.638489	55.101574
AT1G22460	0	0.000000	0.000000	0.000000
AT4G36720	24	0.630540	4.402075	5.688786
AT2G01760	21	0.997528	7.418062	9.586336
AT4G27435	19	0.888687	8.191479	10.585820
AT3G51950	353	8.642222	66.445763	85.867630
AT3G61810	0	0.000000	0.000000	0.000000
AT3G43490	0	0.0	0.0	0.0
AT1G32190	12	0.545191	3.806216	4.918760
AT5G36720	0	0.0	0.0	0.0
AT3G59530	0	0.000000	0.000000	0.000000
AT5G33340	0	0.0	0.0	0.0
AT5G05600	23	0.589372	5.420464	7.004847
AT3G04625	0	0.0	0.0	0.0
AT2G08830	0	0.0	0.0	0.0
AT5G60640	140	3.554087	36.214760	46.800209
AT3G02475	0	0.000000	0.000000	0.000000
AT3G58600	29	0.925542	6.836438	8.834705
AT1G14390	0	0.000000	0.000000	0.000000
AT1G67500	21	0.241644	1.745087	2.255170
AT1G15240	39	0.721630	5.175422	6.688180
AT3G03480	0	0.000000	0.000000	0.000000
AT1G30730	1	0.037513	0.261895	0.338445
AT1G73780	0	0.000000	0.000000	0.000000
AT2G05753	0	0.000000	0.000000	0.000000
AT4G05120	18	0.683276	5.246493	6.780025
AT2G22070	1	0.025436	0.177580	0.229486
AT1G80630	7	0.261663	1.826783	2.360746
AT4G08570	0	0.0	0.0	0.0
AT1G18790	0	0.0	0.0	0.0
AT3G55570	0	0.0	0.0	0.0
AT3G58120	74	2.853790	21.503031	27.788294
AT3G21390	0	0.000000	0.000000	0.000000
AT2G14775	1	0.018196	0.127034	0.164166
AT1G67760	0	0.000000	0.000000	0.000000
AT5G05120	0	0.0	0.0	0.0
AT5G08570	130	4.656286	35.475861	45.845329
AT5G46873	0	0.0	0.0	0.0
AT1G25320	14	0.435785	3.042405	3.931690
AT1G17960	0	0.000000	0.000000	0.000000
AT3G50110	0	0.000000	0.000000	0.000000
AT1G29790	38	1.468127	10.823738	13.987480
AT5G43250	5	0.419954	2.931882	3.788861
AT1G68990	38	0.804418	5.648093	7.299012
AT2G40210	0	0.0	0.0	0.0
AT2G01500	0	0.0	0.0	0.0
AT2G34315	0	0.0	0.0	0.0
AT4G00238	31	1.734096	12.106480	15.645163
AT2G39250	53	2.495221	18.911455	24.439205
AT1G14450	129	15.229630	114.100410	147.451584
AT3G54790	38	1.003313	7.066386	9.131866
AT1G14120	0	0.000000	0.000000	0.000000
AT3G21600	0	0.000000	0.000000	0.000000
AT5G59305	0	0.000000	0.000000	0.000000
AT4G11140	3	0.124929	0.872184	1.127120
AT3G19950	32	0.992038	11.826510	15.283359
AT3G62360	123	2.330007	16.622227	21.480846
AT1G61350	19	0.632302	4.414376	5.704683
AT5G63180	140	5.347348	44.725948	57.799187
AT2G35070	0	0.000000	0.000000	0.000000
AT1G50732	56	4.152133	28.987848	37.460899
AT1G41830	141	5.301370	37.011177	47.829414
AT1G50080	0	0.0	0.0	0.0
AT1G47990	0	0.0	0.0	0.0
AT5G11140	0	0.0	0.0	0.0
AT4G26095	11	0.243579	1.700531	2.197591
AT4G34071	0	0.000000	0.000000	0.000000
AT5G17000	14	0.615942	4.300159	5.557081
AT1G78440	0	0.000000	0.000000	0.000000
AT5G05450	50	1.705704	11.908262	15.389008
AT3G28950	30	2.580574	18.016111	23.282160
AT1G67235	0	0.0	0.0	0.0
AT5G41010	53	6.043478	42.192154	54.524776
AT3G08740	300	23.463726	163.810486	211.691742
AT2G47480	3	0.251079	1.752892	2.265256
AT3G41979	256	124.425255	868.666931	1122.575317
AT1G32320	0	0.0	0.0	0.0
AT4G17000	16	0.513591	3.780224	4.885170
AT5G62260	0	0.000000	0.000000	0.000000
AT3G58450	0	0.0	0.0	0.0
AT1G48760	51	1.169817	8.167002	10.554189
AT4G05450	0	0.000000	0.000000	0.000000
AT1G07980	14	0.766388	5.816981	7.517265
AT5G55740	70	2.026287	14.146393	18.281336
AT3G11530	35	1.531541	10.926100	14.119762
AT1G77530	0	0.000000	0.000000	0.000000
AT1G04360	6	0.248998	1.738364	2.246481
AT5G05380	12	0.739130	6.346592	8.201680
AT3G22183	0	0.000000	0.000000	0.000000
AT2G36340	38	0.939204	6.758190	8.733586
AT5G24275	0	0.0	0.0	0.0
AT5G51545	80	6.963934	48.618256	62.829208
AT1G08500	0	0.000000	0.000000	0.000000
AT2G47350	19	0.575984	4.027541	5.204778
AT1G03810	0	0.0	0.0	0.0
AT2G09625	0	0.0	0.0	0.0
AT4G05380	0	0.0	0.0	0.0
AT2G35960	74	5.122057	35.759312	46.211636
AT3G58380	0	0.000000	0.000000	0.000000
AT1G44414	1	0.112121	0.782766	1.011565
AT2G43386	0	0.0	0.0	0.0
AT4G24275	28	2.451111	17.112274	22.114134
AT1G09630	53	3.807868	26.584385	34.354912
AT3G45290	10	0.450664	3.146282	4.065929
AT5G38750	0	0.0	0.0	0.0
AT3G44340	129	2.515411	17.956505	23.205130
AT5G45390	501	29.902092	208.759537	269.779236
AT4G24160	21	0.715995	6.285240	8.122395
AT5G44240	34	0.692722	4.996243	6.456628
AT2G07687	9	0.689880	4.816353	6.224156
AT2G31953	0	0.000000	0.000000	0.000000
AT4G03030	27	1.122481	7.836529	10.127120
AT5G49720	335	10.541235	73.592957	95.103920
AT5G58280	0	0.000000	0.000000	0.000000
AT1G61480	0	0.0	0.0	0.0
AT3G51135	0	0.000000	0.000000	0.000000
AT5G24160	34	1.159211	9.085145	11.740702
AT5G08141	0	0.0	0.0	0.0
AT1G05477	0	0.0	0.0	0.0
AT1G25180	1	0.000580	0.004049	0.005233
AT4G26288	2	0.202863	1.416275	1.830247
AT5G57150	29	0.568307	7.499277	9.691290
AT5G03030	59	4.710769	44.438057	57.427155
AT2G33720	0	0.0	0.0	0.0
AT3G05280	81	1.385325	28.610682	36.973488
AT4G34490	91	3.484104	24.548725	31.724234
AT1G13440	2597	116.124649	810.716736	1047.686523
AT4G15360	0	0.0	0.0	0.0
AT5G57420	0	0.0	0.0	0.0
AT1G33260	8	0.316157	2.207230	2.852396
AT2G05705	0	0.0	0.0	0.0
AT4G27920	0	0.0	0.0	0.0
AT1G08557	0	0.000000	0.000000	0.000000
AT3G52940	44	2.168927	15.179658	19.616621
AT5G16940	8	0.790753	5.609514	7.249156
AT3G25010	9	0.240278	1.785209	2.307019
AT2G41760	12	0.470142	3.282266	4.241662
AT1G14380	44	1.196919	9.463580	12.229753
AT5G15360	0	0.000000	0.000000	0.000000
AT5G07315	0	0.0	0.0	0.0
AT3G03490	22	1.438941	10.045875	12.982248
AT5G27920	12	0.352024	2.457633	3.175991
AT4G16940	0	0.000000	0.000000	0.000000
AT1G73790	0	0.000000	0.000000	0.000000
AT1G72950	0	0.000000	0.000000	0.000000
AT4G30620	125	10.829615	76.017761	98.237495
AT3G22440	141	3.430899	24.285894	31.384579
AT5G63320	103	1.799605	13.937375	18.011223
AT2G46030	26	1.063147	10.242764	13.236690
AT2G22960	0	0.0	0.0	0.0
AT5G45600	45	2.629766	19.702917	25.462013
AT3G63220	48	1.892566	17.366608	22.442808
AT5G66740	0	0.000000	0.000000	0.000000
AT5G38610	10	0.997048	6.960826	8.995452
AT2G24800	0	0.0	0.0	0.0
AT5G01665	0	0.0	0.0	0.0
AT3G15260	48	1.556065	15.439529	19.952450
AT3G07215	36	1.635690	12.693116	16.403271
AT3G43480	0	0.0	0.0	0.0
AT1G17070	7	0.202946	1.416855	1.830996
AT2G09340	0	0.000000	0.000000	0.000000
AT1G32180	0	0.0	0.0	0.0
AT2G08220	0	0.0	0.0	0.0
AT1G68980	10	0.359188	2.507648	3.240625
AT4G06215	0	0.000000	0.000000	0.000000
AT1G29780	0	0.000000	0.000000	0.000000
AT4G21280	3013	241.710129	1692.576782	2187.311035
AT1G52070	0	0.0	0.0	0.0
AT3G03350	0	0.000000	0.000000	0.000000
AT5G48570	0	0.000000	0.000000	0.000000
AT5G45120	0	0.0	0.0	0.0
AT5G26262	0	0.0	0.0	0.0
AT5G21280	0	0.000000	0.000000	0.000000
AT3G26920	23	0.829567	5.891424	7.613467
AT1G18780	0	0.0	0.0	0.0
AT5G09865	0	0.000000	0.000000	0.000000
AT3G21380	0	0.0	0.0	0.0
AT4G12420	225	6.779789	54.574684	70.526680
AT3G06315	0	0.0	0.0	0.0
AT5G14670	0	0.000000	0.000000	0.000000
AT5G03250	0	0.000000	0.000000	0.000000
AT1G09923	0	0.000000	0.000000	0.000000
AT4G30100	82	1.105085	8.478109	10.956231
AT4G09865	0	0.0	0.0	0.0
AT2G41500	18	0.653056	4.782807	6.180805
AT3G56420	0	0.0	0.0	0.0
AT5G12420	24	0.983564	6.866689	8.873798
AT4G03250	9	0.322628	2.295978	2.967084
AT3G17940	17	0.914424	6.383992	8.250011
AT2G17510	55	1.318460	9.856251	12.737200
AT2G05415	0	0.000000	0.000000	0.000000
AT1G55335	0	0.000000	0.000000	0.000000
AT4G14670	0	0.0	0.0	0.0
AT2G05565	0	0.0	0.0	0.0
AT3G56150	329	7.855735	55.223686	71.365379
AT5G12150	222	5.551648	39.680405	51.278854
AT2G37240	50	2.908021	22.129896	28.598387
AT2G46250	5	0.173975	1.313020	1.696811
AT3G02673	0	0.0	0.0	0.0
AT1G21864	0	0.0	0.0	0.0
AT2G25409	0	0.0	0.0	0.0
AT2G47490	46	1.609175	12.321375	15.922872
AT1G09437	0	0.000000	0.000000	0.000000
AT4G12150	0	0.0	0.0	0.0
AT1G76140	64	1.861635	13.247400	17.119570
AT1G07990	36	0.863568	6.028944	7.791184
AT1G62340	0	0.0	0.0	0.0
AT1G01830	15	0.433802	3.253565	4.204572
AT2G20080	0	0.0	0.0	0.0
AT5G28885	0	0.0	0.0	0.0
AT5G45450	0	0.0	0.0	0.0
AT4G00416	0	0.0	0.0	0.0
AT3G54780	5	0.168442	1.259961	1.628243
AT2G30860	1598	103.626106	724.257385	935.955322
AT5G63190	46	1.405963	9.845752	12.723631
AT3G48740	298	17.152847	119.751495	154.754456
AT5G01010	67	2.417547	19.975374	25.814108
AT5G67570	15	0.440436	3.171415	4.098409
AT1G08760	11	0.263901	2.117344	2.736236
AT1G50090	0	0.0	0.0	0.0
AT4G38065	0	0.0	0.0	0.0
AT1G47980	0	0.0	0.0	0.0
AT1G79529	0	0.000000	0.000000	0.000000
AT2G09105	0	0.0	0.0	0.0
AT5G54870	49	2.010336	14.323728	18.510504
AT4G34350	367	13.450504	115.046700	148.674454
AT1G05670	14	0.321439	2.344213	3.029418
AT4G01010	13	0.366358	2.659103	3.436350
AT2G04005	0	0.0	0.0	0.0
AT1G11400	7	0.242280	2.210141	2.856158
AT3G10240	0	0.0	0.0	0.0
AT1G27330	132	11.575055	80.810509	104.431137
AT2G04550	36	1.973739	13.779532	17.807241
AT3G24710	0	0.0	0.0	0.0
AT1G47410	0	0.000000	0.000000	0.000000
AT1G47560	11	0.257668	1.809874	2.338895
AT1G63930	0	0.0	0.0	0.0
AT5G61605	0	0.0	0.0	0.0
AT1G02270	35	1.520241	10.918072	14.109386
AT2G07910	0	0.0	0.0	0.0
AT3G07540	29	0.763992	5.333761	6.892801
AT5G18755	0	0.0	0.0	0.0
AT1G59650	25	0.913603	6.378261	8.242604
AT3G22170	100	2.060354	16.554787	21.393692
AT4G07130	0	0.000000	0.000000	0.000000
AT1G13730	61	2.132418	17.133343	22.141361
AT3G17860	26	0.718443	6.165697	7.967909
AT3G05815	0	0.0	0.0	0.0
AT5G14495	0	0.0	0.0	0.0
AT3G01155	0	0.000000	0.000000	0.000000
AT4G09945	0	0.000000	0.000000	0.000000
AT4G10340	6552	377.311005	2634.172607	3404.132080
AT4G31680	0	0.0	0.0	0.0
AT5G53050	77	2.912884	23.808134	30.767170
AT5G07130	9	0.280171	2.121554	2.741677
AT4G14147	24	1.378733	14.059424	18.168947
AT5G36662	0	0.0	0.0	0.0
AT1G64690	8	0.345273	2.616370	3.381126
AT5G09945	0	0.0	0.0	0.0
AT5G10340	0	0.000000	0.000000	0.000000
AT3G22730	0	0.0	0.0	0.0
AT1G19850	32	0.687766	4.801594	6.205084
AT5G10625	0	0.0	0.0	0.0
AT3G51310	73	1.918501	13.713871	17.722389
AT3G47890	54	0.814492	5.710151	7.379209
AT3G01425	0	0.0	0.0	0.0
AT4G36945	0	0.000000	0.000000	0.000000
AT1G60420	56	2.072437	14.468586	18.697704
AT1G59710	61	2.650334	22.750957	29.400982
AT3G20190	0	0.000000	0.000000	0.000000
AT3G49550	33	1.318065	9.278391	11.990433
AT1G28850	0	0.000000	0.000000	0.000000
AT1G16635	6	0.501956	3.504374	4.528690
AT5G07770	23	0.511522	4.557963	5.890240
AT1G68560	494	11.682948	82.000702	105.969231
AT5G51210	0	0.0	0.0	0.0
AT1G68410	34	0.536804	7.024009	9.077103
AT1G05147	0	0.000000	0.000000	0.000000
AT3G24650	0	0.0	0.0	0.0
AT3G57660	93	1.308196	9.196583	11.884712
AT1G16489	5	0.222084	1.724882	2.229060
AT3G07880	73	4.124646	28.795952	37.212910
AT1G64300	8	0.132927	0.987531	1.276183
AT1G17590	11	0.359571	2.914365	3.766224
AT2G16620	0	0.0	0.0	0.0
AT5G66430	0	0.0	0.0	0.0
AT3G30460	1	0.091250	0.660165	0.853128
AT1G13170	47	1.152932	8.255778	10.668914
AT2G30940	0	0.0	0.0	0.0
AT1G11650	373	17.187645	123.195244	159.204788
AT3G12660	0	0.000000	0.000000	0.000000
AT5G06880	0	0.0	0.0	0.0
AT5G56660	0	0.000000	0.000000	0.000000
AT4G39540	50	2.668892	21.570150	27.875032
AT2G35840	92	2.557775	23.705276	30.634247
AT1G34403	0	0.0	0.0	0.0
AT2G43540	1	0.000394	0.002751	0.003555
AT3G43910	0	0.0	0.0	0.0
AT1G68700	2	0.156309	1.091261	1.410233
AT1G52590	0	0.000000	0.000000	0.000000
AT5G42200	6	0.435821	3.042656	3.932014
AT1G29900	154	3.070626	21.437378	27.703451
AT4G06880	11	1.762994	12.308229	15.905883
AT1G76470	0	0.0	0.0	0.0
AT5G61455	4	0.339330	2.369010	3.061464
ATCG01260	1	0.604938	4.223336	5.457802
AT5G48090	0	0.0	0.0	0.0
AT3G53330	0	0.0	0.0	0.0
AT5G39540	0	0.0	0.0	0.0
AT3G06770	106	3.257143	25.662479	33.163536
AT3G55080	31	1.282909	9.703351	12.539607
AT1G18900	31	0.671321	5.381011	6.953863
AT5G46890	0	0.0	0.0	0.0
AT2G22580	0	0.0	0.0	0.0
AT5G53230	0	0.0	0.0	0.0
AT5G08080	47	2.120898	16.206434	20.943518
AT1G18773	0	0.000000	0.000000	0.000000
AT4G08593	0	0.0	0.0	0.0
AT4G16860	244	1.869889	14.161961	18.301455
AT1G31370	0	0.0	0.0	0.0
AT1G04227	0	0.000000	0.000000	0.000000
AT2G22840	85	3.203879	22.367676	28.905670
AT5G28210	0	0.000000	0.000000	0.000000
AT3G06130	26	0.940073	6.897526	8.913649
AT1G26230	62	2.090741	16.599453	21.451416
AT2G03890	73	1.869706	13.053232	16.868647
AT1G09747	0	0.0	0.0	0.0
AT1G51850	0	0.0	0.0	0.0
AT3G52860	21	2.575820	17.982922	23.239267
AT3G02680	0	0.000000	0.000000	0.000000
AT5G16860	7	0.190828	1.332253	1.721667
AT1G61910	0	0.0	0.0	0.0
AT4G28210	49	2.980015	20.804785	26.885950
AT2G24696	0	0.0	0.0	0.0
AT3G19310	0	0.000000	0.000000	0.000000
AT3G03675	1	0.038306	0.267431	0.345600
AT3G20320	73	3.493357	26.039721	33.651043
AT4G29060	1410	33.287651	232.496582	300.454529
AT1G55110	16	0.577315	4.030487	5.208585
AT1G23660	0	0.0	0.0	0.0
AT5G06540	4	0.147998	1.033239	1.335251
AT4G39880	64	5.153455	35.978512	46.494911
AT3G54900	208	15.000000	104.721542	135.331284
AT1G05683	0	0.0	0.0	0.0
AT5G18060	9	0.814815	5.688579	7.351331
AT2G35580	0	0.0	0.0	0.0
AT5G20220	0	0.000000	0.000000	0.000000
AT2G43880	0	0.0	0.0	0.0
AT5G19210	29	0.588401	7.606979	9.830473
AT2G07042	11	0.669065	5.148425	6.653292
AT5G34581	0	0.0	0.0	0.0
AT5G67090	1	0.030167	0.210609	0.272169
AT1G47700	0	0.0	0.0	0.0
AT1G50570	39	1.549722	13.387266	17.300318
AT3G48430	38	0.625938	4.391923	5.675668
AT4G18060	50	1.615133	11.275948	14.571868
AT5G39880	0	0.0	0.0	0.0
AT1G76892	0	0.000000	0.000000	0.000000
AT4G19210	194	6.567063	45.847530	59.248604
AT3G28310	0	0.0	0.0	0.0
AT4G20220	0	0.0	0.0	0.0
AT1G11710	7	0.191988	1.340352	1.732132
AT5G25425	0	0.0	0.0	0.0
AT3G08925	0	0.0	0.0	0.0
AT4G33666	43	6.915899	48.282902	62.395832
AT1G64700	0	0.0	0.0	0.0
AT1G49930	0	0.0	0.0	0.0
AT1G47497	0	0.000000	0.000000	0.000000
AT2G09430	0	0.000000	0.000000	0.000000
AT4G33925	0	0.000000	0.000000	0.000000
AT3G11850	12	0.374361	2.613577	3.377517
AT1G12860	90	2.662182	22.762356	29.415716
AT5G44090	44	1.125802	8.131104	10.507797
AT3G15110	107	8.225869	57.428379	74.214493
AT3G07165	0	0.0	0.0	0.0
AT4G22230	0	0.000000	0.000000	0.000000
AT5G07370	55	2.196902	15.746741	20.349459
AT3G07270	86	2.506011	17.623964	22.775389
AT1G14900	44	2.698748	18.841137	24.348335
AT1G02540	0	0.0	0.0	0.0
AT4G04080	0	0.0	0.0	0.0
AT3G45040	9	0.277754	2.148635	2.776673
AT1G23590	0	0.0	0.0	0.0
AT1G07487	0	0.000000	0.000000	0.000000
AT1G27170	0	0.000000	0.000000	0.000000
AT3G22330	49	1.659538	11.585958	14.972494
AT2G13640	0	0.000000	0.000000	0.000000
AT1G69295	33	1.333502	10.576352	13.667783
AT1G05060	30	0.278505	14.960219	19.333038
AT3G10570	6	0.213740	1.492212	1.928381
AT1G33110	28	1.074038	7.898440	10.207128
AT5G04080	24	2.610628	18.460941	23.857010
AT3G42560	0	0.0	0.0	0.0
AT3G51710	2	0.081930	0.571989	0.739179
AT5G35230	0	0.0	0.0	0.0
AT3G51650	21	0.243490	3.438560	4.443639
AT1G08227	0	0.0	0.0	0.0
AT1G52660	0	0.000000	0.000000	0.000000
AT1G02880	30	1.174937	10.105266	13.059000
AT5G24210	124	4.353853	41.589600	53.746098
AT3G12590	35	0.499700	3.773215	4.876112
AT3G25577	0	0.0	0.0	0.0
AT3G17185	59	4.952482	34.575436	44.681717
AT5G56590	20	0.686976	4.796079	6.197956
AT5G10740	0	0.000000	0.000000	0.000000
AT4G35230	56	2.140259	14.942081	19.309599
AT1G13330	0	0.000000	0.000000	0.000000
AT4G24210	27	1.777409	12.408866	16.035936
AT3G19400	25	1.277132	9.565000	12.360817
AT4G10740	0	0.0	0.0	0.0
AT4G05900	0	0.0	0.0	0.0
AT5G60940	29	1.150076	8.029181	10.376084
AT1G15080	9	0.496860	3.578677	4.624712
AT2G36430	32	1.394634	9.736547	12.582507
AT3G58900	16	0.641799	4.538659	5.865294
AT5G14060	194	6.244659	45.199909	58.411690
AT5G22765	0	0.000000	0.000000	0.000000
AT2G30766	112	3.077639	31.308996	40.460506
AT3G31402	0	0.0	0.0	0.0
AT5G05900	0	0.0	0.0	0.0
AT3G44430	86	4.560241	31.837030	41.142883
AT1G27730	9	0.509593	3.557691	4.597591
AT4G14060	0	0.0	0.0	0.0
AT1G09155	0	0.0	0.0	0.0
AT3G23860	0	0.000000	0.000000	0.000000
AT3G24310	0	0.0	0.0	0.0
AT3G29255	0	0.0	0.0	0.0
AT3G56408	48	0.634721	4.805776	6.210488
AT3G04925	0	0.0	0.0	0.0
AT2G08005	0	0.0	0.0	0.0
AT1G47300	0	0.0	0.0	0.0
AT4G22505	55	2.352916	16.426731	21.228209
AT2G08550	0	0.0	0.0	0.0
AT4G22050	0	0.0	0.0	0.0
AT5G00800	0	0.0	0.0	0.0
AT3G28710	128	6.619171	46.211319	59.718727
AT4G26701	0	0.0	0.0	0.0
AT1G11310	202	5.935770	45.193836	58.403839
AT3G59850	0	0.0	0.0	0.0
AT5G65840	76	4.755344	33.199127	42.903122
AT5G22505	0	0.000000	0.000000	0.000000
AT5G22050	54	2.076858	15.883276	20.525904
AT4G00800	45	0.571611	3.990665	5.157123
AT1G80930	115	2.600625	18.747625	24.227493
AT1G77020	11	0.481459	3.361275	4.343764
AT1G79840	0	0.000000	0.000000	0.000000
AT5G39270	0	0.0	0.0	0.0
AT5G01075	32	4.348432	30.358297	39.231926
AT3G19710	214	11.792557	82.328979	106.393456
AT3G20720	25	0.331317	2.324392	3.003804
AT1G24807	0	0.000000	0.000000	0.000000
AT5G03520	155	9.399696	65.823441	85.063408
AT1G31770	51	1.411002	10.490389	13.556694
AT4G39270	23	0.478816	3.644735	4.710079
AT1G17660	0	0.0	0.0	0.0
AT1G05615	0	0.0	0.0	0.0
AT2G06805	0	0.0	0.0	0.0
AT1G68690	0	0.000000	0.000000	0.000000
AT1G62430	104	3.833333	27.942665	36.110210
AT3G53170	21	0.429770	5.508541	7.118669
AT2G43270	0	0.0	0.0	0.0
AT4G03520	651	41.609112	332.788177	430.061005
AT3G57590	10	0.465278	3.248308	4.197778
AT2G39805	27	1.464507	10.245543	13.240280
AT1G47690	0	0.0	0.0	0.0
AT3G51400	15	1.016544	7.096937	9.171347
AT2G46520	94	1.929788	13.472692	17.410713
AT1G50240	44	0.739555	5.163156	6.672328
AT4G35050	0	0.000000	0.000000	0.000000
AT3G18035	233	4.657100	52.518627	67.869637
AT3G21900	0	0.0	0.0	0.0
AT5G06270	42	2.005491	14.001207	18.093712
AT5G48465	0	0.0	0.0	0.0
AT5G48515	0	0.0	0.0	0.0
AT5G35050	0	0.0	0.0	0.0
AT1G61224	0	0.0	0.0	0.0
AT3G19650	0	0.000000	0.000000	0.000000
AT3G29035	0	0.0	0.0	0.0
AT1G57860	16	1.626789	11.357323	14.677030
AT2G07661	0	0.0	0.0	0.0
AT1G07680	0	0.0	0.0	0.0
AT3G53730	139	9.825818	68.598312	88.649368
AT3G06370	9	0.225367	1.624336	2.099123
AT1G31130	115	6.095143	42.552849	54.990902
AT5G06165	12	0.978790	6.833360	8.830727
AT4G14615	66	6.659411	46.492249	60.081776
AT5G65580	0	0.000000	0.000000	0.000000
AT3G28650	1	0.026440	0.184589	0.238544
AT2G37090	0	0.0	0.0	0.0
AT1G68300	31	3.259265	22.754349	29.405367
AT4G06165	0	0.000000	0.000000	0.000000
AT1G79580	0	0.0	0.0	0.0
AT4G15258	4	2.074219	14.481027	18.713781
AT3G51375	0	0.0	0.0	0.0
AT2G29950	0	0.000000	0.000000	0.000000
AT5G13920	5	0.211982	1.479939	1.912520
AT2G04220	0	0.0	0.0	0.0
AT1G16150	0	0.0	0.0	0.0
AT2G47610	806	43.325253	384.706879	497.155426
AT5G51160	0	0.000000	0.000000	0.000000
AT1G79960	0	0.000000	0.000000	0.000000
AT5G37830	105	1.824145	12.975487	16.768177
AT1G64980	60	2.468506	20.993002	27.129185
AT5G65960	44	2.302605	16.075487	20.774300
AT2G09740	0	0.000000	0.000000	0.000000
AT5G66340	0	0.000000	0.000000	0.000000
AT4G29670	196	7.309127	68.921333	89.066811
AT5G44570	0	0.0	0.0	0.0
AT2G48121	21	2.882301	23.014715	29.741837
AT4G13920	0	0.000000	0.000000	0.000000
ATCG00950	12135	345.463531	2411.831299	3116.801514
AT4G37830	207	19.775356	212.763412	274.953430
AT3G03065	0	0.0	0.0	0.0
AT4G31990	222	8.544401	63.974812	82.674431
AT1G14780	0	0.000000	0.000000	0.000000
AT5G07715	0	0.0	0.0	0.0
AT5G15760	34	1.989729	13.891166	17.951506
AT1G76705	0	0.000000	0.000000	0.000000
AT1G23070	0	0.0	0.0	0.0
AT1G73390	51	1.434751	14.682538	18.974195
AT5G49645	0	0.000000	0.000000	0.000000
AT3G06405	0	0.0	0.0	0.0
AT5G18670	11	0.408238	2.850087	3.683158
AT5G63720	0	0.0	0.0	0.0
AT3G15358	0	0.000000	0.000000	0.000000
AT2G18950	78	3.066372	22.444952	29.005535
AT4G07715	0	0.0	0.0	0.0
AT4G15760	27	1.275572	9.102487	11.763112
AT1G37010	0	0.0	0.0	0.0
AT2G21530	199	17.729967	123.780632	159.961288
AT3G10090	81	11.998142	83.764259	108.248260
AT2G41360	0	0.0	0.0	0.0
AT4G18670	82	1.945094	13.579549	17.548805
AT4G10430	45	0.930301	7.625075	9.853859
AT3G01630	0	0.0	0.0	0.0
AT5G11977	0	0.0	0.0	0.0
AT2G33320	9	0.229196	1.600117	2.067826
AT5G56070	0	0.0	0.0	0.0
AT4G07655	0	0.000000	0.000000	0.000000
AT3G12070	0	0.0	0.0	0.0
AT1G65000	0	0.000000	0.000000	0.000000
AT5G10430	69	5.657084	39.494568	51.038696
AT5G45790	1	0.042665	0.297863	0.384927
AT2G45685	4	0.154464	1.078380	1.393587
AT5G07655	0	0.0	0.0	0.0
AT2G07975	0	0.0	0.0	0.0
AT5G49320	0	0.000000	0.000000	0.000000
AT4G05780	0	0.0	0.0	0.0
AT3G58780	0	0.000000	0.000000	0.000000
AT3G49220	132	2.651759	18.762943	24.247288
AT3G05870	24	0.879275	8.516619	11.005997
AT1G73600	791	29.197601	251.006256	324.374512
AT5G38350	0	0.0	0.0	0.0
AT3G44740	35	1.228188	12.606413	16.291225
AT1G27440	6	0.217391	1.694339	2.189588
AT1G04760	4	0.213246	1.560016	2.016003
AT2G34123	0	0.000000	0.000000	0.000000
AT1G16420	0	0.000000	0.000000	0.000000
AT5G05780	87	4.238943	29.685078	38.361927
AT2G05695	0	0.0	0.0	0.0
AT2G36740	34	1.424171	10.362950	13.392005
AT2G47750	4	0.098495	0.687636	0.888630
AT5G58870	107	2.780472	19.954353	25.786943
AT4G38350	70	1.221710	9.318039	12.041669
AT1G08360	667	42.522747	336.327209	434.634521
AT3G09830	30	0.988622	6.902001	8.919433
AT1G04500	0	0.0	0.0	0.0
AT1G12940	0	0.000000	0.000000	0.000000
AT4G19160	101	3.307345	23.118481	29.875933
AT4G34750	59	3.621367	27.921400	36.082729
AT1G58525	0	0.0	0.0	0.0
AT1G55175	0	0.000000	0.000000	0.000000
AT3G54380	23	0.959305	8.996488	11.626130
AT5G09443	7	0.517516	3.613005	4.669074
AT3G03610	13	0.552151	4.001082	5.170584
AT5G19160	0	0.000000	0.000000	0.000000
AT3G00970	0	0.0	0.0	0.0
AT3G48340	0	0.0	0.0	0.0
AT1G73120	0	0.000000	0.000000	0.000000
AT2G42810	80	2.100461	19.424349	25.102022
AT4G28160	0	0.000000	0.000000	0.000000
AT5G48240	35	1.709124	15.575687	20.128408
AT5G01595	0	0.000000	0.000000	0.000000
AT1G62740	61	2.428363	16.953461	21.908899
AT1G55260	209	15.424214	107.683159	139.158585
AT4G36180	34	0.712934	4.977303	6.432151
AT5G54280	7493	113.375687	801.684509	1036.014160
AT3G06655	3	0.593333	4.142316	5.353101
AT5G38490	0	0.0	0.0	0.0
AT5G28160	0	0.0	0.0	0.0
AT4G01595	0	0.000000	0.000000	0.000000
AT2G05140	0	0.0	0.0	0.0
AT4G19275	0	0.0	0.0	0.0
AT5G36180	0	0.0	0.0	0.0
AT3G57070	24	1.041667	7.272331	9.398008
AT4G32630	0	0.0	0.0	0.0
AT4G38490	26	2.852624	19.915411	25.736618
AT3G13404	14	2.412417	16.842134	21.765032
AT2G19800	0	0.000000	0.000000	0.000000
AT1G04557	0	0.0	0.0	0.0
AT4G07405	0	0.000000	0.000000	0.000000
AT4G15500	11	0.468259	3.269120	4.224673
AT3G21780	2	0.068069	0.475219	0.614124
AT3G06715	0	0.0	0.0	0.0
AT1G07917	0	0.0	0.0	0.0
AT1G05993	0	0.0	0.0	0.0
AT5G15500	0	0.0	0.0	0.0
AT4G21870	26	1.954457	13.644917	17.633278
AT5G67240	74	2.031186	14.674148	18.963350
AT5G07405	1	0.761716	5.317872	6.872267
AT4G09180	39	2.460495	17.177788	22.198795
AT2G26000	15	0.460754	3.458317	4.469171
ATCG01110	61	4.083756	28.510481	36.843994
AT3G02990	1	0.025334	0.184052	0.237849
AT3G03750	0	0.000000	0.000000	0.000000
AT5G25630	42	0.916136	11.349978	14.667539
AT2G44830	12	0.302857	2.210518	2.856645
AT2G28800	763	24.839104	198.289688	256.249084
AT5G20550	0	0.000000	0.000000	0.000000
AT1G73450	20	0.362916	2.533675	3.274259
AT5G49190	3	0.070427	0.512423	0.662203
AT2G23510	0	0.0	0.0	0.0
AT3G23940	231	8.320271	58.087433	75.066193
AT2G23460	30	0.772801	5.395260	6.972277
AT2G33190	0	0.0	0.0	0.0
AT4G25630	149	7.508539	55.104137	71.210884
AT2G37570	27	0.988873	6.903753	8.921697
AT5G59613	326	24.861376	293.016510	378.664215
AT4G34610	33	0.959839	6.892297	8.906892
AT4G20550	0	0.0	0.0	0.0
AT3G53440	6	0.213210	1.562899	2.019729
AT1G07673	0	0.0	0.0	0.0
AT5G60860	19	1.405354	9.811389	12.679224
AT1G29380	19	0.445946	4.211579	5.442609
AT5G02855	0	0.0	0.0	0.0
AT4G17690	0	0.0	0.0	0.0
AT5G46874	0	0.000000	0.000000	0.000000
AT3G52535	29	1.597330	11.318687	14.627101
AT1G13805	0	0.000000	0.000000	0.000000
AT2G37900	0	0.000000	0.000000	0.000000
AT5G17690	12	0.430958	3.158751	4.082043
AT3G09470	22	1.034932	7.225311	9.337245
AT1G56700	29	1.340319	11.573929	14.956948
AT2G17785	0	0.0	0.0	0.0
AT5G65770	0	0.000000	0.000000	0.000000
AT4G16535	0	0.000000	0.000000	0.000000
AT1G79770	11	0.697414	4.868951	6.292129
AT1G09287	0	0.000000	0.000000	0.000000
AT4G12731	0	0.0	0.0	0.0
AT3G43505	0	0.0	0.0	0.0
AT1G29465	23	2.889960	20.176069	26.073465
AT4G15970	0	0.0	0.0	0.0
AT2G14247	20	1.407678	9.827613	12.700191
AT2G22370	21	1.458333	10.944608	14.143680
AT3G21090	6	0.179592	1.253810	1.620294
AT1G31840	4	0.100927	0.725539	0.937611
AT5G15970	404	43.028843	300.403107	388.209900
AT1G63210	0	0.0	0.0	0.0
AT5G57890	35	2.086758	14.568566	18.826908
AT4G17300	47	1.731572	12.682714	16.389828
AT3G60328	0	0.0	0.0	0.0
AT1G75891	0	0.000000	0.000000	0.000000
AT4G21430	20	0.542050	3.786863	4.893751
AT2G15710	0	0.0	0.0	0.0
AT1G06447	0	0.0	0.0	0.0
AT2G07765	0	0.000000	0.000000	0.000000
AT5G51930	0	0.0	0.0	0.0
AT1G79130	0	0.0	0.0	0.0
AT5G65130	0	0.0	0.0	0.0
AT5G02725	0	0.000000	0.000000	0.000000
AT2G20390	18	1.054628	9.772607	12.629107
AT5G21430	169	11.949556	89.952606	116.245438
AT5G64590	0	0.0	0.0	0.0
AT3G03820	25	2.621053	18.298712	23.647364
AT5G17300	0	0.000000	0.000000	0.000000
AT1G31580	6865	632.642883	4416.755371	5707.758301
AT5G41310	0	0.0	0.0	0.0
AT1G32020	0	0.0	0.0	0.0
AT4G02725	134	3.682452	27.634239	35.711636
AT5G47660	0	0.000000	0.000000	0.000000
AT4G23700	0	0.0	0.0	0.0
AT2G22821	2	0.176116	1.229542	1.588934
AT1G50380	64	1.891296	13.203961	17.063435
AT2G08995	0	0.0	0.0	0.0
AT2G42620	48	1.585000	11.065577	14.300006
AT1G04970	28	1.060999	7.407297	9.572424
AT5G59550	18	0.691463	4.976472	6.431078
AT5G23700	0	0.000000	0.000000	0.000000
AT2G44470	0	0.0	0.0	0.0
ATMG00560	0	0.000000	0.000000	0.000000
AT1G04703	0	0.0	0.0	0.0
ATMG00410	14	0.790881	5.521484	7.135396
AT1G20816	21	1.896592	13.240935	17.111216
AT1G61050	0	0.0	0.0	0.0
AT3G62060	22	0.866995	6.981436	9.022085
AT2G35370	576	48.790253	340.626007	440.189819
AT4G37470	114	6.073056	42.398651	54.791630
AT2G34660	39	0.509049	3.810768	4.924642
AT5G43330	27	1.456224	10.166534	13.138178
AT3G58090	7	0.301865	2.747299	3.550326
AT4G05090	33	1.673456	12.179296	15.739263
AT1G08303	0	0.0	0.0	0.0
AT1G70510	2	0.079869	0.561280	0.725340
AT5G23410	11	0.842761	6.040038	7.805521
AT1G06640	73	2.499136	18.476704	23.877382
AT1G70460	0	0.000000	0.000000	0.000000
AT4G16200	0	0.000000	0.000000	0.000000
AT3G06436	0	0.000000	0.000000	0.000000
AT2G20450	244	24.190298	168.883011	218.246933
AT1G04413	0	0.000000	0.000000	0.000000
AT1G04563	0	0.000000	0.000000	0.000000
ATMG00700	0	0.000000	0.000000	0.000000
AT5G37470	0	0.0	0.0	0.0
AT3G46660	0	0.000000	0.000000	0.000000
AT5G05090	34	2.091053	14.598553	18.865660
AT5G16200	6	0.396022	2.764802	3.572944
AT3G52200	79	2.375000	17.276930	22.326920
AT4G23410	0	0.0	0.0	0.0
AT5G50670	24	0.764268	7.100546	9.176011
AT4G23560	0	0.000000	0.000000	0.000000
AT2G42100	0	0.0	0.0	0.0
AT2G39330	0	0.000000	0.000000	0.000000
AT5G53910	0	0.000000	0.000000	0.000000
AT5G63850	69	2.613041	18.242777	23.575079
AT5G52300	0	0.0	0.0	0.0
AT4G12890	0	0.000000	0.000000	0.000000
AT1G78520	0	0.000000	0.000000	0.000000
AT3G16300	0	0.0	0.0	0.0
AT1G75170	9	0.369824	2.797315	3.614960
AT3G04040	0	0.0	0.0	0.0
AT5G66815	0	0.0	0.0	0.0
AT3G12955	0	0.0	0.0	0.0
AT4G26455	12	0.459198	3.205861	4.142924
AT2G27402	112	6.712246	62.185593	80.362221
AT3G56890	0	0.000000	0.000000	0.000000
AT5G45080	0	0.0	0.0	0.0
AT5G12890	23	0.996181	6.954773	8.987630
AT2G07050	148	3.689978	25.761343	33.291298
AT1G48355	0	0.000000	0.000000	0.000000
AT2G15400	0	0.000000	0.000000	0.000000
AT2G07505	0	0.0	0.0	0.0
AT3G43230	36	1.334532	10.444633	13.497563
AT1G34575	0	0.0	0.0	0.0
AT4G33040	9	0.519747	3.628580	4.689202
AT5G42860	18	0.983051	6.863107	8.869170
AT2G38590	0	0.0	0.0	0.0
AT4G00335	9	0.289035	2.388768	3.086997
AT5G10870	20	1.401460	9.784204	12.644092
AT5G12043	0	0.0	0.0	0.0
AT4G19930	0	0.0	0.0	0.0
AT2G47820	0	0.000000	0.000000	0.000000
AT4G15563	0	0.000000	0.000000	0.000000
AT3G10780	0	0.0	0.0	0.0
AT2G28110	0	0.000000	0.000000	0.000000
AT4G10870	0	0.0	0.0	0.0
AT5G19930	29	1.403325	11.630625	15.030217
AT4G28930	0	0.0	0.0	0.0
AT3G16690	8	0.355247	2.685870	3.470941
AT1G61230	0	0.0	0.0	0.0
AT5G52690	0	0.0	0.0	0.0
AT5G58430	55	1.808946	12.629041	16.320465
AT1G56410	0	0.0	0.0	0.0
AT1G56560	25	0.729590	5.460725	7.056877
AT1G20135	0	0.0	0.0	0.0
AT5G11550	24	1.317394	9.197302	11.885641
AT5G44900	0	0.000000	0.000000	0.000000
AT3G05430	0	0.000000	0.000000	0.000000
AT2G20120	62	1.668788	28.403572	36.705837
AT4G11550	2	0.050221	0.350615	0.453098
AT1G75730	27	0.711513	4.967382	6.419331
AT3G62615	0	0.0	0.0	0.0
AT3G60980	13	0.698294	4.875094	6.300068
AT2G19110	17	0.301767	2.204661	2.849075
AT1G26910	26	1.248935	9.326765	12.052947
AT3G02555	16	0.849660	6.327876	8.177492
AT3G60410	38	1.462826	10.518175	13.592602
AT3G60560	0	0.0	0.0	0.0
AT5G48380	95	2.541877	18.550882	23.973242
AT1G06177	0	0.000000	0.000000	0.000000
AT1G26480	0	0.000000	0.000000	0.000000
AT3G02000	2	0.145445	1.015415	1.312217
AT1G33800	0	0.000000	0.000000	0.000000
AT5G55290	85	7.679678	59.776093	77.248444
AT5G20995	0	0.0	0.0	0.0
AT5G54340	0	0.0	0.0	0.0
AT1G56980	0	0.0	0.0	0.0
AT4G36530	132	6.017775	42.012711	54.292881
AT1G28190	16	0.980299	6.843894	8.844341
AT2G37780	0	0.0	0.0	0.0
AT1G51320	0	0.0	0.0	0.0
AT3G20850	0	0.0	0.0	0.0
AT2G17905	0	0.0	0.0	0.0
AT3G08290	0	0.0	0.0	0.0
AT2G24260	0	0.000000	0.000000	0.000000
AT1G30520	51	1.451246	13.266683	17.144489
AT5G08390	0	0.000000	0.000000	0.000000
AT1G62870	3	0.075537	0.527357	0.681501
AT3G47150	0	0.000000	0.000000	0.000000
AT1G74250	55	1.911713	13.346501	17.247639
AT3G15800	15	0.812808	5.674567	7.333223
AT3G04181	1	0.151452	1.057352	1.366413
AT1G05003	0	0.0	0.0	0.0
AT4G08390	233	9.383839	71.230240	92.050591
AT2G44140	35	0.686052	4.933075	6.374997
AT3G55390	11	0.730935	5.521987	7.136045
AT3G21570	0	0.0	0.0	0.0
AT3G54240	0	0.000000	0.000000	0.000000
AT2G26990	69	3.021978	21.097744	27.264544
AT3G48280	0	0.000000	0.000000	0.000000
AT1G19190	1	0.025974	0.181336	0.234340
AT2G01670	116	6.280952	43.850060	56.667286
AT1G52603	0	0.0	0.0	0.0
AT5G01950	30	0.564828	4.504464	5.821104
AT2G24735	0	0.0	0.0	0.0
AT1G49160	5	0.136516	1.036171	1.339040
AT4G01950	36	1.482830	10.373877	13.406124
AT5G64070	105	1.629391	12.804924	16.547758
AT3G09140	0	0.0	0.0	0.0
AT5G08717	0	0.0	0.0	0.0
AT3G47420	49	1.324887	9.524515	12.308497
AT1G06737	0	0.0	0.0	0.0
AT3G07935	0	0.0	0.0	0.0
AT3G01895	0	0.000000	0.000000	0.000000
AT1G29240	13	0.432218	3.017502	3.899508
AT1G60890	15	0.341088	2.584981	3.340563
AT5G42940	36	0.730562	5.466485	7.064320
AT4G21740	13	0.948435	6.621438	8.556862
AT5G08600	0	0.000000	0.000000	0.000000
AT1G51645	5	0.116402	0.817268	1.056152
AT4G23980	19	0.488659	3.411541	4.408723
AT4G09530	0	0.0	0.0	0.0
AT5G53480	211	4.170805	29.118208	37.629360
AT2G05830	71	3.070204	24.538538	31.711069
AT5G23980	0	0.000000	0.000000	0.000000
AT1G04983	0	0.0	0.0	0.0
AT3G55600	15	0.902628	6.744681	8.716128
AT5G09530	1	0.044269	0.309061	0.399399
AT5G67380	83	3.137051	21.901121	28.302742
AT1G15790	24	1.268345	10.672640	13.792215
AT3G58570	56	1.680485	11.732198	15.161479
AT3G55120	18	1.248201	8.714234	11.261376
AT2G45220	0	0.000000	0.000000	0.000000
AT1G67670	0	0.000000	0.000000	0.000000
AT2G06115	0	0.0	0.0	0.0
AT1G19320	0	0.000000	0.000000	0.000000
AT1G20310	0	0.0	0.0	0.0
AT2G21180	4	0.302469	2.111668	2.728901
ATMG00980	1	0.185185	1.292857	1.670755
AT3G61920	1	0.080308	0.560665	0.724546
AT5G08120	32	1.532932	10.702067	13.830243
AT5G05570	22	0.450401	3.206741	4.144061
AT3G09695	0	0.0	0.0	0.0
AT4G37483	3	1.021930	7.134539	9.219940
AT5G46420	158	4.668150	32.650917	42.194672
AT1G51190	0	0.0	0.0	0.0
AT1G28320	33	0.886901	6.730362	8.697624
AT3G11720	34	1.206158	8.577643	11.084859
AT1G65990	0	0.0	0.0	0.0
AT4G00110	13	0.564046	3.937851	5.088871
AT2G30200	124	5.353705	40.893044	52.845936
AT5G06935	0	0.0	0.0	0.0
AT2G31981	0	0.0	0.0	0.0
AT1G31960	0	0.0	0.0	0.0
AT5G66280	2	0.092324	0.644554	0.832955
AT1G74030	29	1.150685	8.033433	10.381578
AT4G06935	0	0.0	0.0	0.0
AT2G03150	110	1.898120	13.431375	17.357319
AT4G04790	13	0.374543	2.614848	3.379159
AT4G37140	0	0.000000	0.000000	0.000000
AT1G34095	0	0.0	0.0	0.0
AT1G14570	68	1.859402	16.048702	20.739681
AT2G38070	8	0.264032	1.843322	2.382119
AT2G03420	111	4.216551	29.650835	38.317673
AT3G10900	0	0.0	0.0	0.0
AT5G37140	0	0.0	0.0	0.0
AT5G04790	0	0.000000	0.000000	0.000000
AT3G09305	0	0.000000	0.000000	0.000000
AT1G80160	0	0.000000	0.000000	0.000000
AT5G46150	34	1.016873	7.516339	9.713340
AT2G04685	0	0.0	0.0	0.0
AT5G08450	114	2.619267	18.818172	24.318661
AT3G25950	0	0.0	0.0	0.0
AT1G75440	20	0.755587	12.075922	15.605673
AT5G09205	0	0.0	0.0	0.0
AT3G44870	0	0.000000	0.000000	0.000000
AT3G05740	8	0.260966	1.902853	2.459051
AT4G08450	0	0.0	0.0	0.0
AT5G44780	0	0.000000	0.000000	0.000000
AT1G72010	57	2.624563	18.323217	23.679031
AT3G55450	61	2.242115	17.513371	22.632469
AT3G60700	3	0.218053	1.522323	1.967293
AT4G31000	41	1.361889	10.107729	13.062184
AT3G22421	0	0.000000	0.000000	0.000000
AT5G13887	0	0.000000	0.000000	0.000000
AT5G58740	51	4.841289	33.799149	43.678524
AT2G36870	70	2.895616	28.480152	36.804802
AT1G48670	0	0.0	0.0	0.0
AT1G20400	0	0.0	0.0	0.0
AT3G21240	12	0.385019	2.708672	3.500407
AT3G54570	0	0.0	0.0	0.0
AT1G76830	0	0.0	0.0	0.0
AT1G01140	167	7.188039	50.674282	65.486206
AT5G04120	0	0.000000	0.000000	0.000000
AT1G50900	223	22.477541	156.925507	202.794281
AT3G05105	1	0.209913	1.465494	1.893853
AT5G17980	5	0.099023	0.691323	0.893394
AT1G24320	0	0.000000	0.000000	0.000000
AT1G06337	0	0.000000	0.000000	0.000000
AT4G21340	0	0.0	0.0	0.0
AT4G17980	0	0.0	0.0	0.0
AT1G15450	0	0.0	0.0	0.0
AT1G07000	8	0.260105	1.815906	2.346690
AT1G78030	11	0.951821	7.068704	9.134862
AT4G08790	14	0.698593	5.346286	6.908987
AT3G55790	0	0.0	0.0	0.0
AT1G18570	14	0.617927	4.314018	5.574990
AT1G15120	303	9.958881	145.641998	188.212662
AT1G63160	0	0.000000	0.000000	0.000000
AT2G34070	12	0.513179	3.671607	4.744805
AT3G59320	0	0.000000	0.000000	0.000000
AT5G50060	0	0.0	0.0	0.0
AT1G24909	6	0.408004	2.848454	3.681047
AT5G08790	31	1.609017	11.233249	14.516689
AT2G08685	0	0.000000	0.000000	0.000000
AT3G46070	0	0.0	0.0	0.0
AT3G09565	0	0.0	0.0	0.0
AT3G09415	2	0.186462	1.301772	1.682276
AT4G07960	0	0.000000	0.000000	0.000000
AT1G51720	35	0.785173	7.173851	9.270742
AT2G37380	15	0.853372	5.957762	7.699195
AT1G29570	0	0.000000	0.000000	0.000000
AT3G48870	170	3.890480	27.781143	35.901478
AT5G07960	65	6.247260	43.614845	56.363316
AT5G48780	4	0.121072	0.846681	1.094162
AT4G04450	0	0.0	0.0	0.0
AT5G59220	0	0.0	0.0	0.0
AT1G62280	0	0.0	0.0	0.0
AT1G31243	0	0.0	0.0	0.0
AT5G07322	3	0.494382	3.451496	4.460357
AT5G54740	0	0.0	0.0	0.0
AT1G20650	86	2.852817	20.718597	26.774572
AT2G18010	0	0.0	0.0	0.0
AT5G44380	0	0.000000	0.000000	0.000000
AT3G06960	39	1.521027	11.426119	14.765933
AT1G25530	11	0.492966	3.441610	4.447581
AT3G60300	24	1.221438	8.857118	11.446022
AT1G01305	0	0.0	0.0	0.0
AT5G58340	0	0.000000	0.000000	0.000000
AT1G34510	0	0.0	0.0	0.0
AT2G19260	10	0.287087	2.182865	2.820908
AT1G34460	13	0.182019	1.881825	2.431876
AT5G35480	76	6.882220	76.720047	99.145050
AT1G24190	60	1.035176	7.266704	9.390737
AT4G10815	0	0.0	0.0	0.0
AT3G26934	0	0.0	0.0	0.0
AT3G05340	1	0.000137	0.000956	0.001236
AT4G35480	148	11.078947	77.346954	99.955208
AT3G04290	338	17.127617	119.575356	154.526810
AT2G28260	17	0.450188	3.868769	4.999598
AT2G46572	0	0.000000	0.000000	0.000000
AT5G05240	15	0.513970	3.738852	4.831706
AT5G04390	0	0.0	0.0	0.0
AT1G78250	0	0.000000	0.000000	0.000000
AT3G09705	0	0.0	0.0	0.0
AT3G30385	0	0.0	0.0	0.0
AT4G21105	529	37.138718	365.950073	472.916046
AT2G36280	0	0.0	0.0	0.0
AT5G47070	33	1.269573	8.863442	11.454196
AT2G10020	0	0.0	0.0	0.0
AT1G26975	0	0.0	0.0	0.0
AT4G05240	0	0.0	0.0	0.0
AT2G48140	0	0.000000	0.000000	0.000000
AT1G15600	0	0.0	0.0	0.0
AT3G58240	0	0.0	0.0	0.0
AT2G16810	0	0.0	0.0	0.0
AT3G62670	0	0.0	0.0	0.0
ATCG00010	122	133.000000	928.531006	1199.937378
AT1G06148	0	0.000000	0.000000	0.000000
AT5G60200	12	0.591698	4.130901	5.338350
AT5G21105	84	1.784874	18.817936	24.318356
AT1G77180	95	1.858051	18.688486	24.151068
AT3G44280	25	1.941986	14.244145	18.407661
AT5G22480	44	1.775923	12.398493	16.022530
AT1G32530	26	0.816828	5.702632	7.369492
AT1G01695	0	0.000000	0.000000	0.000000
AT3G60690	20	1.290756	9.011330	11.645311
AT1G69920	0	0.0	0.0	0.0
AT3G16980	0	0.000000	0.000000	0.000000
AT1G28720	0	0.000000	0.000000	0.000000
AT3G11320	0	0.000000	0.000000	0.000000
AT5G52980	20	0.980267	7.663159	9.903074
AT2G31085	0	0.0	0.0	0.0
AT2G09280	0	0.000000	0.000000	0.000000
AT3G03726	0	0.0	0.0	0.0
AT5G37415	0	0.0	0.0	0.0
AT5G04600	130	4.324990	31.564133	40.790218
AT5G33290	28	1.128557	7.878948	10.181938
AT1G07237	0	0.0	0.0	0.0
AT1G55800	0	0.000000	0.000000	0.000000
AT5G66870	0	0.0	0.0	0.0
AT5G11220	0	0.0	0.0	0.0
AT5G43440	85	4.890553	37.288540	48.187851
AT3G05625	60	3.538691	26.289553	33.973900
AT3G43833	0	0.0	0.0	0.0
AT1G15390	46	3.159649	22.058886	28.506624
AT2G39440	12	0.777143	5.538603	7.157518
AT1G14240	0	0.0	0.0	0.0
AT4G33290	0	0.000000	0.000000	0.000000
AT3G24513	0	0.0	0.0	0.0
AT1G08983	0	0.0	0.0	0.0
AT3G24463	0	0.000000	0.000000	0.000000
AT1G19720	39	1.002380	6.998052	9.043558
AT3G59190	0	0.0	0.0	0.0
AT4G11220	68	2.663721	18.596596	24.032318
AT1G20710	0	0.0	0.0	0.0
AT2G38660	21	0.662500	4.860182	6.280797
AT3G54090	65	2.998265	20.932196	27.050604
AT5G23300	59	2.677869	18.695372	24.159964
AT3G02225	0	0.000000	0.000000	0.000000
AT1G04303	0	0.000000	0.000000	0.000000
AT2G26680	58	3.189096	22.264469	28.772297
AT2G35770	0	0.0	0.0	0.0
AT1G08413	0	0.0	0.0	0.0
AT1G08563	0	0.000000	0.000000	0.000000
AT4G23300	40	1.213215	8.469982	10.945729
AT1G50780	0	0.0	0.0	0.0
AT3G51642	0	0.000000	0.000000	0.000000
AT3G06840	13	0.978095	6.828507	8.824457
AT4G26795	9	0.281810	2.702493	3.492422
AT1G56690	3	0.083571	0.583446	0.753985
AT1G30250	0	0.0	0.0	0.0
AT5G17700	32	0.969295	7.106502	9.183707
AT1G74520	0	0.000000	0.000000	0.000000
AT4G22910	0	0.000000	0.000000	0.000000
AT3G08040	0	0.000000	0.000000	0.000000
AT3G16410	11	0.192197	2.324253	3.003624
AT3G16560	51	1.361450	11.944824	15.436256
AT5G52560	59	1.729625	12.192456	15.756269
AT5G52410	11	0.325409	2.370442	3.063314
AT4G17700	0	0.0	0.0	0.0
AT1G03100	3	0.076802	0.536188	0.692914
AT2G15310	11	0.666118	4.650460	6.009774
AT1G48060	1	0.072421	0.505603	0.653388
AT1G49210	1	0.083333	0.581784	0.751837
AT5G22910	0	0.0	0.0	0.0
AT5G02325	1	0.125240	0.874355	1.129926
AT3G23200	0	0.000000	0.000000	0.000000
AT5G55040	40	0.786098	5.500212	7.107906
AT2G20790	44	0.779947	9.169494	11.849707
AT5G23690	13	0.501955	3.504366	4.528681
AT2G22770	0	0.000000	0.000000	0.000000
AT4G34131	0	0.000000	0.000000	0.000000
AT1G18090	0	0.000000	0.000000	0.000000
AT5G55893	0	0.0	0.0	0.0
AT1G04693	0	0.0	0.0	0.0
AT2G34590	110	3.613038	28.459572	36.778210
AT1G09877	3	2.589211	18.076410	23.360083
AT1G01470	134	7.936202	55.406086	71.601089
AT1G67060	22	0.767279	5.658705	7.312725
AT5G02640	0	0.0	0.0	0.0
AT2G41970	0	0.0	0.0	0.0
AT5G41650	6	0.514689	3.841542	4.964412
AT4G23690	10	0.645303	4.505142	5.821979
AT2G35130	21	0.633189	5.267898	6.807687
AT5G43068	0	0.0	0.0	0.0
AT3G46590	43	0.999704	8.906804	11.510232
AT4G02640	49	2.237875	16.896387	21.835142
AT1G12200	0	0.000000	0.000000	0.000000
AT4G24930	218	6.584695	58.083897	75.061623
AT1G56300	140	5.129852	45.185589	58.393185
AT5G65370	0	0.0	0.0	0.0
AT4G35910	44	1.602582	11.188323	14.458632
AT5G54430	101	2.792308	25.305351	32.702019
AT1G29090	0	0.0	0.0	0.0
AT1G79370	0	0.000000	0.000000	0.000000
AT1G58643	0	0.0	0.0	0.0
AT1G16890	195	12.320364	106.863113	138.098831
AT5G48900	49	2.357013	16.455336	21.265173
AT5G24930	20	1.438935	10.045833	12.982195
AT5G35910	69	1.729823	12.777563	16.512402
AT2G01755	0	0.000000	0.000000	0.000000
AT3G21465	34	1.667296	12.346753	15.955667
AT3G06580	52	2.030318	14.174535	18.317703
AT2G33850	118	7.749589	54.103256	69.917458
AT2G45550	0	0.0	0.0	0.0
AT4G36020	89	3.876570	32.011772	41.368706
AT5G07580	31	3.889423	27.153755	35.090706
AT5G02195	18	2.141538	14.951010	19.321138
AT2G01060	42	1.776458	15.603887	20.164848
AT1G75330	148	8.512625	62.497295	80.765045
AT4G10280	43	5.173193	36.116318	46.672989
AT2G40630	0	0.000000	0.000000	0.000000
AT4G30810	75	3.019827	21.082727	27.245138
AT1G65680	0	0.0	0.0	0.0
AT4G02195	0	0.000000	0.000000	0.000000
AT5G49850	0	0.000000	0.000000	0.000000
AT5G64660	8	0.357273	2.494279	3.223348
AT5G10280	0	0.000000	0.000000	0.000000
AT3G10380	93	1.642157	13.042635	16.854952
AT1G80210	40	1.915663	13.374078	17.283276
AT3G09985	0	0.000000	0.000000	0.000000
AT1G05837	0	0.000000	0.000000	0.000000
AT5G47590	0	0.0	0.0	0.0
AT1G57200	0	0.0	0.0	0.0
AT5G00735	0	0.0	0.0	0.0
AT5G43170	3	0.313390	2.187912	2.827431
AT5G38820	0	0.0	0.0	0.0
AT2G39170	25	1.767318	12.338417	15.944894
AT2G36815	0	0.0	0.0	0.0
AT1G73080	0	0.000000	0.000000	0.000000
AT4G38820	2	0.255196	1.781634	2.302400
ATMG00690	4	0.421162	2.940315	3.799760
AT2G09815	0	0.000000	0.000000	0.000000
AT1G20375	0	0.0	0.0	0.0
AT1G03620	0	0.000000	0.000000	0.000000
AT4G17410	25	0.476420	4.098207	5.296100
AT4G17560	484	31.466612	219.682129	283.894470
AT4G05465	0	0.0	0.0	0.0
AT5G41400	27	2.375139	16.581881	21.428707
AT5G52700	0	0.0	0.0	0.0
AT3G16700	16	0.756231	5.377653	6.949523
AT5G17410	35	1.131650	8.032275	10.380081
AT5G05515	0	0.0	0.0	0.0
AT5G17560	210	13.172956	100.672066	130.098160
AT5G05465	0	0.0	0.0	0.0
AT4G00260	0	0.000000	0.000000	0.000000
AT1G24267	46	2.132790	15.003531	19.389011
AT1G56145	0	0.000000	0.000000	0.000000
AT5G13295	0	0.000000	0.000000	0.000000
AT2G04995	0	0.0	0.0	0.0
AT5G07840	25	1.517286	10.592834	13.689084
AT2G39730	7356	280.060913	2074.095459	2680.346680
AT1G08970	50	1.798432	20.777004	26.850052
AT5G09020	0	0.0	0.0	0.0
AT5G43730	41	0.438908	4.052361	5.236852
AT1G08703	0	0.000000	0.000000	0.000000
AT1G34245	0	0.000000	0.000000	0.000000
AT4G09020	70	1.961633	14.168802	18.310295
ATMG00300	0	0.0	0.0	0.0
AT2G06265	0	0.0	0.0	0.0
AT1G06860	0	0.0	0.0	0.0
AT1G56680	0	0.0	0.0	0.0
AT2G34840	7	0.396911	2.781753	3.594850
AT3G57370	0	0.0	0.0	0.0
AT5G24155	0	0.000000	0.000000	0.000000
AT3G63470	0	0.000000	0.000000	0.000000
AT1G52130	0	0.0	0.0	0.0
AT3G46840	0	0.0	0.0	0.0
AT2G20780	10	0.336115	2.417161	3.123690
AT3G18110	90	1.447616	10.106438	13.060515
AT3G13403	0	0.000000	0.000000	0.000000
AT3G54080	73	3.298405	23.027601	29.758492
AT1G27520	35	1.090659	8.402514	10.858540
AT3G48040	13	0.815359	5.692376	7.356239
AT2G26690	98	3.237918	24.966911	32.264656
AT5G01710	55	2.039096	14.235818	18.396900
AT1G08060	14	0.158498	1.113092	1.438445
AT3G10120	7	0.600748	4.194084	5.420000
AT1G50790	2	0.051847	0.361966	0.467768
AT3G29110	0	0.0	0.0	0.0
AT5G57270	20	0.714022	5.228474	6.756739
AT1G16540	15	0.208138	1.487660	1.922498
AT1G43100	0	0.0	0.0	0.0
AT5G42325	0	0.0	0.0	0.0
AT2G27535	0	0.0	0.0	0.0
AT3G32400	0	0.000000	0.000000	0.000000
AT1G06113	0	0.0	0.0	0.0
AT1G09210	327	11.860972	82.806618	107.010704
AT4G01710	0	0.000000	0.000000	0.000000
AT1G05227	0	0.000000	0.000000	0.000000
AT1G22403	6	0.387379	2.704461	3.494967
AT3G10450	0	0.000000	0.000000	0.000000
AT4G01650	19	0.785637	7.942131	10.263588
AT5G42640	0	0.0	0.0	0.0
AT1G29080	0	0.0	0.0	0.0
AT3G07635	0	0.000000	0.000000	0.000000
AT1G52770	13	0.572545	3.997186	5.165550
AT4G38230	7	0.253938	2.148104	2.775987
AT1G16880	389	17.155983	161.783463	209.072220
AT2G01970	191	5.828209	50.328800	65.039734
AT5G01650	159	10.629630	118.468063	153.095871
AT3G06590	25	0.640445	8.259254	10.673407
AT1G54110	16	0.797167	5.630633	7.276447
AT1G18080	648	35.759144	249.650177	322.622040
AT2G22955	0	0.0	0.0	0.0
AT3G55900	0	0.000000	0.000000	0.000000
AT1G04683	0	0.0	0.0	0.0
AT2G06541	0	0.0	0.0	0.0
AT5G23680	72	3.817927	26.654612	34.445663
AT4G08900	14	0.745257	5.202964	6.723773
AT2G34580	0	0.000000	0.000000	0.000000
AT2G26300	85	2.816848	19.665644	25.413843
AT3G61100	15	1.282728	10.162736	13.133269
AT5G08900	0	0.000000	0.000000	0.000000
AT4G23680	0	0.000000	0.000000	0.000000
AT3G25400	17	1.386795	9.681820	12.511783
AT3G46580	8	0.552632	4.176079	5.396732
AT2G41178	27	1.563189	13.202670	17.061766
AT3G17712	0	0.000000	0.000000	0.000000
AT3G09995	0	0.000000	0.000000	0.000000
AT2G05005	0	0.0	0.0	0.0
AT3G10390	16	0.394987	2.827551	3.654035
AT5G47580	1	0.028331	0.197791	0.255605
AT3G25710	12	0.624918	4.362825	5.638063
AT4G09850	0	0.0	0.0	0.0
AT2G41060	19	0.342850	3.572226	4.616375
AT1G67970	21	0.976149	6.814921	8.806900
AT5G03265	0	0.000000	0.000000	0.000000
AT3G50800	0	0.000000	0.000000	0.000000
ATMG00680	0	0.0	0.0	0.0
AT1G73090	26	1.132523	7.906636	10.217719
AT3G61620	44	2.595012	19.859203	25.663980
AT5G09850	70	1.942989	15.771141	20.380991
AT5G23212	0	0.0	0.0	0.0
AT3G04815	0	0.0	0.0	0.0
AT5G66040	190	10.707832	133.749146	172.843567
AT2G27200	13	0.462673	3.230122	4.174275
AT5G03170	14	1.158316	8.086709	10.450426
AT3G43432	0	0.0	0.0	0.0
AT4G10290	0	0.0	0.0	0.0
AT5G07590	26	0.956095	7.181405	9.280505
AT3G03365	0	0.0	0.0	0.0
AT5G02185	0	0.0	0.0	0.0
AT3G51075	19	0.325528	2.960101	3.825328
AT1G17770	0	0.0	0.0	0.0
AT5G06635	0	0.000000	0.000000	0.000000
AT5G10290	55	1.642613	12.596877	16.278900
AT1G31660	92	2.065310	30.230818	39.067181
AT4G03170	0	0.0	0.0	0.0
AT1G65690	0	0.000000	0.000000	0.000000
AT3G53520	53	2.084121	15.288324	19.757050
AT2G46170	117	4.424300	42.620140	55.077858
AT2G04985	0	0.0	0.0	0.0
AT1G43620	47	1.249585	9.321801	12.046532
AT3G10600	0	0.000000	0.000000	0.000000
AT5G12270	0	0.0	0.0	0.0
AT4G01400	2	0.094315	0.658454	0.850918
AT3G56270	0	0.000000	0.000000	0.000000
AT4G20140	0	0.000000	0.000000	0.000000
AT5G40260	0	0.0	0.0	0.0
AT5G39635	0	0.0	0.0	0.0
AT4G38050	4	0.123973	0.865510	1.118495
AT4G12270	0	0.0	0.0	0.0
AT4G27875	0	0.0	0.0	0.0
AT5G01400	44	0.684022	4.861439	6.282421
AT5G20140	107	5.629876	43.457119	56.159489
AT3G27785	0	0.0	0.0	0.0
AT5G38050	0	0.000000	0.000000	0.000000
AT1G70209	0	0.000000	0.000000	0.000000
AT2G44995	3	0.142857	1.669017	2.156865
AT1G17130	69	3.614809	27.004725	34.898113
AT2G07771	1	0.093385	0.651961	0.842527
AT1G48970	50	1.502792	11.218866	14.498103
AT5G49020	30	1.053531	7.752738	10.018836
AT3G02835	0	0.0	0.0	0.0
AT5G47840	161	8.481849	65.964302	85.245445
AT5G03730	60	1.315235	9.182229	11.866162
AT1G04147	0	0.000000	0.000000	0.000000
AT2G33020	0	0.000000	0.000000	0.000000
AT2G08470	1	0.000304	0.002122	0.002743
AT3G25650	0	0.0	0.0	0.0
AT5G56370	12	0.528953	3.755587	4.853332
AT3G12370	31	2.428012	16.951008	21.905731
AT4G36850	15	0.590856	4.682239	6.050842
AT1G65300	0	0.0	0.0	0.0
AT3G20530	4	0.164045	1.194950	1.544229
AT3G45851	0	0.000000	0.000000	0.000000
AT5G11830	0	0.0	0.0	0.0
AT5G17990	139	5.076923	36.774422	47.523457
AT2G37600	168	15.558652	118.084991	152.600815
AT1G07827	0	0.0	0.0	0.0
AT1G07503	0	0.0	0.0	0.0
AT1G09047	0	0.0	0.0	0.0
AT5G44120	0	0.0	0.0	0.0
AT5G01375	3	0.499370	3.486320	4.505359
AT4G11830	61	1.018209	7.229039	9.342062
AT3G01160	62	2.071036	14.458806	18.685064
AT1G02150	0	0.000000	0.000000	0.000000
AT4G17990	0	0.0	0.0	0.0
AT2G20900	124	2.800894	26.437635	34.165268
ATMG01100	1	0.232704	1.624608	2.099475
AT4G29760	0	0.0	0.0	0.0
AT3G22250	0	0.000000	0.000000	0.000000
AT5G22350	156	5.638385	39.364021	50.869991
AT5G18760	62	2.709945	18.919308	24.449356
AT5G15670	0	0.0	0.0	0.0
AT4G30972	0	0.000000	0.000000	0.000000
AT1G77320	11	0.183562	1.339319	1.730797
AT3G05937	5	0.339535	2.370442	3.063314
AT2G15950	0	0.0	0.0	0.0
AT3G19595	0	0.000000	0.000000	0.000000
AT1G60270	57	2.287762	17.906267	23.140205
AT3G01275	0	0.0	0.0	0.0
AT2G08305	0	0.0	0.0	0.0
AT4G18760	25	1.099327	7.674881	9.918222
AT4G22350	20	0.515926	5.172050	6.683823
AT1G11010	0	0.000000	0.000000	0.000000
AT4G15670	29	2.914432	20.346920	26.294254
AT2G04565	0	0.0	0.0	0.0
AT3G11180	0	0.0	0.0	0.0
AT2G37390	18	0.882279	6.159574	7.959997
AT1G68000	51	3.553887	24.811234	32.063473
AT5G51630	23	0.310246	2.186320	2.825374
AT1G62290	0	0.000000	0.000000	0.000000
AT3G63140	23	1.133993	8.236879	10.644491
AT1G03502	2	0.855263	5.970963	7.716256
AT5G48790	174	9.821607	73.873718	95.466743
AT3G06070	159	11.182379	78.069061	100.888382
AT3G55780	0	0.0	0.0	0.0
AT1G02420	1	0.008188	0.057164	0.073873
AT4G08780	0	0.000000	0.000000	0.000000
AT5G44450	28	1.497962	10.457925	13.514741
AT3G08870	17	0.501811	3.905981	5.047686
AT2G21720	0	0.0	0.0	0.0
AT2G08695	0	0.000000	0.000000	0.000000
AT1G52315	6	0.308772	2.195731	2.837536
AT5G63530	114	5.067567	40.940445	52.907196
AT5G47960	0	0.000000	0.000000	0.000000
AT5G08780	8	0.208404	2.129638	2.752124
AT1G13250	24	1.098964	7.672346	9.914948
AT5G55870	0	0.0	0.0	0.0
AT4G35350	27	1.405441	11.034837	14.260282
AT1G04670	0	0.0	0.0	0.0
AT2G42920	16	0.297365	2.076035	2.682853
AT1G66800	0	0.0	0.0	0.0
AT2G46440	55	1.650633	11.523787	14.892152
AT3G22030	0	0.0	0.0	0.0
AT3G46960	16	0.269571	1.954146	2.525336
AT1G05360	22	0.717077	5.189197	6.705981
AT2G37450	79	2.714409	19.198950	24.810736
AT5G04380	0	0.0	0.0	0.0
AT4G20470	0	0.000000	0.000000	0.000000
AT5G53610	0	0.0	0.0	0.0
AT2G36290	31	1.081385	8.295629	10.720412
AT3G14735	1	0.263366	1.838673	2.376111
AT2G05914	0	0.0	0.0	0.0
AT5G50970	11	0.438781	3.063321	3.958720
AT1G26750	57	4.446178	39.136620	50.576115
AT2G34960	9	0.308741	2.155455	2.785488
AT1G55525	0	0.0	0.0	0.0
AT3G44290	0	0.0	0.0	0.0
AT5G20470	0	0.0	0.0	0.0
AT1G73570	0	0.0	0.0	0.0
AT5G59830	36	1.560960	11.807499	15.258792
AT1G77190	0	0.0	0.0	0.0
AT2G32800	17	0.477856	3.336121	4.311258
AT5G44390	14	0.547103	3.819564	4.936010
AT4G25160	0	0.000000	0.000000	0.000000
AT5G45240	0	0.0	0.0	0.0
AT5G35490	41	6.268714	43.764626	56.556873
AT5G61460	0	0.000000	0.000000	0.000000
AT1G58260	0	0.0	0.0	0.0
AT5G61510	0	0.000000	0.000000	0.000000
AT5G07070	8	0.277462	1.937083	2.503286
AT5G25160	3	0.175896	1.228007	1.586949
AT1G04477	0	0.000000	0.000000	0.000000
AT1G24180	72	3.426160	23.919518	30.911108
AT3G04280	0	0.0	0.0	0.0
AT4G35490	111	7.973756	70.705093	91.371948
AT4G07070	2	0.295775	2.064934	2.668507
AT2G04705	0	0.0	0.0	0.0
AT2G42388	0	0.0	0.0	0.0
AT5G33280	149	4.402081	30.732843	39.715950
AT4G14360	77	2.152334	15.026382	19.418541
AT5G41761	11	0.783074	5.466981	7.064960
AT3G24010	33	1.563526	11.328866	14.640255
AT4G13810	27	0.707609	5.147797	6.652480
AT5G19630	10	0.751274	5.244971	6.778058
AT4G18500	0	0.000000	0.000000	0.000000
AT1G08993	0	0.0	0.0	0.0
AT1G15380	0	0.000000	0.000000	0.000000
AT5G14360	0	0.000000	0.000000	0.000000
AT4G33280	0	0.0	0.0	0.0
AT5G13810	39	1.737853	12.132710	15.679058
AT4G19630	0	0.0	0.0	0.0
AT5G18500	117	3.290402	28.170443	36.404568
AT3G59180	0	0.0	0.0	0.0
AT3G55252	0	0.000000	0.000000	0.000000
AT1G13030	27	0.956403	6.677066	8.628750
AT1G76220	0	0.0	0.0	0.0
AT5G44600	34	1.832418	13.304620	17.193514
AT5G22490	0	0.0	0.0	0.0
AT5G28630	6	0.573092	4.001005	5.170485
AT1G26610	0	0.0	0.0	0.0
AT3G14260	0	0.0	0.0	0.0
AT5G03440	16	1.028668	8.491877	10.974023
AT4G32160	24	0.543178	4.129771	5.336888
AT2G23348	3	0.183017	1.922925	2.484989
AT2G25800	53	1.204335	8.407988	10.865613
AT3G60680	5	0.171402	1.196632	1.546404
AT3G16990	27	1.269093	9.339318	12.069168
AT1G07763	0	0.0	0.0	0.0
AT2G37120	25	2.959784	20.663542	26.703424
AT5G52990	1	0.049761	0.347403	0.448948
AT5G53750	9	0.377143	2.633000	3.402617
AT4G22490	194	19.751276	137.892273	178.197708
AT4G28630	13	0.424481	2.963487	3.829704
AT2G09290	0	0.0	0.0	0.0
AT4G03440	9	0.215194	1.505309	1.945306
AT2G11570	0	0.0	0.0	0.0
AT4G16855	1	0.010114	0.080454	0.103971
AT5G08380	45	2.147482	15.600437	20.160391
AT1G05055	18	0.872261	6.089634	7.869613
AT4G35750	0	0.000000	0.000000	0.000000
AT1G05500	30	0.993232	7.414026	9.581121
AT3G55380	77	4.238456	31.922554	41.253407
AT4G08380	0	0.0	0.0	0.0
AT2G38960	0	0.000000	0.000000	0.000000
AT5G21274	90	8.765281	61.194241	79.081116
AT3G48290	4	0.142370	0.993947	1.284474
AT3G01545	0	0.000000	0.000000	0.000000
AT5G35750	38	0.670330	4.679866	6.047775
AT1G19180	66	2.922949	24.428080	31.568323
AT2G26980	88	2.148240	23.564327	30.452101
AT5G67600	71	7.230598	61.286148	79.199883
AT2G21320	27	1.954254	13.643499	17.631447
AT4G37685	0	0.000000	0.000000	0.000000
AT1G26490	0	0.0	0.0	0.0
AT3G53030	26	1.023023	7.142169	9.229801
AT5G48390	4	0.044030	0.309501	0.399967
AT3G07150	0	0.000000	0.000000	0.000000
AT1G12855	0	0.0	0.0	0.0
AT1G27250	0	0.0	0.0	0.0
AT5G48657	7	0.284562	3.118293	4.029759
AT1G54260	324	7.914933	55.461243	71.672379
AT5G55280	173	8.804987	61.471451	79.439346
AT5G22610	0	0.000000	0.000000	0.000000
AT1G56990	0	0.0	0.0	0.0
AT1G08477	0	0.000000	0.000000	0.000000
AT2G37790	30	1.820094	12.706869	16.421043
AT1G28180	0	0.0	0.0	0.0
AT3G08280	1	0.184873	1.290679	1.667940
AT4G22610	0	0.0	0.0	0.0
AT5G01135	0	0.000000	0.000000	0.000000
AT1G36160	89	0.914510	6.675977	8.627342
AT2G08705	0	0.000000	0.000000	0.000000
AT5G53490	331	24.244936	179.332901	231.751282
AT1G05557	3	0.311671	2.175911	2.811922
AT3G29260	0	0.0	0.0	0.0
AT4G18360	0	0.0	0.0	0.0
AT2G41670	45	2.479170	18.493837	23.899523
AT4G23990	12	0.291324	2.511739	3.245912
AT5G41950	77	1.957075	13.996982	18.088251
AT4G22750	87	5.827703	40.685734	52.578033
AT4G02940	45	1.496658	10.448821	13.502976
AT1G06263	1	0.000055	0.000384	0.000496
AT1G09160	66	2.331991	16.645586	21.511034
AT4G14500	129	4.312131	33.005825	42.653316
AT3G07420	6	0.155508	1.168455	1.509990
AT1G04993	0	0.0	0.0	0.0
AT5G22750	15	0.321146	2.242060	2.897407
AT5G23990	0	0.0	0.0	0.0
AT5G18360	0	0.000000	0.000000	0.000000
AT3G49140	119	3.726060	26.013248	33.616833
AT1G77720	0	0.000000	0.000000	0.000000
AT5G02940	135	3.046795	25.685471	33.193245
AT5G14500	0	0.000000	0.000000	0.000000
AT5G67390	54	2.559711	23.075710	29.820663
AT5G01775	6	0.663743	4.633879	5.988346
AT5G35610	0	0.0	0.0	0.0
AT3G19010	134	7.226134	56.418987	72.910065
AT5G48600	52	0.991839	6.924460	8.948456
AT3G20020	24	1.002641	7.010988	9.060276
AT5G24630	39	1.113583	9.229346	11.927052
AT3G18260	0	0.000000	0.000000	0.000000
AT4G29360	14	0.516968	3.660464	4.730406
AT2G45830	0	0.000000	0.000000	0.000000
AT2G33530	62	2.801253	19.556768	25.273144
AT1G31070	35	1.330791	9.290833	12.006510
AT4G35610	0	0.0	0.0	0.0
AT5G49530	40	1.162526	8.342145	10.780526
AT1G09813	0	0.0	0.0	0.0
AT4G24630	19	0.686645	4.986742	6.444349
AT3G01885	0	0.0	0.0	0.0
AT1G60880	0	0.0	0.0	0.0
AT3G26810	96	2.710835	19.471977	25.163570
AT4G33870	0	0.0	0.0	0.0
AT2G05220	426	35.359379	247.888885	320.345978
AT1G36992	0	0.000000	0.000000	0.000000
AT5G53350	110	3.407335	26.336445	34.034500
AT5G27810	0	0.0	0.0	0.0
AT5G10040	0	0.000000	0.000000	0.000000
AT1G65980	184	10.953581	103.976746	134.368790
AT5G64960	0	0.000000	0.000000	0.000000
AT4G04221	27	0.650905	4.544251	5.872520
AT5G45570	0	0.0	0.0	0.0
AT5G48120	38	0.671258	5.046308	6.521326
AT5G66290	0	0.000000	0.000000	0.000000
AT4G27810	1	0.064982	0.453668	0.586273
AT2G40930	46	1.043256	7.407799	9.573073
AT5G67450	1	0.051590	0.360172	0.465449
AT4G10040	57	5.504294	38.427876	49.660210
AT1G15780	47	0.739759	5.374093	6.944921
AT5G39150	0	0.0	0.0	0.0
AT5G06420	0	0.000000	0.000000	0.000000
AT5G14760	14	0.418658	2.922834	3.777168
ATMG00990	5	1.025875	7.162080	9.255532
AT2G21190	58	3.462116	24.170542	31.235506
AT1G73240	36	1.383123	9.656185	12.478654
AT2G04305	41	1.532857	11.834253	15.293365
AT3G09685	0	0.000000	0.000000	0.000000
AT1G27030	52	2.328409	17.926016	23.165730
AT4G39150	91	4.462723	33.688560	43.535614
AT4G14760	22	0.273402	2.074966	2.681472
AT2G31510	45	1.201275	8.830986	11.412252
AT2G31460	0	0.0	0.0	0.0
AT5G62800	0	0.0	0.0	0.0
AT2G43150	584	33.033314	274.171783	354.311218
AT2G08415	0	0.0	0.0	0.0
AT2G08565	0	0.000000	0.000000	0.000000
AT3G53250	1	0.081382	0.822008	1.062278
AT4G39420	60	0.449234	3.188450	4.120422
AT1G36078	0	0.0	0.0	0.0
AT4G25885	1	0.091593	0.639451	0.826360
AT1G64000	0	0.0	0.0	0.0
AT2G43420	22	0.814094	5.683545	7.344826
AT3G49305	0	0.000000	0.000000	0.000000
AT5G39420	0	0.0	0.0	0.0
AT5G06150	38	1.333630	11.765227	15.204163
AT1G03920	0	0.000000	0.000000	0.000000
AT5G44790	45	0.942431	6.795031	8.781196
AT1G26350	0	0.0	0.0	0.0
AT5G03115	0	0.0	0.0	0.0
AT4G04780	24	1.768441	16.758984	21.657579
AT5G48450	0	0.000000	0.000000	0.000000
AT3G45740	27	1.367704	9.548538	12.339542
AT5G67120	0	0.0	0.0	0.0
AT3G04870	153	5.629099	39.664257	51.257988
AT2G04695	0	0.0	0.0	0.0
AT2G33205	0	0.000000	0.000000	0.000000
AT1G05760	5	0.523053	3.667718	4.739779
AT4G03115	9	0.291446	2.298170	2.969917
AT5G04780	6	0.205362	1.433722	1.852794
AT1G08670	0	0.0	0.0	0.0
AT3G51010	67	5.537173	38.657417	49.956848
AT1G50600	44	1.466778	10.983795	14.194321
AT1G16270	0	0.000000	0.000000	0.000000
AT2G41355	0	0.000000	0.000000	0.000000
AT5G57540	0	0.0	0.0	0.0
AT4G15755	0	0.0	0.0	0.0
AT1G61820	0	0.000000	0.000000	0.000000
AT3G21080	0	0.0	0.0	0.0
AT3G06015	0	0.0	0.0	0.0
AT5G64840	256	7.099861	49.567223	64.055550
AT3G49470	191	14.037858	105.296394	136.074173
AT3G22520	94	2.359937	16.475748	21.291553
AT2G26700	0	0.000000	0.000000	0.000000
AT3G03050	11	0.187179	1.306778	1.688745
AT3G57130	5	0.183541	1.400092	1.809334
AT3G08815	0	0.0	0.0	0.0
AT2G47230	0	0.000000	0.000000	0.000000
AT4G17680	24	1.137659	8.376570	10.825014
AT3G03505	0	0.0	0.0	0.0
AT1G32850	0	0.000000	0.000000	0.000000
AT1G69100	0	0.0	0.0	0.0
AT5G17680	0	0.000000	0.000000	0.000000
AT1G09297	0	0.000000	0.000000	0.000000
AT1G52370	28	1.263067	8.843420	11.428321
AT2G08985	0	0.0	0.0	0.0
AT1G50390	0	0.0	0.0	0.0
AT4G35987	11	0.469873	3.576988	4.622529
AT4G26385	0	0.0	0.0	0.0
AT4G01310	786	55.596172	388.141083	501.593414
AT4G34050	191	9.311315	68.571213	88.614349
AT1G10800	3	0.269278	1.946662	2.515664
AT1G54445	0	0.0	0.0	0.0
AT5G01310	0	0.000000	0.000000	0.000000
AT3G01210	22	0.586506	4.610533	5.958176
AT1G62040	31	2.003249	19.409494	25.082823
AT5G07660	5	0.106078	0.761353	0.983895
AT5G57880	0	0.000000	0.000000	0.000000
AT1G44970	0	0.0	0.0	0.0
AT2G20380	0	0.0	0.0	0.0
AT2G02620	0	0.0	0.0	0.0
AT1G21110	10	0.334589	3.745603	4.840430
AT1G65560	0	0.000000	0.000000	0.000000
AT1G65410	32	1.470266	11.145310	14.403047
AT1G08147	0	0.0	0.0	0.0
AT5G64580	114	2.988794	20.866074	26.965155
AT1G13520	0	0.000000	0.000000	0.000000
AT3G57770	0	0.000000	0.000000	0.000000
AT1G50450	73	3.692392	25.960077	33.548119
AT4G12880	171	13.339530	105.401901	136.210510
AT5G03330	57	1.662876	14.021642	18.120119
AT5G56770	0	0.0	0.0	0.0
AT3G12770	0	0.000000	0.000000	0.000000
AT2G38840	37	1.038503	8.078756	10.440150
AT1G65700	52	3.708756	33.761452	43.629814
AT3G06660	24	1.025419	7.182201	9.281533
AT3G56880	39	2.096377	14.635720	18.913691
AT1G71200	0	0.0	0.0	0.0
AT5G12880	0	0.0	0.0	0.0
AT5G45090	0	0.0	0.0	0.0
AT1G20950	153	5.138397	35.873390	46.359058
AT4G03330	0	0.000000	0.000000	0.000000
AT2G02100	421	35.004166	311.850067	403.002777
AT4G32210	194	13.099492	97.920494	126.542320
AT3G14110	148	7.941232	65.601898	84.777107
AT4G05080	0	0.0	0.0	0.0
AT3G62970	16	0.848299	6.117958	7.906216
AT1G15900	2	0.170769	1.192213	1.540693
AT4G04957	0	0.0	0.0	0.0
AT3G11945	158	8.157143	59.904915	77.414917
AT5G05080	150	4.616769	78.554192	101.515305
AT1G23130	295	27.925444	194.959702	251.945740
AT3G03230	0	0.0	0.0	0.0
AT2G47050	0	0.0	0.0	0.0
AT3G16680	0	0.0	0.0	0.0
AT5G50915	14	0.592692	4.490103	5.802545
AT5G52680	0	0.0	0.0	0.0
AT5G02860	34	0.733166	5.482144	7.084557
AT5G25210	27	1.128674	11.804973	15.255526
AT4G20565	0	0.0	0.0	0.0
AT1G69620	614	60.766090	424.234558	548.236877
AT1G17370	134	3.947903	34.731400	44.883270
AT2G07820	0	0.0	0.0	0.0
AT2G09040	0	0.0	0.0	0.0
AT4G25210	88	4.334994	30.264481	39.110687
AT4G02860	44	2.676358	18.684820	24.146330
AT4G34230	33	1.589253	11.122746	14.373887
AT5G56130	47	2.984730	20.837702	26.928490
AT3G12130	49	2.690327	18.782345	24.272360
AT1G58110	46	1.640394	13.424149	17.347982
AT3G03765	0	0.0	0.0	0.0
AT3G60990	0	0.000000	0.000000	0.000000
AT1G76550	44	1.542343	10.767769	13.915151
AT1G14080	0	0.0	0.0	0.0
AT4G12540	3	0.120614	0.877162	1.133553
AT5G07015	0	0.000000	0.000000	0.000000
AT5G15060	0	0.0	0.0	0.0
AT1G08683	0	0.0	0.0	0.0
AT2G26560	116	5.642336	39.391605	50.905640
AT2G26410	0	0.0	0.0	0.0
AT4G04900	12	0.813458	5.679105	7.339087
AT1G78476	0	0.000000	0.000000	0.000000
AT1G23770	0	0.0	0.0	0.0
AT2G38580	21	0.823793	6.269273	8.101761
AT2G46330	622	45.075546	367.218933	474.555786
AT5G63020	18	0.483361	3.374554	4.360924
AT4G07015	0	0.0	0.0	0.0
AT3G56540	0	0.000000	0.000000	0.000000
AT4G15060	0	0.0	0.0	0.0
AT1G50120	33	1.018673	7.291405	9.422657
AT5G04900	45	2.555714	17.842552	23.057871
AT3G45430	3	0.085636	0.667788	0.862981
AT3G10790	0	0.0	0.0	0.0
AT3G05925	0	0.0	0.0	0.0
AT2G38640	17	1.340469	9.358398	12.093826
AT1G46840	0	0.0	0.0	0.0
AT1G08543	0	0.000000	0.000000	0.000000
AT2G42230	38	1.261884	9.637083	12.453970
AT4G12680	0	0.000000	0.000000	0.000000
AT3G52130	0	0.0	0.0	0.0
AT4G09310	14	0.711067	4.964269	6.415307
AT5G16130	863	69.791710	487.246338	629.666809
AT1G63470	46	1.924508	13.435829	17.363075
AT1G57370	0	0.0	0.0	0.0
AT2G24090	416	38.694996	270.146606	349.109558
AT5G44566	0	0.000000	0.000000	0.000000
AT3G56680	105	5.382701	37.578983	48.563190
AT3G06860	95	2.775856	19.379461	25.044010
AT5G09310	29	2.242815	15.814801	20.437414
AT4G16130	33	0.752286	5.252037	6.787189
AT1G32127	0	0.000000	0.000000	0.000000
AT1G11592	15	0.786730	5.969407	7.714244
AT5G04255	0	0.0	0.0	0.0
AT3G09210	0	0.000000	0.000000	0.000000
AT3G04355	0	0.000000	0.000000	0.000000
AT1G32400	111	4.700583	35.898743	46.391827
AT5G52540	37	1.713700	11.964087	15.461148
AT3G16540	0	0.0	0.0	0.0
AT2G16910	0	0.000000	0.000000	0.000000
AT3G50790	70	3.272141	22.844242	29.521536
AT1G29110	0	0.0	0.0	0.0
AT1G10120	25	0.867012	6.052989	7.822257
AT2G07345	0	0.000000	0.000000	0.000000
AT1G48040	5	0.197260	1.377158	1.779697
AT3G27520	10	0.650709	4.542883	5.870752
AT5G55060	23	0.638357	4.456648	5.759311
AT1G54080	280	9.962947	77.764755	100.495125
AT4G16770	26	1.056965	8.298840	10.724562
AT2G44210	136	5.444724	39.812550	51.449623
AT5G65535	0	0.0	0.0	0.0
AT3G54110	66	3.886816	27.135555	35.067184
ATMG00270	1	0.059061	0.412331	0.532853
AT1G06590	9	0.207642	1.449639	1.873364
AT1G67040	9	0.201897	1.409531	1.821532
AT5G04238	0	0.000000	0.000000	0.000000
AT4G37682	0	0.000000	0.000000	0.000000
AT5G02660	0	0.000000	0.000000	0.000000
AT5G52880	23	1.554281	10.851112	14.022856
AT3G16880	0	0.0	0.0	0.0
AT4G33355	0	0.000000	0.000000	0.000000
AT1G69820	0	0.0	0.0	0.0
AT3G52770	0	0.000000	0.000000	0.000000
AT3G29080	0	0.0	0.0	0.0
AT5G16770	0	0.000000	0.000000	0.000000
AT1G10450	30	0.553748	4.059258	5.245765
AT4G02660	4	0.024482	0.175464	0.226752
AT1G06083	3	0.697452	4.869216	6.292471
AT5G33355	0	0.0	0.0	0.0
AT1G25400	4	0.171395	1.196583	1.546340
AT5G36310	0	0.0	0.0	0.0
AT1G08883	0	0.000000	0.000000	0.000000
AT1G36272	0	0.0	0.0	0.0
AT1G61100	58	1.498851	10.811877	13.972152
AT2G38325	0	0.0	0.0	0.0
AT5G66970	0	0.0	0.0	0.0
AT5G34908	0	0.0	0.0	0.0
AT1G55900	44	2.100956	14.782485	19.103355
AT3G18080	679	27.255522	190.282669	245.901657
AT1G61620	38	2.228996	15.561593	20.110193
AT5G04035	0	0.0	0.0	0.0
AT3G23370	0	0.000000	0.000000	0.000000
AT4G33495	5	0.204685	1.428995	1.846686
AT4G04035	0	0.000000	0.000000	0.000000
AT1G76930	300	13.858552	112.408890	145.265625
AT5G11425	0	0.000000	0.000000	0.000000
AT1G10657	50	2.477431	25.050919	32.373219
AT1G10390	88	1.711571	12.570877	16.245302
AT1G09995	23	1.679523	11.956037	15.450746
AT5G64640	8	0.252410	1.762184	2.277265
AT1G53520	45	3.270985	22.836172	29.511106
AT5G37210	0	0.0	0.0	0.0
AT1G32650	0	0.0	0.0	0.0
AT3G17770	12	0.398226	2.780189	3.592829
AT2G03932	0	0.0	0.0	0.0
AT3G08615	0	0.0	0.0	0.0
AT4G23270	60	1.811378	12.646019	16.342407
AT4G17880	45	1.523305	10.634856	13.743388
AT4G22285	67	0.916091	16.897064	21.836018
AT4G37210	27	1.111169	7.773864	10.046137
AT1G03365	30	0.566262	5.102542	6.593999
AT5G23270	0	0.000000	0.000000	0.000000
AT5G17880	32	0.623653	4.353993	5.626651
AT1G04273	0	0.000000	0.000000	0.000000
AT3G44485	0	0.000000	0.000000	0.000000
AT3G10986	0	0.0	0.0	0.0
AT2G38195	0	0.000000	0.000000	0.000000
AT2G15020	30	1.122126	7.834050	10.123917
AT1G34170	0	0.0	0.0	0.0
AT4G05445	0	0.0	0.0	0.0
AT4G17540	4	0.265369	1.874774	2.422764
AT5G02015	0	0.0	0.0	0.0
AT1G48912	0	0.0	0.0	0.0
AT1G79200	0	0.000000	0.000000	0.000000
AT3G08755	0	0.0	0.0	0.0
AT4G26520	1	0.000536	0.004845	0.006261
AT4G00240	0	0.000000	0.000000	0.000000
AT1G56270	0	0.0	0.0	0.0
AT1G10600	45	2.642910	20.186676	26.087172
AT1G32710	0	0.0	0.0	0.0
AT5G65200	5	0.165489	1.155351	1.493056
AT5G05445	0	0.0	0.0	0.0
AT5G17540	0	0.000000	0.000000	0.000000
AT3G04495	0	0.000000	0.000000	0.000000
AT1G20530	0	0.000000	0.000000	0.000000
AT1G56165	0	0.000000	0.000000	0.000000
AT1G12370	0	0.000000	0.000000	0.000000
AT2G02820	24	0.470635	4.415534	5.706181
AT1G10717	0	0.0	0.0	0.0
AT5G07860	50	2.386844	16.663597	21.534311
AT5G15815	0	0.0	0.0	0.0
AT4G30480	41	2.664397	18.770420	24.256950
AT3G48970	0	0.000000	0.000000	0.000000
AT3G17130	0	0.0	0.0	0.0
AT5G27610	0	0.000000	0.000000	0.000000
AT3G21260	0	0.000000	0.000000	0.000000
AT1G22250	13	1.255501	8.765200	11.327237
AT5G49950	39	1.568674	10.951596	14.152711
AT3G02150	10	0.284972	2.629509	3.398105
AT4G33670	72	4.422632	30.876324	39.901363
AT1G01160	25	1.680060	11.916235	15.399310
AT4G30910	40	1.437269	10.034201	12.967164
AT5G60370	17	0.705630	5.295426	6.843261
AT2G24570	27	1.309348	9.676744	12.505224
AT4G27610	18	0.568796	4.002150	5.171965
AT2G32790	0	0.0	0.0	0.0
AT2G33950	0	0.000000	0.000000	0.000000
AT5G09775	0	0.0	0.0	0.0
AT4G38920	267	11.872281	165.041962	213.283173
AT3G11010	59	1.413337	10.516864	13.590906
AT3G59926	0	0.0	0.0	0.0
AT3G47000	0	0.000000	0.000000	0.000000
AT5G38920	0	0.0	0.0	0.0
AT1G39070	0	0.0	0.0	0.0
AT5G41530	0	0.0	0.0	0.0
AT3G60270	0	0.0	0.0	0.0
AT4G09775	0	0.0	0.0	0.0
AT5G62600	33	0.702244	4.902671	6.335705
AT1G05937	0	0.0	0.0	0.0
AT2G30130	0	0.0	0.0	0.0
AT1G05153	0	0.000000	0.000000	0.000000
AT3G21175	22	0.829316	6.393648	8.262489
AT4G12917	32	2.275769	17.785704	22.984404
ATCG00320	10	10.405405	72.644661	93.878456
AT1G06070	19	0.739910	5.175953	6.688866
AT1G05423	0	0.000000	0.000000	0.000000
AT1G35250	0	0.0	0.0	0.0
AT4G13350	93	2.718646	20.292618	26.224081
AT2G06667	0	0.0	0.0	0.0
AT3G62290	210	13.049883	114.373955	147.805069
AT1G63140	0	0.000000	0.000000	0.000000
AT5G50040	0	0.0	0.0	0.0
AT2G25790	14	0.337412	2.355620	3.044160
AT3G09545	0	0.000000	0.000000	0.000000
AT5G13350	0	0.0	0.0	0.0
AT2G09915	0	0.0	0.0	0.0
AT1G11180	25	0.749245	11.728337	15.156490
AT1G30455	0	0.0	0.0	0.0
AT4G34419	0	0.0	0.0	0.0
AT2G29320	65	3.470230	26.027330	33.635029
AT1G18335	17	0.930035	6.600264	8.529498
AT4G07940	0	0.000000	0.000000	0.000000
AT3G04670	30	1.043284	7.816974	10.101849
AT2G30770	0	0.000000	0.000000	0.000000
AT4G27750	22	1.482002	10.346502	13.370749
AT4G09135	0	0.0	0.0	0.0
AT5G62390	199	7.865100	54.909687	70.959602
AT1G08870	0	0.0	0.0	0.0
AT2G18320	0	0.0	0.0	0.0
AT1G72720	0	0.000000	0.000000	0.000000
AT5G07940	54	0.804131	5.627728	7.272694
AT5G27750	39	1.000096	15.437749	19.950150
AT2G04895	0	0.0	0.0	0.0
AT5G54760	260	17.680580	180.465332	233.214737
AT5G09135	0	0.000000	0.000000	0.000000
AT3G02420	38	1.703767	12.448976	16.087769
AT4G31420	40	1.875682	13.118285	16.952715
AT2G06510	24	0.834301	5.840271	7.547362
AT2G14720	93	2.877630	20.089989	25.962223
AT1G09753	0	0.000000	0.000000	0.000000
AT5G27065	0	0.0	0.0	0.0
AT5G54500	170	8.375000	74.930016	96.831802
AT4G13490	0	0.0	0.0	0.0
AT1G34440	0	0.0	0.0	0.0
AT2G19240	0	0.000000	0.000000	0.000000
AT4G08525	0	0.0	0.0	0.0
AT3G26750	8	0.272854	1.904913	2.461712
AT5G58360	7	0.310680	2.168993	2.802982
AT3G05360	6	0.155902	1.088420	1.406561
AT5G13490	39	1.370767	12.084914	15.617293
AT3G28291	0	0.0	0.0	0.0
AT5G08525	3	2.795181	19.514378	25.218363
AT1G22030	15	0.634572	4.430224	5.725163
AT5G05175	0	0.0	0.0	0.0
AT5G22810	0	0.000000	0.000000	0.000000
AT5G05260	0	0.0	0.0	0.0
AT2G28240	0	0.000000	0.000000	0.000000
AT1G04280	21	0.638247	4.455881	5.758319
AT3G24180	93	1.975154	13.789411	17.820007
AT1G25375	30	1.155709	8.361987	10.806167
AT3G58260	0	0.0	0.0	0.0
AT2G03000	0	0.0	0.0	0.0
AT2G48160	67	1.051658	7.601933	9.823951
AT4G22810	0	0.0	0.0	0.0
AT4G05260	0	0.0	0.0	0.0
AT4G17215	0	0.0	0.0	0.0
AT2G07798	0	0.000000	0.000000	0.000000
AT3G23715	0	0.0	0.0	0.0
AT3G59010	19	0.708977	4.949677	6.396451
AT5G05735	0	0.000000	0.000000	0.000000
AT2G18190	0	0.000000	0.000000	0.000000
AT5G62120	0	0.0	0.0	0.0
AT3G15380	45	1.485800	10.373017	13.405015
AT2G41870	39	2.016192	14.075915	18.190256
AT4G05735	0	0.000000	0.000000	0.000000
AT5G51451	0	0.000000	0.000000	0.000000
AT1G35030	0	0.0	0.0	0.0
AT1G09977	0	0.000000	0.000000	0.000000
AT1G24010	0	0.0	0.0	0.0
AT2G11462	0	0.0	0.0	0.0
AT5G46000	0	0.0	0.0	0.0
AT1G32375	0	0.000000	0.000000	0.000000
AT1G70330	0	0.000000	0.000000	0.000000
AT3G13782	0	0.000000	0.000000	0.000000
AT4G15280	0	0.0	0.0	0.0
AT2G45630	9	0.495516	3.886670	5.022730
AT5G35810	0	0.0	0.0	0.0
AT2G29190	61	1.292204	9.103499	11.764421
AT5G43510	0	0.000000	0.000000	0.000000
AT5G43460	98	5.370116	40.368671	52.168297
AT5G24830	9	0.222485	1.807368	2.335655
AT5G48800	13	0.411283	2.871346	3.710630
AT2G40550	46	1.580994	11.037608	14.263863
AT1G60680	4	0.226673	1.625537	2.100675
AT1G62915	0	0.000000	0.000000	0.000000
AT1G52855	12	1.117276	7.800190	10.080159
ATCG00190	117	2.887853	20.161358	26.054457
AT5G15280	11	0.218299	1.524040	1.969512
AT4G31150	8	0.339905	2.470325	3.192393
AT2G39510	9	0.410513	2.865970	3.703683
AT1G14260	0	0.000000	0.000000	0.000000
AT3G26610	0	0.0	0.0	0.0
AT2G39460	1086	53.748337	621.623840	803.322388
AT1G09613	0	0.0	0.0	0.0
AT4G35810	14	0.817507	5.707373	7.375618
AT3G13030	15	0.473323	3.513219	4.540121
AT4G24830	107	4.433490	30.952126	39.999325
AT5G63950	0	0.000000	0.000000	0.000000
AT5G62790	241	9.117229	69.778030	90.173912
AT1G66120	0	0.0	0.0	0.0
AT2G18720	0	0.000000	0.000000	0.000000
AT5G53810	0	0.000000	0.000000	0.000000
AT3G19180	32	0.756667	5.801210	7.496884
AT3G60540	21	1.563153	12.045538	15.566408
AT1G72320	72	1.629492	13.955541	18.034698
AT5G58500	0	0.0	0.0	0.0
AT5G27350	80	3.004706	20.977160	27.108715
AT5G54360	0	0.0	0.0	0.0
AT4G39363	2	1.125000	7.854115	10.149846
AT1G55380	2	0.069392	0.484456	0.626061
AT3G05500	54	2.351528	21.590830	27.901756
AT1G18735	27	2.241802	15.650996	20.225729
AT3G05055	0	0.0	0.0	0.0
AT2G30370	9	0.280904	2.942850	3.803035
AT4G27350	4	0.212735	1.485196	1.919313
AT5G04525	0	0.0	0.0	0.0
AT5G16715	77	1.710658	12.285645	15.876697
AT5G60130	0	0.0	0.0	0.0
AT2G24240	6	0.209847	1.465033	1.893258
AT1G08280	29	1.083055	7.561279	9.771415
AT3G28180	144	4.389080	30.642080	39.598656
AT5G13750	19	0.559446	4.295810	5.551461
AT5G12990	0	0.0	0.0	0.0
AT2G32600	88	5.397387	37.681511	48.695686
AT3G56990	28	0.722991	5.702171	7.368896
AT2G29720	18	0.708312	4.945035	6.390451
AT1G09493	0	0.000000	0.000000	0.000000
AT3G54260	0	0.000000	0.000000	0.000000
AT2G44160	149	5.544689	38.746151	50.071518
ATCG00720	970	46.325630	323.419403	417.953827
AT3G27250	1	0.039205	0.281108	0.363274
AT1G68935	0	0.000000	0.000000	0.000000
AT1G53030	8	1.017422	7.103066	9.179268
AT1G07150	5	0.196572	1.491374	1.927298
AT4G12990	25	1.070264	8.684606	11.223086
AT4G13750	23	0.217026	1.515153	1.958027
AT3G26490	19	0.553538	3.904375	5.045610
AT5G19830	0	0.000000	0.000000	0.000000
AT4G13610	0	0.0	0.0	0.0
AT4G09375	0	0.000000	0.000000	0.000000
AT4G10970	209	6.111970	104.689819	135.290298
AT2G07689	0	0.0	0.0	0.0
AT3G30805	0	0.0	0.0	0.0
AT1G49140	83	4.441078	32.864075	42.470131
AT5G32613	0	0.0	0.0	0.0
AT4G26030	0	0.0	0.0	0.0
AT1G07420	74	2.165617	25.111689	32.451748
AT2G47920	2	0.078319	0.546779	0.706601
AT5G09375	0	0.000000	0.000000	0.000000
AT4G19830	31	1.336998	10.124541	13.083910
AT5G13610	26	1.282854	8.956162	11.574018
AT3G09160	38	1.420235	14.982433	19.361748
AT5G10970	0	0.000000	0.000000	0.000000
AT1G28010	14	0.264106	1.843839	2.382787
AT5G26030	96	3.691686	26.022833	33.629219
AT5G42960	39	3.285562	22.937941	29.642622
AT4G21760	27	1.164554	8.661218	11.192863
AT1G29260	39	2.041114	14.249907	18.415106
AT2G15530	50	1.130262	8.949747	11.565727
AT2G07435	0	0.0	0.0	0.0
AT1G26810	12	0.339900	2.434098	3.145577
AT3G60880	35	1.662307	12.536990	16.201509
AT2G25600	0	0.0	0.0	0.0
AT2G32390	27	0.595145	4.220920	5.454681
AT5G28830	17	0.738814	5.613193	7.253910
AT5G44800	74	0.742144	5.181231	6.695687
AT3G09275	0	0.000000	0.000000	0.000000
AT1G66450	0	0.0	0.0	0.0
AT1G18260	34	1.118010	7.805315	10.086782
AT1G72645	114	9.481250	66.192734	85.540649
AT1G20020	2327	101.479279	823.319763	1063.973267
AT1G19010	12	0.439599	3.697815	4.778674
AT1G67290	0	0.0	0.0	0.0
AT5G60770	0	0.0	0.0	0.0
AT4G28830	36	2.571043	18.244907	23.577831
AT1G07627	0	0.0	0.0	0.0
AT5G02070	0	0.000000	0.000000	0.000000
AT3G02832	6	0.455669	3.181224	4.111084
AT5G03085	0	0.0	0.0	0.0
AT5G11630	0	0.000000	0.000000	0.000000
AT3G05235	0	0.0	0.0	0.0
AT2G37800	0	0.0	0.0	0.0
AT2G28570	7	0.503455	3.514838	4.542214
AT3G17655	0	0.000000	0.000000	0.000000
AT2G25120	0	0.0	0.0	0.0
AT4G02070	15	0.251176	1.798941	2.324766
AT1G70730	113	3.812103	26.613951	34.393120
AT1G33780	0	0.000000	0.000000	0.000000
AT2G41280	0	0.0	0.0	0.0
AT4G11630	72	5.281049	36.869301	47.646076
AT3G51180	3	0.099455	0.694339	0.897292
AT4G05335	3	0.578125	4.036142	5.215893
AT5G15870	4	0.111541	0.778716	1.006332
AT1G53250	18	1.018355	7.162171	9.255649
AT4G34920	78	4.170946	29.119192	37.630630
AT4G21500	1	0.071150	0.496729	0.641921
AT1G31940	24	1.670475	13.501232	17.447594
AT2G32450	25	0.639818	4.466848	5.772493
AT3G27030	11	1.932401	13.490932	17.434286
AT1G59865	0	0.0	0.0	0.0
AT4G15870	0	0.0	0.0	0.0
AT1G72190	18	1.085224	7.576422	9.790984
AT5G05335	0	0.0	0.0	0.0
AT1G66390	0	0.000000	0.000000	0.000000
AT1G55928	0	0.0	0.0	0.0
AT2G01290	12	0.532937	3.720665	4.808203
AT3G15780	0	0.000000	0.000000	0.000000
AT2G19570	10	0.547109	3.819606	4.936064
AT5G26250	0	0.0	0.0	0.0
AT4G37160	0	0.0	0.0	0.0
AT5G27490	19	1.127871	8.333593	10.769474
AT2G06095	0	0.0	0.0	0.0
AT4G40080	0	0.000000	0.000000	0.000000
AT3G03920	172	14.762145	103.060966	133.185333
AT1G70170	0	0.0	0.0	0.0
AT4G26250	0	0.0	0.0	0.0
AT1G80140	0	0.0	0.0	0.0
AT5G37160	0	0.0	0.0	0.0
AT4G27490	19	0.930617	7.269846	9.394797
AT5G51830	34	1.510022	10.542122	13.623548
AT2G32120	4	0.134096	0.936183	1.209826
AT5G57990	190	4.971138	34.705681	44.850033
AT5G40080	42	3.276171	31.297407	40.445530
AT1G75510	45	3.006728	20.991278	27.126957
AT1G51010	0	0.0	0.0	0.0
AT1G75460	270	10.438316	72.874435	94.175377
AT5G18937	0	0.0	0.0	0.0
AT3G08670	34	0.928522	7.488267	9.677062
AT2G25450	558	25.916763	198.537888	256.569824
AT3G05760	40	3.182002	24.713806	31.937569
AT4G00090	24	1.085844	7.580751	9.796577
AT1G30795	0	0.0	0.0	0.0
AT1G04870	63	3.063346	21.386553	27.637770
AT5G55670	22	0.573486	4.003755	5.174040
AT1G09353	0	0.0	0.0	0.0
AT1G66600	0	0.0	0.0	0.0
AT2G08895	0	0.0	0.0	0.0
AT3G26350	2	0.101319	0.951716	1.229900
AT5G58760	0	0.000000	0.000000	0.000000
AT1G18197	0	0.0	0.0	0.0
AT4G09650	2273	157.927887	1102.563354	1424.838867
AT5G08035	0	0.0	0.0	0.0
AT1G22520	62	5.438012	39.891846	51.552097
AT1G49470	28	1.716395	11.982902	15.485462
AT4G36710	2	0.074320	0.518860	0.670521
AT1G21080	65	2.518155	19.129057	24.720415
AT3G61820	214	8.310311	58.017906	74.976341
ATMG00880	0	0.0	0.0	0.0
AT4G08035	83	3.673743	32.264061	41.694736
AT2G09970	0	0.0	0.0	0.0
AT5G09650	474	32.076206	223.937973	289.394287
AT5G36710	21	1.091706	13.376264	17.286098
AT3G16270	59	1.448148	11.299377	14.602146
AT2G42365	0	0.000000	0.000000	0.000000
AT5G52270	0	0.0	0.0	0.0
AT4G06835	0	0.0	0.0	0.0
AT3G52370	33	1.382289	9.870430	12.755524
AT5G16370	11	0.390799	2.728338	3.525822
AT3G04615	0	0.000000	0.000000	0.000000
AT4G16370	162	4.783544	33.396004	43.157543
AT1G31860	88	3.441925	27.349014	35.343037
AT5G06835	2	0.731034	5.103667	6.595451
AT1G65890	0	0.000000	0.000000	0.000000
AT1G57130	0	0.0	0.0	0.0
AT1G08273	0	0.000000	0.000000	0.000000
AT1G03050	0	0.000000	0.000000	0.000000
AT4G30975	10	0.235085	2.366092	3.057693
AT1G06467	1	0.025429	0.177531	0.229423
AT1G06517	0	0.0	0.0	0.0
AT2G07745	0	0.0	0.0	0.0
AT1G43820	0	0.0	0.0	0.0
AT1G35520	0	0.0	0.0	0.0
AT4G31408	0	0.0	0.0	0.0
AT3G10800	22	0.708035	4.943101	6.387952
AT3G04755	0	0.000000	0.000000	0.000000
AT3G50390	1	0.044856	0.313159	0.404695
AT3G08495	0	0.0	0.0	0.0
AT3G02635	0	0.0	0.0	0.0
AT2G36970	19	0.855225	5.970698	7.715913
AT5G50290	4	0.164170	1.146142	1.481156
AT5G25995	0	0.000000	0.000000	0.000000
AT1G57770	55	2.057223	14.951457	19.321716
AT3G13520	152	14.960494	104.445724	134.974854
AT5G47640	21	1.597368	11.151922	14.411591
AT3G44703	0	0.0	0.0	0.0
AT4G36650	0	0.000000	0.000000	0.000000
AT3G21110	48	2.040978	14.473528	18.704090
ATMG00540	0	0.0	0.0	0.0
AT3G44970	2	0.075335	0.525946	0.679679
AT3G06185	0	0.0	0.0	0.0
AT3G62040	0	0.000000	0.000000	0.000000
AT3G25850	0	0.0	0.0	0.0
AT1G01210	18	1.331175	15.016872	19.406254
AT5G02590	36	2.523952	17.620810	22.771311
AT1G14110	0	0.0	0.0	0.0
AT5G07185	0	0.0	0.0	0.0
AT2G34640	108	4.134181	28.862520	37.298935
AT2G22200	3	0.162242	1.132682	1.463761
AT3G20950	0	0.0	0.0	0.0
AT1G56880	0	0.0	0.0	0.0
AT1G06660	9	0.356987	2.492282	3.220767
AT5G23540	103	6.147419	42.917812	55.462540
AT1G70440	0	0.000000	0.000000	0.000000
AT4G08255	0	0.000000	0.000000	0.000000
AT4G07185	0	0.0	0.0	0.0
AT4G02590	41	1.953277	13.636678	17.622633
AT1G55546	0	0.0	0.0	0.0
AT3G46640	24	0.490041	7.261447	9.383943
AT5G44306	0	0.0	0.0	0.0
AT1G80470	0	0.000000	0.000000	0.000000
AT2G28090	0	0.0	0.0	0.0
AT1G12770	61	1.902718	13.283703	17.166485
AT1G33900	0	0.0	0.0	0.0
AT5G09400	43	1.117803	7.803870	10.084914
AT4G23540	24	0.531275	3.709062	4.793209
AT5G08255	0	0.000000	0.000000	0.000000
AT3G50450	0	0.0	0.0	0.0
AT5G42580	0	0.0	0.0	0.0
AT3G08355	0	0.000000	0.000000	0.000000
AT1G03230	27	1.140909	7.965182	10.293379
AT2G26890	63	0.586651	4.100512	5.299077
AT5G41020	62	2.580157	18.013199	23.278397
AT3G23130	0	0.0	0.0	0.0
AT3G04060	0	0.0	0.0	0.0
AT1G32310	27	2.967922	20.720356	26.776846
AT1G27385	54	3.612331	27.244158	35.207535
AT3G15900	35	3.789541	26.456438	34.189564
AT4G32272	24	1.070390	7.673743	9.916752
AT1G58080	194	8.773992	62.208862	80.392296
AT3G14172	39	0.459449	4.273889	5.523131
AT1G62970	16	0.426134	2.989311	3.863077
AT2G19090	0	0.000000	0.000000	0.000000
AT4G05110	0	0.000000	0.000000	0.000000
AT1G60990	67	2.519283	19.074923	24.650457
AT5G42840	0	0.0	0.0	0.0
AT4G33060	25	1.001513	7.232726	9.346827
AT3G01995	0	0.000000	0.000000	0.000000
AT2G35200	0	0.0	0.0	0.0
AT3G58110	39	1.088675	7.600515	9.822119
AT3G07835	0	0.000000	0.000000	0.000000
AT1G12130	0	0.0	0.0	0.0
AT4G01850	263	12.459668	86.986374	112.412193
AT2G06575	0	0.0	0.0	0.0
AT1G24577	2	0.197861	1.381354	1.785119
AT5G05110	9	0.568103	4.244252	5.484832
AT5G17165	0	0.000000	0.000000	0.000000
AT3G17370	0	0.0	0.0	0.0
AT5G01850	11	0.433005	3.169774	4.096289
AT1G16680	32	0.899535	6.280046	8.115682
AT1G25310	0	0.0	0.0	0.0
AT5G36400	0	0.0	0.0	0.0
AT5G17270	25	0.587400	4.100895	5.299573
AT1G04883	0	0.000000	0.000000	0.000000
AT1G10790	0	0.0	0.0	0.0
AT2G25964	7	0.851709	5.946152	7.684191
AT5G22875	35	2.356720	16.453289	21.262529
AT3G50120	0	0.000000	0.000000	0.000000
AT2G40220	0	0.0	0.0	0.0
AT5G23880	43	1.278218	8.923797	11.532192
AT4G00570	146	3.012306	21.030220	27.177282
AT1G56540	11	0.226113	1.578593	2.040011
AT4G36400	131	4.660803	33.248123	42.966438
AT2G34325	0	0.0	0.0	0.0
AT3G23770	0	0.0	0.0	0.0
AT2G39681	101	7.785300	54.352570	70.239639
AT4G17270	109	5.450660	38.053436	49.176319
AT4G18596	0	0.000000	0.000000	0.000000
AT4G23880	9	0.593496	4.143454	5.354572
AT3G14080	41	2.003117	15.730263	20.328167
AT5G57560	61	3.041509	21.234098	27.440754
AT5G57410	23	0.936955	7.338739	9.483827
AT4G07325	0	0.0	0.0	0.0
AT2G40830	50	1.725687	12.579940	16.257013
AT4G27910	23	0.430965	3.008754	3.888203
AT5G24550	0	0.0	0.0	0.0
AT3G56700	0	0.0	0.0	0.0
AT1G09470	6	0.279459	2.449430	3.165390
AT2G33650	0	0.0	0.0	0.0
AT3G25020	25	0.627067	4.377828	5.657452
AT5G64860	74	2.756706	19.245766	24.871237
AT5G07325	0	0.000000	0.000000	0.000000
AT5G49650	58	1.486452	11.158673	14.420315
AT1G65880	0	0.0	0.0	0.0
AT4G24550	55	2.403288	16.815256	21.730297
AT5G27910	1	0.093710	0.654230	0.845460
AT4G30610	45	2.082398	14.538128	18.787573
AT4G12700	10	0.331369	2.313432	2.989640
AT5G63310	590	48.160206	336.227386	434.505493
AT4G33970	0	0.0	0.0	0.0
AT3G63210	16	0.668092	4.664242	6.027583
AT1G05637	0	0.000000	0.000000	0.000000
AT5G38620	0	0.0	0.0	0.0
AT5G62900	87	7.061539	49.299683	63.709808
AT1G71370	0	0.0	0.0	0.0
AT1G21090	16	0.833444	6.245502	8.071040
AT4G12617	0	0.0	0.0	0.0
AT3G07225	0	0.0	0.0	0.0
AT2G27130	23	1.857143	12.965525	16.755302
ATMG00890	1	0.113707	0.793838	1.025874
AT4G38620	16	0.824885	5.758882	7.442183
AT2G09755	0	0.000000	0.000000	0.000000
AT3G10525	46	4.432203	30.943138	39.987713
AT3G08485	0	0.0	0.0	0.0
AT5G50280	25	0.730669	5.101119	6.592158
AT1G03820	21	1.488021	10.388523	13.425053
AT2G09615	0	0.0	0.0	0.0
AT2G13370	43	0.492045	3.583739	4.631253
AT3G44755	0	0.000000	0.000000	0.000000
AT1G62060	0	0.0	0.0	0.0
AT4G30750	34	1.702059	13.811444	17.848482
AT5G07640	0	0.000000	0.000000	0.000000
AT3G61050	170	6.817496	48.079361	62.132793
AT2G34185	0	0.0	0.0	0.0
AT5G49710	8	0.288074	2.648387	3.422501
AT2G27770	22	0.893899	6.240698	8.064834
AT3G04970	18	0.808943	6.298665	8.139744
AT1G65540	90	2.262958	18.183735	23.498779
AT1G17200	119	9.878136	93.923248	121.376686
AT2G33710	0	0.000000	0.000000	0.000000
AT3G50380	29	0.232255	1.621473	2.095424
AT2G26880	0	0.0	0.0	0.0
AT5G42590	0	0.0	0.0	0.0
AT1G52200	50	2.198554	19.366747	25.027580
AT2G05155	0	0.0	0.0	0.0
AT2G38860	51	1.727193	19.973421	25.811583
AT3G55566	0	0.0	0.0	0.0
AT2G33400	46	2.262801	15.797599	20.415184
AT5G49400	28	1.699614	11.865746	15.334063
AT3G06640	0	0.0	0.0	0.0
AT2G19080	97	4.926845	37.085880	47.925961
AT1G58090	0	0.0	0.0	0.0
AT5G03575	0	0.0	0.0	0.0
AT5G02580	11	0.772164	6.660737	8.607647
AT5G07195	0	0.0	0.0	0.0
AT3G44060	0	0.000000	0.000000	0.000000
AT1G56890	0	0.0	0.0	0.0
AT2G31730	21	1.327828	10.086387	13.034604
AT4G14430	30	1.655367	11.556839	14.934862
AT5G01020	202	8.862239	61.871151	79.955879
AT4G03575	0	0.0	0.0	0.0
AT5G20885	19	1.009642	7.048750	9.109076
AT4G07195	1	0.138577	0.967466	1.250254
AT2G31082	0	0.0	0.0	0.0
AT2G28080	21	0.863271	6.026871	7.788505
AT1G04040	242	15.427217	178.273804	230.382614
AT4G02580	210	13.702372	95.662224	123.623970
AT1G16300	0	0.000000	0.000000	0.000000
AT5G14430	46	1.607210	11.405320	14.739057
AT4G01020	12	0.168974	1.179681	1.524498
AT1G74385	0	0.000000	0.000000	0.000000
AT2G36060	104	7.165793	58.349926	75.405411
AT1G12244	15	1.184130	8.266927	10.683322
AT1G09677	0	0.000000	0.000000	0.000000
AT4G20545	0	0.0	0.0	0.0
AT4G38100	0	0.000000	0.000000	0.000000
AT5G02840	84	3.175131	31.643497	40.892784
AT1G43765	0	0.000000	0.000000	0.000000
AT5G61330	52	1.620541	12.187702	15.750125
AT2G08210	0	0.0	0.0	0.0
AT4G06225	0	0.000000	0.000000	0.000000
AT2G31265	0	0.000000	0.000000	0.000000
AT2G09060	0	0.0	0.0	0.0
AT5G23890	112	2.663089	18.720560	24.192514
AT1G10780	15	0.648872	4.902392	6.335344
AT1G04893	0	0.000000	0.000000	0.000000
AT5G38100	0	0.0	0.0	0.0
AT3G23955	0	0.0	0.0	0.0
AT4G02840	89	8.639305	62.599403	80.896996
AT5G45110	86	2.499454	18.281672	23.625341
AT5G41850	0	0.000000	0.000000	0.000000
AT4G23890	106	8.048612	56.190865	72.615265
AT3G03745	0	0.000000	0.000000	0.000000
AT3G14090	7	0.204771	1.429595	1.847461
AT3G26910	6	0.159613	1.114328	1.440042
AT2G26540	72	3.057096	26.800085	34.633656
AT5G15040	0	0.0	0.0	0.0
AT3G06325	1	0.203597	1.421399	1.836870
AT1G60980	0	0.0	0.0	0.0
AT4G12410	0	0.0	0.0	0.0
AT4G12560	62	2.417252	19.003433	24.558071
AT3G01985	0	0.0	0.0	0.0
AT1G09913	1	0.182915	1.277009	1.650275
AT1G05430	63	4.202172	29.861074	38.589363
AT2G31170	95	3.215778	26.888155	34.747471
AT2G45930	0	0.000000	0.000000	0.000000
AT5G12410	45	2.309371	16.122725	20.835342
AT3G56560	0	0.0	0.0	0.0
AT4G15040	0	0.000000	0.000000	0.000000
AT3G56410	0	0.000000	0.000000	0.000000
AT3G61230	0	0.000000	0.000000	0.000000
AT5G40570	0	0.000000	0.000000	0.000000
AT5G57700	37	1.614035	11.764940	15.203793
AT1G16690	12	0.459064	3.204926	4.141715
AT2G17520	37	0.977622	6.825205	8.820189
AT2G05425	0	0.0	0.0	0.0
AT1G08290	0	0.0	0.0	0.0
AT1G20850	37	2.119013	14.793754	19.117916
AT5G12980	19	1.197848	8.362699	10.807087
AT3G28190	0	0.0	0.0	0.0
AT3G51320	7	0.242755	1.694778	2.190156
AT3G56980	5	0.302058	2.108799	2.725193
AT1G44191	0	0.0	0.0	0.0
AT2G38940	11	0.407204	2.842869	3.673829
ATMG01050	0	0.0	0.0	0.0
AT1G09483	0	0.0	0.0	0.0
AT3G45500	0	0.0	0.0	0.0
AT1G02000	15	0.560824	3.915357	5.059802
AT3G26480	0	0.000000	0.000000	0.000000
AT1G60560	13	0.392556	2.828522	3.655289
AT1G60410	0	0.0	0.0	0.0
AT4G12980	182	8.099275	56.544567	73.072350
AT3G01565	0	0.0	0.0	0.0
AT3G01415	0	0.0	0.0	0.0
AT3G19190	25	0.302266	2.117588	2.736552
AT1G48280	4	0.133784	0.989730	1.279025
AT1G59720	0	0.000000	0.000000	0.000000
AT5G62780	0	0.000000	0.000000	0.000000
AT1G54240	0	0.0	0.0	0.0
AT1G55390	1	0.032628	0.227790	0.294373
AT2G04160	62	1.858390	12.974231	16.766554
AT5G51220	48	2.205559	16.185204	20.916080
AT1G68420	0	0.0	0.0	0.0
AT2G23030	0	0.0	0.0	0.0
AT5G58003	18	0.795429	5.833227	7.538259
AT1G15800	6	0.181590	1.267759	1.638320
AT3G62870	928	62.032608	433.076660	559.663513
AT3G30520	0	0.0	0.0	0.0
AT3G60890	5	0.357708	5.024414	6.493032
AT3G29240	109	2.226087	36.895214	47.679558
AT4G18340	0	0.000000	0.000000	0.000000
AT2G16750	0	0.000000	0.000000	0.000000
AT1G68150	0	0.000000	0.000000	0.000000
AT1G47420	172	12.289166	85.796028	110.873909
AT1G06243	0	0.000000	0.000000	0.000000
AT1G09140	48	1.690160	11.799744	15.248768
AT1G32361	0	0.0	0.0	0.0
AT2G32380	42	4.045510	28.243467	36.498936
AT5G18340	0	0.0	0.0	0.0
AT3G49160	35	0.929164	7.491883	9.681735
AT2G27315	0	0.0	0.0	0.0
AT1G67280	231	12.106230	84.518867	109.223442
AT5G02960	1510	161.242996	1125.707520	1454.748047
AT3G50373	0	0.0	0.0	0.0
AT3G05825	0	0.0	0.0	0.0
AT1G55600	0	0.0	0.0	0.0
AT5G04800	270	9.432941	68.769699	88.870842
AT3G18240	32	0.950820	7.007127	9.055286
AT4G29340	0	0.000000	0.000000	0.000000
AT5G66670	0	0.0	0.0	0.0
AT4G04800	45	4.205158	29.358042	37.939297
AT4G03298	0	0.0	0.0	0.0
AT5G63135	10	0.878282	6.131669	7.923935
AT1G76630	8	0.160626	1.127572	1.457157
AT5G28220	13	0.791311	5.524487	7.139276
AT5G42070	76	8.513475	59.436283	76.809296
AT1G07343	0	0.0	0.0	0.0
AT1G04217	0	0.0	0.0	0.0
AT5G64940	359	10.010505	70.202637	90.722626
AT5G10060	55	1.911707	13.346459	17.247583
ATMG01230	0	0.000000	0.000000	0.000000
AT1G61920	0	0.0	0.0	0.0
AT1G66380	0	0.0	0.0	0.0
AT3G20310	74	2.708948	18.912346	24.440361
AT4G28220	34	0.963091	6.748082	8.720522
AT3G19320	0	0.000000	0.000000	0.000000
AT1G72180	138	2.492827	17.403511	22.490498
AT4G10060	175	3.975763	29.453001	38.062012
AT1G55120	16	0.501210	3.891445	5.028902
AT2G01280	0	0.000000	0.000000	0.000000
AT3G15790	42	1.478377	13.514559	17.464817
AT5G03095	0	0.0	0.0	0.0
AT5G14740	1415	36.532799	358.211426	462.915405
AT5G19220	533	21.199957	158.382339	204.676956
AT1G73260	1	0.061603	0.430077	0.555788
AT2G23250	0	0.0	0.0	0.0
AT1G32950	0	0.000000	0.000000	0.000000
AT2G31440	39	2.602963	18.983690	24.532557
AT1G33790	7	0.181083	1.412191	1.824969
AT4G14740	31	0.816003	7.594029	9.813738
AT3G59845	0	0.0	0.0	0.0
AT1G11720	53	1.097734	7.820332	10.106189
AT4G20210	0	0.0	0.0	0.0
AT3G28320	0	0.0	0.0	0.0
AT4G19220	0	0.0	0.0	0.0
AT3G51190	0	0.0	0.0	0.0
AT2G08545	0	0.0	0.0	0.0
AT3G08915	0	0.0	0.0	0.0
AT2G41290	0	0.000000	0.000000	0.000000
AT5G25415	0	0.0	0.0	0.0
AT3G03435	1	0.149733	1.045351	1.350904
AT4G00080	0	0.0	0.0	0.0
AT3G43920	0	0.000000	0.000000	0.000000
AT1G10900	43	0.960493	7.116373	9.196465
AT3G14570	0	0.000000	0.000000	0.000000
AT2G08885	0	0.0	0.0	0.0
AT5G16453	0	0.000000	0.000000	0.000000
AT2G28426	0	0.0	0.0	0.0
AT3G48670	42	1.162134	8.697054	11.239173
AT3G01705	0	0.000000	0.000000	0.000000
AT1G60700	0	0.000000	0.000000	0.000000
AT2G07633	0	0.000000	0.000000	0.000000
AT1G55450	105	4.207366	29.373455	37.959217
AT2G06085	0	0.000000	0.000000	0.000000
AT4G40090	0	0.0	0.0	0.0
AT2G21010	0	0.000000	0.000000	0.000000
AT3G45760	0	0.0	0.0	0.0
AT1G05740	0	0.0	0.0	0.0
AT5G40090	0	0.000000	0.000000	0.000000
AT5G57980	0	0.000000	0.000000	0.000000
AT4G27480	0	0.000000	0.000000	0.000000
AT2G09670	0	0.000000	0.000000	0.000000
AT5G09950	0	0.000000	0.000000	0.000000
AT5G24220	0	0.0	0.0	0.0
AT1G08217	0	0.0	0.0	0.0
AT5G53045	37	4.684295	32.703106	42.262112
AT3G50900	21	1.563107	10.912731	14.102485
AT1G09067	0	0.000000	0.000000	0.000000
AT3G23123	0	0.0	0.0	0.0
AT1G67870	333	20.149355	140.671417	181.789200
AT3G42150	87	1.345051	36.550869	47.234562
AT4G09950	3	0.143229	1.137716	1.470266
AT3G01140	13	0.594001	5.053254	6.530303
AT4G24220	100	4.640466	32.397118	41.866680
AT3G09895	0	0.000000	0.000000	0.000000
AT1G54570	10	0.265602	1.854283	2.396284
AT1G21240	11	0.361685	2.525080	3.263153
AT3G20400	0	0.0	0.0	0.0
AT4G29740	35	1.199310	8.878494	11.473648
AT5G18740	0	0.000000	0.000000	0.000000
AT3G07000	5	0.180483	1.260030	1.628333
AT3G07555	1	0.127973	0.893435	1.154583
AT3G15450	87	6.609051	46.140667	59.627422
AT2G07762	0	0.0	0.0	0.0
AT4G18740	34	2.384560	17.964525	23.215494
AT5G01530	4817	276.019318	1927.011108	2490.270020
AT2G33775	0	0.0	0.0	0.0
AT5G36907	0	0.000000	0.000000	0.000000
AT3G24320	15	0.269658	2.116576	2.735244
AT5G38435	0	0.0	0.0	0.0
AT2G12905	0	0.0	0.0	0.0
AT3G04915	0	0.000000	0.000000	0.000000
AT2G04545	0	0.000000	0.000000	0.000000
AT2G32780	0	0.0	0.0	0.0
AT1G09415	23	2.807634	19.601318	25.330713
AT4G14105	0	0.000000	0.000000	0.000000
AT1G10522	69	4.452188	33.973431	43.903751
AT5G63375	0	0.000000	0.000000	0.000000
AT5G62380	2	0.105077	0.733588	0.948014
AT3G63160	1039	130.649368	912.120178	1178.729736
AT5G14105	25	2.851312	19.906250	25.724781
AT3G15120	27	0.306744	2.180407	2.817733
AT4G13554	0	0.0	0.0	0.0
AT3G18570	0	0.0	0.0	0.0
AT1G55790	0	0.0	0.0	0.0
AT2G04885	0	0.0	0.0	0.0
AT3G44670	38	0.687343	4.798641	6.201267
AT4G36950	3	0.156780	1.094550	1.414483
AT2G17030	7	0.322055	2.248406	2.905608
AT3G62280	0	0.0	0.0	0.0
AT2G25780	0	0.0	0.0	0.0
AT5G47940	0	0.000000	0.000000	0.000000
AT1G48870	0	0.000000	0.000000	0.000000
AT2G36670	15	0.498497	4.180218	5.402082
AT3G02935	0	0.000000	0.000000	0.000000
AT3G29570	0	0.0	0.0	0.0
AT5G36950	30	1.190525	8.311574	10.741018
AT1G33120	591	46.532482	324.863525	419.820038
AT1G06573	75	5.840302	40.773693	52.691704
AT3G51720	30	1.513715	10.567904	13.656866
AT1G11190	14	0.857928	5.989569	7.740300
AT1G20132	0	0.0	0.0	0.0
AT1G04290	32	2.107084	16.643534	21.508381
AT1G05340	0	0.000000	0.000000	0.000000
AT1G33600	86	2.799918	22.510019	29.089622
AT2G46460	0	0.0	0.0	0.0
AT2G46510	20	0.634862	4.432249	5.727779
AT3G46940	42	3.802978	30.497850	39.412270
AT2G08275	0	0.000000	0.000000	0.000000
AT1G64107	0	0.000000	0.000000	0.000000
AT3G24190	50	1.417476	9.913778	12.811542
AT4G37895	0	0.000000	0.000000	0.000000
AT2G34940	0	0.000000	0.000000	0.000000
AT3G01305	0	0.0	0.0	0.0
AT1G60300	0	0.0	0.0	0.0
AT3G25530	111	5.497828	40.126270	51.855042
AT1G06960	45	2.339474	20.282669	26.211224
AT3G20650	30	1.312360	9.598957	12.404700
AT4G25140	0	0.000000	0.000000	0.000000
AT5G45260	19	0.261713	1.841947	2.380342
AT3G10035	0	0.0	0.0	0.0
AT2G21595	0	0.000000	0.000000	0.000000
AT1G62670	9	0.242449	1.706249	2.204980
AT5G01205	0	0.000000	0.000000	0.000000
AT5G61440	36	1.621238	11.318569	14.626947
AT5G39000	6	0.141605	0.988606	1.277572
AT4G13480	0	0.0	0.0	0.0
AT2G08160	0	0.0	0.0	0.0
AT5G25140	0	0.000000	0.000000	0.000000
AT1G64420	0	0.0	0.0	0.0
AT2G43000	0	0.000000	0.000000	0.000000
AT4G39000	0	0.0	0.0	0.0
AT5G13480	29	0.800776	6.244524	8.069777
AT1G33390	15	0.257155	1.803256	2.330342
AT4G14340	13	0.437179	3.052137	3.944266
AT4G15290	0	0.0	0.0	0.0
AT1G64150	68	3.479019	25.576448	33.052357
AT1G11320	0	0.000000	0.000000	0.000000
AT2G01870	86	7.347224	51.294174	66.287285
AT1G16980	0	0.0	0.0	0.0
AT3G28720	26	0.804331	5.800358	7.495783
AT4G06000	0	0.0	0.0	0.0
AT2G29180	112	11.303169	78.912346	101.978157
AT5G26146	0	0.0	0.0	0.0
AT5G14340	0	0.0	0.0	0.0
AT5G15290	0	0.000000	0.000000	0.000000
AT1G05894	0	0.0	0.0	0.0
AT1G60690	9	0.306151	2.559597	3.307758
ATCG00180	540	21.133137	147.539627	190.664963
AT3G01695	1	0.106265	0.741882	0.958732
AT5G60022	0	0.000000	0.000000	0.000000
AT1G77010	0	0.0	0.0	0.0
AT5G06000	39	2.805278	19.584867	25.309458
AT2G18180	4	0.056902	0.731005	0.944676
AT1G66780	0	0.0	0.0	0.0
AT2G05630	16	1.317410	10.476377	13.538587
AT3G20710	0	0.0	0.0	0.0
AT3G19720	230	6.374826	46.241924	59.758278
AT5G08800	0	0.000000	0.000000	0.000000
AT4G32140	20	0.808176	5.642229	7.291433
AT3G14240	135	3.603292	25.156151	32.509209
AT5G03460	140	5.952102	43.840748	56.655251
AT5G03510	7	0.430833	3.007833	3.887012
AT3G15390	11	0.352291	4.923001	6.361978
AT2G16490	0	0.0	0.0	0.0
AT1G07743	7	0.322418	2.282664	2.949879
AT4G08800	0	0.000000	0.000000	0.000000
AT3G55800	1320	60.428165	421.875366	545.188049
AT4G03460	0	0.000000	0.000000	0.000000
AT4G03510	13	0.443054	3.746050	4.841008
AT2G17250	80	3.069947	21.432636	27.697325
AT4G29430	20	2.081046	14.528690	18.775375
AT1G06840	10	0.236230	1.649225	2.131287
AT5G59930	0	0.0	0.0	0.0
AT2G33310	29	1.018452	11.009746	14.227856
AT1G71130	9	0.570563	3.983349	5.147668
AT3G13724	0	0.000000	0.000000	0.000000
AT3G50780	13	0.456258	3.185336	4.116399
AT2G34860	332	25.333652	179.524445	231.998810
AT2G02230	23	1.112394	8.231169	10.637111
AT5G50870	68	5.122873	36.916470	47.707027
AT4G30350	10	0.210978	1.472929	1.903462
AT3G22125	100	1.702069	18.833458	24.338411
AT5G63650	17	0.763689	5.331645	6.890068
AT5G49310	0	0.0	0.0	0.0
AT4G09464	0	0.0	0.0	0.0
AT1G54090	26	0.848086	5.920858	7.651505
AT2G27370	0	0.0	0.0	0.0
AT3G46860	0	0.0	0.0	0.0
AT1G23200	0	0.0	0.0	0.0
AT3G49210	0	0.000000	0.000000	0.000000
AT3G48060	21	0.298254	2.082241	2.690873
AT3G03100	130	12.817843	96.469528	124.667244
AT4G18430	0	0.0	0.0	0.0
AT4G12690	10	0.459561	3.208395	4.146199
AT5G51550	97	5.024136	35.075684	45.328186
AT1G16560	93	3.793804	30.149025	38.961479
AT2G36355	11	0.735000	7.975019	10.306090
AT1G16410	324	6.400495	65.894775	85.155594
AT1G08040	44	0.975920	7.179995	9.278682
AT2G24080	0	0.0	0.0	0.0
AT1G69050	1	0.088942	0.620943	0.802442
AT5G18430	9	0.465149	3.247408	4.196614
AT2G32900	50	1.495281	10.439208	13.490553
AT2G13770	0	0.0	0.0	0.0
AT3G56690	23	0.472428	3.529374	4.560998
AT3G12200	59	1.640981	14.150727	18.286936
AT5G56200	0	0.0	0.0	0.0
AT2G10950	12	0.526082	4.680620	6.048749
AT4G34100	120	2.353230	17.001053	21.970402
AT1G65270	92	4.533792	32.460178	41.948177
AT2G47620	13	0.532233	3.740835	4.834268
AT2G09355	0	0.000000	0.000000	0.000000
AT5G13910	1	0.066071	0.461270	0.596098
AT5G42660	18	0.547994	4.244929	5.485708
AT1G08893	0	0.0	0.0	0.0
AT3G01470	91	4.460453	35.011288	45.244965
AT4G10670	0	0.0	0.0	0.0
AT5G24879	0	0.0	0.0	0.0
AT1G71770	0	0.000000	0.000000	0.000000
AT5G66755	0	0.0	0.0	0.0
AT3G18090	0	0.000000	0.000000	0.000000
AT5G07725	1	0.292453	2.041742	2.638536
AT1G06580	8	0.256365	1.789796	2.312947
AT4G16955	0	0.000000	0.000000	0.000000
AT2G37035	13	0.560088	3.910218	5.053162
AT2G02765	42	1.876409	13.867422	17.920820
AT5G52890	4	0.109165	1.215426	1.570691
AT4G12300	49	1.927693	13.458065	17.391811
AT5G63710	38	1.043041	8.466191	10.940830
AT3G16890	5	0.146099	1.041539	1.345978
AT2G25900	96	4.161396	29.052519	37.544472
AT1G37020	0	0.0	0.0	0.0
AT3G52955	0	0.0	0.0	0.0
AT1G51965	16	0.477799	3.349707	4.328815
AT3G29090	20	1.255412	8.764578	11.326434
AT1G06093	0	0.0	0.0	0.0
AT3G56300	13	0.464560	3.737721	4.830244
AT1G65165	0	0.0	0.0	0.0
AT5G12300	13	0.589316	4.114272	5.316859
AT1G13605	0	0.0	0.0	0.0
AT2G09495	1	0.215339	1.503375	1.942807
AT2G20800	0	0.0	0.0	0.0
AT5G28550	0	0.0	0.0	0.0
AT5G57300	39	1.891708	16.871344	21.802780
AT2G41040	19	1.059755	7.398611	9.561200
AT4G17890	92	3.550316	27.574596	35.634560
AT4G11930	0	0.0	0.0	0.0
AT4G28005	0	0.0	0.0	0.0
AT3G06725	0	0.0	0.0	0.0
AT2G02050	85	9.299724	64.925423	83.902908
AT2G14945	0	0.0	0.0	0.0
AT1G07927	0	0.0	0.0	0.0
AT5G63400	0	0.000000	0.000000	0.000000
AT5G03245	0	0.000000	0.000000	0.000000
AT4G28550	0	0.000000	0.000000	0.000000
AT5G17890	62	0.903273	6.324755	8.173459
AT5G11930	6	0.569948	3.979056	5.142119
AT1G53023	0	0.000000	0.000000	0.000000
ATCG01120	43	12.602996	87.987007	113.705307
AT5G66060	47	1.592419	18.117119	23.412691
AT1G69230	0	0.000000	0.000000	0.000000
AT5G19550	107	4.658617	32.523834	42.030441
AT3G03345	0	0.0	0.0	0.0
AT2G23520	14	0.314697	2.197037	2.839223
AT4G32470	240	20.267443	141.645569	183.048080
AT2G47100	0	0.0	0.0	0.0
AT5G26805	0	0.0	0.0	0.0
AT3G57200	0	0.000000	0.000000	0.000000
AT5G61730	0	0.0	0.0	0.0
AT4G34620	1371	151.943146	1091.623291	1410.701050
AT4G30872	0	0.0	0.0	0.0
AT4G19550	0	0.000000	0.000000	0.000000
AT1G31640	0	0.000000	0.000000	0.000000
AT1G10380	13	0.649400	4.737239	6.121918
AT5G32470	35	1.154831	8.062379	10.418984
AT5G30490	31	1.737752	13.449862	17.381210
AT4G35295	0	0.000000	0.000000	0.000000
AT4G34345	0	0.000000	0.000000	0.000000
AT3G04485	0	0.000000	0.000000	0.000000
AT1G16700	94	3.376076	24.972960	32.272469
AT5G28823	0	0.0	0.0	0.0
AT5G57690	0	0.0	0.0	0.0
AT4G20160	0	0.0	0.0	0.0
AT5G40240	15	0.536285	3.744039	4.838409
AT4G30490	61	2.487299	17.364918	22.440624
AT2G26270	4	0.150721	1.052249	1.359818
AT3G03620	0	0.0	0.0	0.0
AT5G20160	199	11.297356	136.756516	176.729980
AT1G73110	78	3.586544	26.407490	34.126308
AT4G25470	10	0.743408	5.190055	6.707090
AT1G66900	51	1.823021	12.993319	16.791220
AT2G42820	0	0.000000	0.000000	0.000000
AT2G38185	0	0.000000	0.000000	0.000000
AT5G55970	12	0.408837	3.094563	3.999094
AT5G61170	594	51.591305	360.181366	465.461151
AT1G07433	0	0.0	0.0	0.0
AT5G47860	55	2.695426	18.817944	24.318363
AT1G62355	0	0.0	0.0	0.0
AT1G04167	0	0.0	0.0	0.0
AT3G08970	0	0.000000	0.000000	0.000000
AT5G25470	0	0.000000	0.000000	0.000000
AT1G23037	0	0.0	0.0	0.0
AT1G62886	0	0.000000	0.000000	0.000000
AT1G19550	0	0.000000	0.000000	0.000000
AT1G75230	10	0.228081	1.872819	2.420238
AT4G09985	0	0.000000	0.000000	0.000000
AT4G10380	15	0.540092	3.770617	4.872756
AT4G31640	0	0.0	0.0	0.0
AT2G14378	0	0.0	0.0	0.0
AT1G66060	0	0.0	0.0	0.0
AT5G10380	25	1.630195	11.381103	14.707759
AT5G23535	34	2.491063	18.213636	23.537420
AT1G32470	775	45.697113	521.841553	674.374023
AT3G43170	0	0.0	0.0	0.0
AT1G61730	105	5.397411	37.681675	48.695904
AT3G47590	37	2.070771	14.921604	19.283138
AT1G57300	0	0.0	0.0	0.0
AT2G16385	0	0.0	0.0	0.0
AT1G28005	0	0.0	0.0	0.0
AT3G10280	0	0.0	0.0	0.0
AT1G80310	0	0.000000	0.000000	0.000000
AT1G28550	0	0.000000	0.000000	0.000000
AT3G49850	27	1.323821	9.483373	12.255330
AT1G17890	111	5.743673	40.387375	52.192467
AT3G23145	0	0.0	0.0	0.0
AT1G11930	76	4.192335	31.963715	41.306599
AT1G68860	0	0.0	0.0	0.0
AT2G44020	5	0.182409	1.273477	1.645710
AT3G02195	0	0.000000	0.000000	0.000000
AT1G63400	4	0.127872	0.892730	1.153672
AT3G07580	0	0.000000	0.000000	0.000000
AT1G61170	9	0.549201	3.834212	4.954938
AT5G66900	38	0.985183	7.158485	9.250886
AT2G27680	324	17.064026	119.131401	153.953094
AT1G55970	15	0.175879	1.239428	1.601709
AT2G04850	0	0.000000	0.000000	0.000000
AT4G00360	127	4.550893	31.771767	41.058544
AT2G30980	131	3.761726	26.655651	34.447006
AT3G09020	2	0.111787	0.780434	1.008552
AT1G05187	2	0.088043	0.614667	0.794331
AT1G25470	21	0.842352	5.917772	7.647517
AT3G07840	0	0.0	0.0	0.0
AT3G46658	8	0.263815	1.845919	2.385475
AT5G16700	0	0.0	0.0	0.0
AT1G57690	0	0.0	0.0	0.0
AT3G52700	0	0.000000	0.000000	0.000000
AT1G30490	25	0.628039	4.509931	5.828168
AT3G17410	118	4.557971	32.641151	42.182049
AT3G05515	0	0.0	0.0	0.0
AT2G05945	0	0.0	0.0	0.0
AT3G05465	0	0.0	0.0	0.0
AT3G17560	0	0.0	0.0	0.0
AT4G16700	0	0.000000	0.000000	0.000000
AT1G20160	15	0.439548	3.068676	3.965640
AT2G06365	0	0.0	0.0	0.0
ATMG00200	0	0.0	0.0	0.0
AT5G58465	0	0.0	0.0	0.0
AT4G13395	5	0.497275	3.471694	4.486457
AT2G03590	10	0.428954	2.994715	3.870060
AT2G07170	15	0.364399	2.544028	3.287639
AT4G16410	168	18.209240	127.126633	164.285324
AT3G55040	99	6.554954	46.265026	59.788132
AT4G16560	0	0.0	0.0	0.0
AT3G02325	0	0.000000	0.000000	0.000000
AT5G23200	17	0.800734	5.607406	7.246431
AT3G22910	1	0.023132	0.161495	0.208699
AT2G22540	179	7.969849	55.640991	71.904655
AT4G08040	0	0.000000	0.000000	0.000000
AT1G04203	0	0.000000	0.000000	0.000000
AT3G17700	33	0.884669	6.431655	8.311605
AT1G18430	0	0.000000	0.000000	0.000000
AT3G52560	152	10.072139	89.929482	116.215546
AT1G75050	0	0.000000	0.000000	0.000000
AT1G51550	0	0.000000	0.000000	0.000000
AT4G23200	31	0.961905	6.958474	8.992412
AT5G16410	0	0.0	0.0	0.0
AT5G16560	21	0.686507	4.792805	6.193725
AT2G25060	72	6.784524	47.365715	61.210556
AT5G08040	54	5.452443	44.760826	57.844261
AT2G35880	83	2.694354	19.447020	25.131317
AT5G34881	0	0.0	0.0	0.0
AT2G43580	0	0.0	0.0	0.0
AT5G48543	0	0.000000	0.000000	0.000000
AT1G30350	0	0.0	0.0	0.0
AT1G59930	0	0.0	0.0	0.0
AT4G39580	1	0.064716	0.451811	0.583873
AT1G49310	5	0.509066	3.554011	4.592837
AT4G34881	70	5.790153	40.423584	52.239254
AT5G02225	0	0.000000	0.000000	0.000000
AT3G23300	109	3.019909	22.760744	29.413631
AT5G54090	29	0.880906	6.149989	7.947609
AT1G50870	0	0.0	0.0	0.0
AT1G29430	48	4.512590	31.504356	40.712975
AT1G63650	8	0.224303	1.606470	2.076036
AT2G07265	0	0.000000	0.000000	0.000000
AT4G36648	177	6.713539	46.870140	60.570122
AT5G39580	0	0.0	0.0	0.0
AT2G35540	7	0.248547	1.735215	2.242412
AT2G43840	0	0.000000	0.000000	0.000000
AT1G52890	0	0.000000	0.000000	0.000000
AT3G48900	8	0.265583	1.877036	2.425687
AT1G63710	6	0.231013	1.612803	2.084219
AT1G07725	0	0.000000	0.000000	0.000000
AT5G06580	47	1.686177	11.927678	15.414098
AT4G37020	25	1.635838	12.185216	15.746914
AT4G39840	51	1.960882	13.689771	17.691244
AT1G05643	0	0.0	0.0	0.0
AT2G32060	685	46.455856	377.156036	487.397461
AT3G54430	0	0.000000	0.000000	0.000000
AT1G64185	0	0.000000	0.000000	0.000000
AT1G51823	0	0.0	0.0	0.0
AT1G12300	1	0.022545	0.157396	0.203403
AT5G65165	0	0.0	0.0	0.0
AT5G37020	36	0.793708	5.716274	7.387121
AT4G21515	0	0.000000	0.000000	0.000000
AT5G39840	14	0.391697	2.734607	3.533924
AT1G79270	33	0.726334	6.469522	8.360541
AT1G09787	1	0.833333	5.817861	7.518402
AT1G10670	191	7.410906	60.006451	77.546127
AT1G56200	151	13.750569	95.998711	124.058807
AT5G46590	2	0.094744	0.661449	0.854788
AT5G65270	45	3.036318	21.197859	27.393921
AT2G22880	0	0.000000	0.000000	0.000000
AT1G13910	17	0.812461	6.101230	7.884599
AT3G23690	68	2.531965	17.676750	22.843605
AT3G02640	42	3.575163	24.959770	32.255424
AT5G47635	0	0.000000	0.000000	0.000000
AT4G09705	0	0.0	0.0	0.0
AT3G60200	17	0.784735	5.478577	7.079946
AT5G62670	156	3.782282	26.405760	34.124073
AT1G61440	0	0.000000	0.000000	0.000000
AT5G58240	40	3.402110	27.148849	35.084366
AT2G19360	0	0.0	0.0	0.0
AT2G23672	389	30.622288	213.787537	276.276886
AT5G44280	10	0.339402	2.460251	3.179374
AT5G09705	0	0.0	0.0	0.0
AT3G05240	1	0.001338	0.009341	0.012072
AT3G04390	0	0.000000	0.000000	0.000000
AT1G13480	0	0.0	0.0	0.0
AT3G13277	5	0.233157	1.627771	2.103562
AT5G64420	105	1.874187	13.084517	16.909075
AT3G47070	488	34.161514	238.496414	308.208130
AT4G06960	0	0.0	0.0	0.0
AT2G36380	48	0.809079	5.655731	7.308882
AT5G51585	0	0.000000	0.000000	0.000000
AT2G24500	0	0.000000	0.000000	0.000000
AT2G31920	0	0.000000	0.000000	0.000000
AT2G28360	38	0.886787	6.849019	8.850964
AT5G05340	0	0.000000	0.000000	0.000000
AT5G04290	23	0.370648	2.655382	3.431541
AT1G69085	0	0.0	0.0	0.0
AT1G31935	1	0.137996	0.963410	1.245012
AT5G57123	6	0.513514	3.585065	4.632967
AT3G10815	0	0.0	0.0	0.0
AT5G06960	18	0.601121	4.488986	5.801102
AT3G44380	12	0.868421	6.062825	7.834969
AT4G05340	0	0.0	0.0	0.0
AT4G33600	0	0.0	0.0	0.0
AT1G06057	0	0.0	0.0	0.0
AT3G58340	0	0.0	0.0	0.0
AT5G60300	22	0.244948	3.423054	4.423601
AT5G51845	0	0.0	0.0	0.0
AT1G08800	27	0.453704	3.318339	4.288279
AT5G39960	21	0.685848	4.788204	6.187779
AT1G03510	8	0.397959	2.778325	3.590420
AT1G77830	0	0.0	0.0	0.0
AT4G05625	0	0.0	0.0	0.0
AT5G66780	0	0.0	0.0	0.0
AT1G71990	0	0.000000	0.000000	0.000000
AT5G59190	0	0.0	0.0	0.0
AT1G13143	0	0.000000	0.000000	0.000000
AT4G39960	143	5.634645	45.814964	59.206524
AT2G09380	0	0.0	0.0	0.0
AT2G30700	49	1.763719	12.313291	15.912424
AT3G04600	65	3.237235	22.656979	29.279537
AT1G32140	0	0.0	0.0	0.0
AT5G05625	0	0.0	0.0	0.0
AT2G43960	0	0.0	0.0	0.0
AT3G43440	18	0.953103	7.490948	9.680527
AT3G11220	30	0.712457	5.245509	6.778753
AT5G11320	0	0.000000	0.000000	0.000000
AT3G52980	0	0.0	0.0	0.0
AT5G16980	5	0.101569	1.240217	1.602728
AT1G69587	4	0.118083	1.891969	2.444985
AT5G33390	0	0.0	0.0	0.0
AT1G07337	0	0.0	0.0	0.0
AT5G64150	45	1.261164	8.804735	11.378329
AT4G16980	960	66.359016	463.281219	598.696716
AT4G11320	27	0.906758	6.330473	8.180848
AT3G22480	57	5.193326	36.256874	46.854630
AT1G06000	65	3.229364	22.545597	29.135597
AT1G15290	158	2.242565	15.885474	20.528746
AT1G14340	9	0.455801	3.182146	4.112276
AT4G33390	0	0.0	0.0	0.0
AT5G60690	33	0.708185	5.038404	6.511113
AT2G45720	10	0.275434	2.738301	3.538697
AT2G03070	34	1.117795	7.803813	10.084842
AT2G38420	5	0.220944	1.542506	1.993376
AT1G18740	44	2.146806	14.987788	19.368668
AT3G21340	0	0.0	0.0	0.0
AT1G53887	9	0.857231	5.984704	7.734011
AT3G17980	0	0.000000	0.000000	0.000000
AT1G01530	0	0.0	0.0	0.0
AT1G06237	0	0.000000	0.000000	0.000000
AT1G68940	0	0.000000	0.000000	0.000000
AT3G04120	973	45.447693	317.290131	410.032959
AT1G29740	0	0.000000	0.000000	0.000000
AT1G74610	0	0.0	0.0	0.0
AT4G21240	0	0.0	0.0	0.0
AT5G41160	5	0.306228	2.137911	2.762815
AT1G09950	2	0.109527	0.764656	0.988162
AT5G05105	0	0.0	0.0	0.0
AT1G24220	0	0.0	0.0	0.0
AT2G30560	0	0.000000	0.000000	0.000000
AT2G30410	60	4.553314	36.891869	47.675236
AT5G54570	0	0.000000	0.000000	0.000000
AT4G33450	0	0.0	0.0	0.0
AT2G35215	0	0.0	0.0	0.0
AT4G05105	0	0.000000	0.000000	0.000000
AT3G48780	23	0.635642	4.686205	6.055967
AT4G11190	13	1.286426	8.981100	11.606245
AT3G59220	0	0.000000	0.000000	0.000000
AT3G07960	13	0.333011	2.324895	3.004454
AT2G07440	0	0.0	0.0	0.0
AT4G34139	0	0.000000	0.000000	0.000000
AT3G54740	15	0.526150	3.673282	4.746970
AT4G33120	0	0.000000	0.000000	0.000000
AT3G04450	15	0.349315	4.206070	5.435491
AT5G11190	0	0.000000	0.000000	0.000000
AT1G47940	0	0.0	0.0	0.0
AT1G74750	19	0.397781	3.861195	4.989809
AT5G48870	92	14.022930	97.900185	126.516075
AT1G36950	0	0.0	0.0	0.0
AT3G08790	0	0.000000	0.000000	0.000000
AT3G50060	8	0.342442	2.390737	3.089541
AT1G09907	0	0.000000	0.000000	0.000000
AT5G46070	76	1.573110	10.982567	14.192733
AT5G09565	0	0.000000	0.000000	0.000000
AT5G09415	0	0.0	0.0	0.0
AT2G37280	0	0.000000	0.000000	0.000000
AT1G72630	48	2.813284	26.773876	34.599789
AT1G78490	58	1.277316	9.723764	12.565988
AT5G55790	84	2.585596	18.704496	24.171755
AT2G38150	0	0.0	0.0	0.0
AT2G05865	0	0.0	0.0	0.0
AT2G17810	0	0.0	0.0	0.0
AT1G76180	723	48.933163	342.783752	442.978271
AT5G59320	0	0.000000	0.000000	0.000000
AT4G09415	0	0.0	0.0	0.0
AT1G62380	531	29.207989	203.913696	263.516968
AT2G41800	0	0.000000	0.000000	0.000000
AT1G19220	23	0.321114	2.402298	3.104481
AT2G34420	0	0.000000	0.000000	0.000000
AT1G20210	0	0.000000	0.000000	0.000000
AT4G11720	0	0.0	0.0	0.0
AT1G55915	0	0.000000	0.000000	0.000000
AT1G70620	61	1.264136	8.825483	11.405143
AT1G14740	44	1.291697	9.017900	11.653801
AT4G33790	0	0.000000	0.000000	0.000000
AT4G32950	3	0.129977	0.957308	1.237126
AT2G45320	0	0.000000	0.000000	0.000000
AT5G11720	42	0.975718	6.828088	8.823915
AT3G46420	0	0.0	0.0	0.0
AT2G32670	3	0.154074	1.075658	1.390069
AT3G06935	0	0.0	0.0	0.0
AT1G07737	11	3.668598	25.612082	33.098404
AT2G33685	0	0.0	0.0	0.0
AT1G64940	2	0.063731	0.444934	0.574987
AT5G09695	0	0.0	0.0	0.0
AT3G08120	0	0.0	0.0	0.0
AT1G10060	35	1.042097	9.591550	12.395127
AT3G05570	1	0.050159	0.350182	0.452539
AT2G30300	0	0.0	0.0	0.0
AT2G09780	0	0.0	0.0	0.0
AT1G78610	35	0.840037	5.864664	7.578886
AT1G28220	0	0.0	0.0	0.0
AT4G09695	147	7.154689	49.950001	64.550217
AT5G58570	0	0.000000	0.000000	0.000000
AT4G06746	8	0.578018	4.035396	5.214928
AT5G55120	56	2.278287	15.905713	20.554899
ATMG09730	1	0.300000	2.094431	2.706626
AT5G61920	0	0.000000	0.000000	0.000000
AT5G66380	17	0.799277	5.870249	7.586103
AT5G37530	19	0.874034	6.112910	7.899693
AT5G55450	190	17.320776	120.923882	156.269516
AT3G44780	0	0.0	0.0	0.0
AT1G07177	0	0.0	0.0	0.0
AT4G25950	0	0.000000	0.000000	0.000000
AT1G27480	52	2.546807	17.780369	22.977510
AT4G05740	0	0.0	0.0	0.0
AT3G58740	0	0.0	0.0	0.0
AT5G60700	21	0.538281	4.789328	6.189232
AT2G36780	3	0.107495	0.750469	0.969829
AT1G57980	14	0.715865	4.997766	6.458595
AT1G40090	0	0.0	0.0	0.0
AT4G37530	19	1.042888	7.280856	9.409025
AT5G25950	0	0.0	0.0	0.0
AT3G08450	0	0.000000	0.000000	0.000000
AT2G25670	205	8.600840	60.046207	77.597511
AT2G28760	7	0.266806	2.096476	2.709269
AT1G32415	3	0.092444	0.645392	0.834038
AT5G05740	130	4.666516	33.910301	43.822163
AT1G78750	0	0.000000	0.000000	0.000000
AT3G09205	0	0.0	0.0	0.0
AT5G44870	22	0.391886	2.962914	3.828964
AT3G46150	0	0.0	0.0	0.0
AT5G09305	0	0.0	0.0	0.0
AT3G04790	383	30.816532	215.143646	278.029388
AT2G30690	0	0.000000	0.000000	0.000000
AT5G10900	8	0.254158	1.783513	2.304827
AT1G74490	0	0.000000	0.000000	0.000000
AT4G09305	0	0.0	0.0	0.0
AT3G19002	0	0.000000	0.000000	0.000000
AT2G19760	202	16.863874	149.219879	192.836334
AT2G34150	0	0.000000	0.000000	0.000000
AT2G27990	0	0.000000	0.000000	0.000000
AT2G21830	17	0.618292	4.316566	5.578283
AT5G55390	35	0.467935	3.268520	4.223897
AT4G36140	14	0.199255	1.391086	1.797696
AT4G15800	73	4.789082	33.434669	43.207508
AT5G54240	0	0.000000	0.000000	0.000000
AT5G59720	1	0.071575	0.499696	0.645756
AT5G48280	0	0.0	0.0	0.0
AT1G62780	326	23.072567	174.851105	225.959473
AT1G04857	1	0.364532	2.544957	3.288839
AT2G19500	0	0.000000	0.000000	0.000000
AT5G36140	0	0.0	0.0	0.0
AT5G15800	3	0.104751	0.731312	0.945072
AT4G21570	94	4.537621	33.509098	43.303692
AT5G47150	0	0.0	0.0	0.0
AT3G08390	0	0.0	0.0	0.0
AT2G18630	29	0.991703	7.434014	9.606951
AT1G51220	0	0.0	0.0	0.0
AT2G05180	0	0.0	0.0	0.0
AT2G44530	55	2.385660	18.742342	24.220663
AT5G20850	0	0.000000	0.000000	0.000000
AT4G02000	0	0.0	0.0	0.0
AT2G28500	0	0.0	0.0	0.0
AT4G02555	0	0.0	0.0	0.0
AT1G12980	0	0.0	0.0	0.0
AT2G23810	11	0.651643	4.549404	5.879179
AT2G24360	125	5.285335	36.899227	47.684746
AT5G08290	162	10.049066	71.323410	92.170998
AT1G74350	0	0.000000	0.000000	0.000000
ATCG00630	134	79.074074	552.050598	713.413025
AT5G02000	0	0.0	0.0	0.0
AT4G20850	175	3.069783	21.727100	28.077858
AT2G29630	553	12.599430	92.880623	120.029320
AT5G60410	48	0.990212	7.455517	9.634739
AT3G48380	14	0.478528	3.455909	4.466059
AT5G60560	0	0.0	0.0	0.0
AT5G02555	3	0.520884	3.636518	4.699460
AT2G07678	4	0.154894	1.081383	1.397467
AT4G08290	18	0.774373	5.638696	7.286868
AT2G45190	58	3.775693	28.983912	37.455811
AT3G55290	0	0.000000	0.000000	0.000000
AT2G37870	0	0.0	0.0	0.0
AT3G54340	0	0.0	0.0	0.0
AT5G28463	0	0.0	0.0	0.0
AT5G55600	44	1.010426	7.523195	9.722199
AT3G09530	0	0.0	0.0	0.0
AT1G04800	4	0.285396	1.992474	2.574867
AT4G16475	0	0.0	0.0	0.0
AT1G66670	168	9.618809	67.153099	86.781715
AT3G23980	36	0.909206	6.347563	8.202934
AT2G07115	0	0.0	0.0	0.0
AT3G24516	0	0.000000	0.000000	0.000000
AT3G54625	12	0.417372	3.394709	4.386971
AT3G53480	0	0.000000	0.000000	0.000000
AT1G29340	66	1.817739	12.690428	16.399797
AT3G08600	33	1.430043	9.983753	12.901970
AT5G47420	36	2.037329	15.170996	19.605425
AT5G09140	0	0.000000	0.000000	0.000000
AT2G42460	0	0.0	0.0	0.0
AT2G42510	0	0.000000	0.000000	0.000000
AT3G42940	0	0.0	0.0	0.0
AT5G01895	0	0.000000	0.000000	0.000000
AT5G07935	0	0.0	0.0	0.0
AT5G67280	77	2.221168	15.506943	20.039568
AT3G01950	0	0.000000	0.000000	0.000000
AT1G02960	23	0.871478	6.550772	8.465540
AT4G09140	0	0.000000	0.000000	0.000000
AT4G01895	0	0.000000	0.000000	0.000000
AT1G18340	16	1.003145	7.003392	9.050460
AT3G21740	6	0.271240	1.893645	2.447150
AT1G70100	40	1.079484	9.234750	11.934035
AT3G45080	0	0.0	0.0	0.0
AT3G12890	0	0.000000	0.000000	0.000000
AT5G56890	69	1.313937	9.173166	11.854452
AT1G01020	59	2.094765	29.814005	38.528538
AT1G07447	0	0.0	0.0	0.0
AT2G06765	2	0.306080	2.136878	2.761480
AT5G43230	0	0.000000	0.000000	0.000000
AT1G02580	0	0.0	0.0	0.0
AT4G04040	125	4.548519	33.097176	42.771370
AT2G25355	15	0.987900	6.896961	8.912918
AT5G16300	57	1.233959	8.628860	11.151045
AT3G52300	324	23.485016	164.556976	212.656403
AT1G17744	0	0.000000	0.000000	0.000000
AT2G39230	6	0.137397	0.959228	1.239607
AT2G01035	0	0.0	0.0	0.0
AT1G14430	5	0.174458	1.217967	1.573975
AT2G13680	0	0.0	0.0	0.0
AT5G04040	31	0.658311	5.111256	6.605258
AT1G67238	0	0.0	0.0	0.0
AT3G05090	41	0.897557	7.586886	9.804508
AT1G80650	36	1.465985	17.116163	22.119158
AT5G46660	0	0.0	0.0	0.0
AT4G00760	17	0.275220	2.262900	2.924338
AT3G53910	0	0.0	0.0	0.0
AT4G27395	0	0.0	0.0	0.0
AT3G50670	91	2.669012	28.085478	36.294765
AT5G52200	37	1.441552	12.540096	16.205524
AT3G16200	28	1.321343	9.224871	11.921269
AT5G00760	1	0.120000	0.837772	1.082650
AT5G58090	45	1.824780	12.739585	16.463322
AT1G49400	37	3.240310	22.622017	29.234354
AT3G23410	41	1.205464	8.695748	11.237486
AT5G27395	47	2.370558	16.549898	21.387377
AT3G23560	24	0.871455	6.375664	8.239248
AT4G16690	10	0.465605	3.505100	4.529628
AT3G28930	103	6.153439	66.033905	85.335396
AT5G05430	0	0.000000	0.000000	0.000000
AT3G44900	0	0.000000	0.000000	0.000000
AT2G03660	0	0.0	0.0	0.0
AT5G60980	106	3.287891	24.232059	31.315010
AT1G15040	0	0.000000	0.000000	0.000000
AT1G57700	11	0.286557	2.097551	2.710659
AT3G58430	13	0.191457	1.635345	2.113351
AT3G52690	0	0.0	0.0	0.0
AT5G16690	17	0.509252	3.782807	4.888509
AT2G36900	11	0.416706	3.258746	4.211266
AT1G68185	29	1.950300	14.699120	18.995623
AT4G05430	0	0.000000	0.000000	0.000000
AT1G30282	0	0.000000	0.000000	0.000000
AT1G80710	20	0.863919	6.031395	7.794351
AT1G12560	0	0.000000	0.000000	0.000000
AT3G11550	0	0.0	0.0	0.0
AT1G16022	0	0.000000	0.000000	0.000000
AT1G12410	177	11.665012	81.438538	105.242737
AT1G23890	10	0.520655	3.634919	4.697393
AT5G10780	152	11.270270	78.682663	101.681343
AT3G19930	75	2.491810	17.396412	22.481323
AT1G02840	141	5.523176	50.373581	65.097603
AT1G61330	0	0.0	0.0	0.0
AT3G42860	5	0.222290	1.637182	2.115724
AT1G06225	0	0.0	0.0	0.0
AT3G01202	0	0.000000	0.000000	0.000000
AT4G10780	0	0.0	0.0	0.0
AT1G21651	0	0.000000	0.000000	0.000000
AT1G71680	0	0.0	0.0	0.0
AT3G10870	32	1.698087	12.405899	16.032101
AT3G26125	2	0.044668	0.311847	0.402999
AT3G46086	0	0.0	0.0	0.0
AT1G45110	17	0.337516	2.401237	3.103110
AT5G21090	430	26.417051	184.428955	238.336899
AT3G15970	26	0.912656	6.371649	8.234060
AT2G46820	1471	92.818863	698.437439	902.588257
AT1G62900	0	0.000000	0.000000	0.000000
AT2G39050	0	0.000000	0.000000	0.000000
AT4G38092	113	6.933333	79.198509	102.347961
AT4G21090	0	0.000000	0.000000	0.000000
AT5G43050	22	1.629486	11.376151	14.701362
AT1G09387	0	0.0	0.0	0.0
AT2G40010	45	2.250722	16.939785	21.891224
AT1G80400	38	1.306681	12.135495	15.682658
AT1G30610	37	0.780442	6.412560	8.286930
AT5G09470	0	0.000000	0.000000	0.000000
AT1G33970	75	3.326451	34.167538	44.154591
AT3G17690	0	0.000000	0.000000	0.000000
AT1G12700	0	0.000000	0.000000	0.000000
AT5G03553	0	0.000000	0.000000	0.000000
AT1G57410	0	0.0	0.0	0.0
AT1G57560	9	0.505774	3.577846	4.623639
AT1G63310	10	0.890279	6.215425	8.032173
AT1G79880	34	1.710326	12.219482	15.791194
AT1G64860	218	7.331577	55.186665	71.317535
AT2G48020	34	0.528400	8.457108	10.929092
AT5G65880	28	2.740926	19.135599	24.728868
AT2G22270	4	0.176542	1.458212	1.884443
AT1G49650	32	1.727887	12.063132	15.589145
AT1G27910	33	0.866914	6.052304	7.821372
AT1G49710	29	1.054267	7.373981	9.529370
AT4G36470	9	0.407293	2.855847	3.690601
AT3G23700	252	12.675914	88.496078	114.363182
AT2G20290	54	0.838496	5.934842	7.669576
AT3G59550	9	0.246979	1.750714	2.262441
AT4G17200	0	0.0	0.0	0.0
AT3G26395	17	3.015037	21.049288	27.201921
AT1G07640	58	1.364765	10.900674	14.086904
AT5G62060	0	0.0	0.0	0.0
AT2G08850	0	0.0	0.0	0.0
AT5G36470	0	0.0	0.0	0.0
AT5G41210	183	11.635350	85.881065	110.983803
AT1G67035	1	0.080530	0.562215	0.726549
AT3G47660	0	0.000000	0.000000	0.000000
AT1G79540	20	0.486349	3.395414	4.387882
AT1G30750	0	0.0	0.0	0.0
AT5G17200	0	0.0	0.0	0.0
AT5G65540	12	0.392608	2.740968	3.542143
AT4G00500	21	0.834882	5.893930	7.616706
AT5G03820	0	0.0	0.0	0.0
AT3G17300	43	2.957747	31.300535	40.449574
AT3G21430	33	0.566358	4.570390	5.906299
AT1G74675	6	0.389863	3.144334	4.063412
AT1G50280	5	0.168381	1.268890	1.639782
AT3G51930	3	0.127474	0.889951	1.150081
AT4G03820	15	0.632863	4.690464	6.061470
AT3G57890	124	4.084437	29.849567	38.574493
AT2G35270	0	0.0	0.0	0.0
AT3G02725	1	0.474026	3.309382	4.276703
AT2G06050	59	2.743259	20.904108	27.014307
AT2G06505	0	0.0	0.0	0.0
AT2G46765	0	0.0	0.0	0.0
AT3G05080	18	3.703208	25.853708	33.410660
AT1G09127	2	0.372449	2.600229	3.360267
AT5G03230	7	0.457371	3.193106	4.126440
AT2G29679	0	0.000000	0.000000	0.000000
AT5G58080	0	0.0	0.0	0.0
AT5G62970	0	0.0	0.0	0.0
AT1G71300	0	0.000000	0.000000	0.000000
AT5G44040	31	1.418031	9.899892	12.793597
AT4G03230	52	0.836864	6.987663	9.030134
AT3G12880	0	0.0	0.0	0.0
AT3G45090	19	0.300463	3.199445	4.134632
AT2G11851	0	0.0	0.0	0.0
AT1G23540	0	0.000000	0.000000	0.000000
AT5G56880	0	0.000000	0.000000	0.000000
AT5G06660	50	3.372133	23.542330	30.423672
AT5G14110	0	0.0	0.0	0.0
AT1G02590	0	0.0	0.0	0.0
AT4G33900	0	0.0	0.0	0.0
AT4G12770	36	0.787187	6.129365	7.920958
AT5G40760	58	1.953066	15.496037	20.025475
AT3G03330	36	1.927238	15.324788	19.804173
AT2G31620	0	0.0	0.0	0.0
AT4G14110	0	0.000000	0.000000	0.000000
AT3G28155	0	0.0	0.0	0.0
AT1G09400	0	0.000000	0.000000	0.000000
AT3G56770	2	0.105603	0.909011	1.174712
AT2G13690	9	0.333836	2.330655	3.011897
AT5G10790	48	1.363050	10.398408	13.437828
AT4G39660	45	1.743276	12.711344	16.426826
AT1G17270	12	0.461317	3.278950	4.237376
AT1G05863	0	0.0	0.0	0.0
AT5G45430	257	7.110686	54.116161	69.934128
AT3G04900	0	0.000000	0.000000	0.000000
AT2G31345	0	0.000000	0.000000	0.000000
AT3G12540	0	0.0	0.0	0.0
AT5G56540	10	1.469062	10.256162	13.254003
AT1G23880	0	0.000000	0.000000	0.000000
AT5G25310	0	0.0	0.0	0.0
AT5G05925	0	0.0	0.0	0.0
AT2G43660	0	0.0	0.0	0.0
AT4G10790	55	2.456608	17.150650	22.163727
AT5G39660	9	0.273028	2.020462	2.611037
AT3G15060	60	3.658742	25.543272	33.009483
AT4G25310	0	0.000000	0.000000	0.000000
AT1G71690	0	0.000000	0.000000	0.000000
AT3G63020	0	0.0	0.0	0.0
AT4G34330	0	0.0	0.0	0.0
AT2G27700	0	0.000000	0.000000	0.000000
AT4G05925	0	0.0	0.0	0.0
AT5G12130	103	3.651698	34.144691	44.125072
AT3G56130	93	3.976993	34.366230	44.411362
AT2G46230	95	7.231912	55.222485	71.363831
AT4G16680	1	0.007004	0.069703	0.090076
AT5G60990	51	2.194111	15.318047	19.795458
AT5G03765	0	0.0	0.0	0.0
AT4G12130	7	0.319228	2.228670	2.880102
AT1G09457	0	0.000000	0.000000	0.000000
AT3G52680	8	0.347850	2.468461	3.189984
AT3G02860	1	0.009646	0.067490	0.087217
AT3G25210	6	0.257009	1.794292	2.318757
AT5G16680	36	0.610802	4.302987	5.560735
AT4G03765	0	0.0	0.0	0.0
AT1G33060	27	0.885847	6.386240	8.252916
AT3G17680	11	0.448889	3.431264	4.434211
AT4G03505	0	0.000000	0.000000	0.000000
AT4G03050	0	0.0	0.0	0.0
AT4G08815	0	0.000000	0.000000	0.000000
AT4G31860	29	1.362133	10.069736	13.013086
AT1G16370	1	0.033058	0.230792	0.298252
AT5G53902	7	0.728632	5.086897	6.573780
AT1G79890	0	0.000000	0.000000	0.000000
AT5G08815	0	0.0	0.0	0.0
AT2G20721	0	0.0	0.0	0.0
AT5G57130	18	0.381813	2.665603	3.444750
AT5G03050	12	0.335219	4.594001	5.936812
AT5G59945	0	0.000000	0.000000	0.000000
AT5G65890	43	1.549977	11.769807	15.210081
AT5G06015	0	0.0	0.0	0.0
AT5G49470	26	0.551724	4.287321	5.540490
AT2G35744	1	0.316456	2.209317	2.855093
AT1G77550	48	1.094150	7.638737	9.871515
AT5G21080	0	0.000000	0.000000	0.000000
AT2G27560	0	0.0	0.0	0.0
AT2G27410	0	0.0	0.0	0.0
AT4G38730	9	0.427329	2.983370	3.855399
AT2G47330	25	0.720279	5.028581	6.498419
AT1G08035	0	0.000000	0.000000	0.000000
AT5G22520	3	0.321637	2.245488	2.901836
AT1G53285	0	0.0	0.0	0.0
AT1G09397	0	0.0	0.0	0.0
AT4G06015	0	0.0	0.0	0.0
AT3G57540	6	0.323261	2.256826	2.916488
AT1G74910	119	4.350643	30.429670	39.324158
AT1G68640	0	0.000000	0.000000	0.000000
AT1G52270	15	1.548684	10.812038	13.972360
AT4G21080	0	0.0	0.0	0.0
AT1G05727	0	0.000000	0.000000	0.000000
AT5G00825	0	0.0	0.0	0.0
AT2G08020	0	0.000000	0.000000	0.000000
AT4G22520	0	0.000000	0.000000	0.000000
AT2G33470	99	4.609871	35.023239	45.260410
AT4G18197	22	0.845614	5.903600	7.629202
AT1G09650	1	0.034597	0.241537	0.312137
AT5G38730	9	0.315337	2.201505	2.844997
AT2G31100	0	0.000000	0.000000	0.000000
AT1G09710	10	0.257677	2.261070	2.921974
AT4G01210	48	1.023939	7.148564	9.238065
AT1G68325	0	0.0	0.0	0.0
AT5G57770	28	1.428118	10.224759	13.213422
AT1G50290	16	1.380266	9.636238	12.452878
AT5G40500	60	5.725301	43.652348	56.411781
AT1G60783	1	0.077825	0.543330	0.702144
AT1G47640	69	4.208689	32.098106	41.480274
AT3G57880	23	0.483137	3.637279	4.700443
AT3G07660	132	3.102647	21.660931	27.992346
AT5G01210	32	1.383463	9.658558	12.481722
AT5G43820	1	0.002517	0.017572	0.022709
AT5G38170	0	0.0	0.0	0.0
AT2G20280	101	4.648180	32.450970	41.936275
AT5G35520	0	0.000000	0.000000	0.000000
AT1G08537	0	0.000000	0.000000	0.000000
AT5G59662	5	0.245247	2.264722	2.926692
AT3G01310	170	3.252816	24.892567	32.168579
AT4G38170	25	0.899036	6.276562	8.111179
AT4G35520	0	0.0	0.0	0.0
AT1G09607	0	0.000000	0.000000	0.000000
AT2G46505	171	10.554609	73.686333	95.224586
AT2G37040	800	21.828386	152.393478	196.937561
AT1G72930	479	23.592737	251.149323	324.559387
AT2G39820	0	0.000000	0.000000	0.000000
AT1G33615	4	0.071338	0.761402	0.983958
AT2G46050	3	0.123519	0.862340	1.114399
AT3G42725	5	0.420690	2.937020	3.795501
AT5G09685	1	0.011386	0.079491	0.102725
AT5G59865	0	0.000000	0.000000	0.000000
AT1G07263	0	0.0	0.0	0.0
AT3G32047	0	0.0	0.0	0.0
AT2G05320	18	0.717922	5.012126	6.477154
AT5G53250	0	0.000000	0.000000	0.000000
AT1G15870	12	0.863472	6.789481	8.774023
AT4G14358	0	0.000000	0.000000	0.000000
AT3G25545	28	1.822167	12.721342	16.439747
AT3G62800	16	0.759756	5.551288	7.173911
AT3G06420	0	0.000000	0.000000	0.000000
AT3G14760	0	0.000000	0.000000	0.000000
AT4G31940	0	0.0	0.0	0.0
AT4G09685	2	0.073911	0.516005	0.666831
AT1G21500	729	66.437859	463.831635	599.408081
AT1G76720	27	0.399462	3.175464	4.103642
AT5G66390	0	0.000000	0.000000	0.000000
AT1G11630	15	0.676402	4.722257	6.102557
AT1G73340	0	0.000000	0.000000	0.000000
AT3G45570	0	0.0	0.0	0.0
AT3G48120	8	0.272420	1.978190	2.556408
AT1G02070	0	0.0	0.0	0.0
AT4G33780	35	2.393103	16.707294	21.590780
AT1G58235	28	1.647059	13.316558	17.208942
AT3G53350	32	0.972994	9.020713	11.657436
AT2G04205	0	0.0	0.0	0.0
AT3G10040	4	0.123010	0.858786	1.109807
AT3G27810	0	0.0	0.0	0.0
AT3G04780	71	5.363292	37.443478	48.388081
AT2G30680	0	0.000000	0.000000	0.000000
AT1G69510	97	6.294643	58.028976	74.990646
AT1G69460	132	9.313882	66.433998	85.852432
AT5G51010	318	15.655645	200.093445	258.580078
AT4G04870	15	0.800219	5.586678	7.219644
AT1G74480	0	0.000000	0.000000	0.000000
AT3G03115	0	0.0	0.0	0.0
AT3G48450	0	0.0	0.0	0.0
AT5G04870	62	1.610786	11.689953	15.106887
AT1G55670	4494	460.865387	3217.501953	4157.966797
AT5G66600	0	0.000000	0.000000	0.000000
AT5G45740	0	0.000000	0.000000	0.000000
AT2G27980	101	1.666598	11.923601	15.408829
AT3G44790	0	0.000000	0.000000	0.000000
AT1G27490	0	0.0	0.0	0.0
AT3G06150	34	1.013079	7.072746	9.140086
AT5G49305	0	0.0	0.0	0.0
AT1G26250	0	0.0	0.0	0.0
AT2G16953	0	0.0	0.0	0.0
AT1G51830	0	0.0	0.0	0.0
AT2G36790	0	0.000000	0.000000	0.000000
AT1G57990	76	3.237890	22.605122	29.212521
AT1G61226	0	0.0	0.0	0.0
AT2G05645	0	0.0	0.0	0.0
AT1G12990	34	1.284260	8.965980	11.586703
AT1G13750	60	2.250655	15.712803	20.305601
AT4G07150	0	0.000000	0.000000	0.000000
AT4G29735	119	11.078362	83.812622	108.310768
AT1G60130	0	0.0	0.0	0.0
AT3G01135	0	0.000000	0.000000	0.000000
AT5G08280	0	0.000000	0.000000	0.000000
AT5G07150	0	0.000000	0.000000	0.000000
AT3G48390	0	0.0	0.0	0.0
AT5G53030	7	0.332256	2.319624	2.997642
AT1G53163	2	0.121262	0.846583	1.094036
AT2G21220	4	0.350665	2.448145	3.163730
AT3G55280	411	36.171997	253.651093	327.792419
AT4G08280	69	3.613775	41.952614	54.215218
AT2G45180	7844	646.892761	4516.240234	5836.321777
AT1G27350	113	10.412993	72.697647	93.946915
AT5G38440	0	0.0	0.0	0.0
AT1G54360	82	3.510445	27.464277	35.491993
AT2G04530	38	1.979085	13.816854	17.855474
AT5G55380	10	0.561343	3.918980	5.064485
AT5G66120	71	2.853893	22.912910	29.610277
AT1G58055	0	0.0	0.0	0.0
AT1G63950	0	0.0	0.0	0.0
AT1G62790	64	5.420551	37.843227	48.904675
AT5G01545	0	0.000000	0.000000	0.000000
AT5G48290	0	0.0	0.0	0.0
ATCG01060	131	42.548782	297.051575	383.878754
AT4G38440	16	0.268461	1.881532	2.431497
AT3G08380	0	0.0	0.0	0.0
AT5G42000	35	1.548226	17.363443	22.438721
AT5G18735	0	0.000000	0.000000	0.000000
AT1G59630	0	0.0	0.0	0.0
AT2G12480	0	0.0	0.0	0.0
AT4G00651	0	0.000000	0.000000	0.000000
AT3G13672	2	0.053622	0.392573	0.507321
AT4G19010	30	0.681485	4.778625	6.175401
AT1G06363	0	0.0	0.0	0.0
AT3G42148	0	0.0	0.0	0.0
AT4G20020	44	2.131319	15.795038	20.411873
AT3G49530	12	0.483723	3.382247	4.370867
AT1G28830	0	0.000000	0.000000	0.000000
AT1G44800	113	5.452899	38.069061	49.196522
AT5G26810	0	0.0	0.0	0.0
AT4G18260	8	0.700585	4.891089	6.320738
AT3G29360	231	9.210973	64.305817	83.102188
AT5G01885	0	0.0	0.0	0.0
AT2G47115	0	0.000000	0.000000	0.000000
AT3G24630	0	0.000000	0.000000	0.000000
AT5G20020	192	12.590461	87.899490	113.592216
AT5G19010	64	1.938260	13.531837	17.487148
AT3G48600	11	0.625486	4.617962	5.967776
AT1G60770	37	1.616111	11.282776	14.580691
AT5G67290	0	0.000000	0.000000	0.000000
AT3G01775	0	0.000000	0.000000	0.000000
AT4G26810	8	0.715674	5.687504	7.349941
AT1G05943	2	0.291417	2.034509	2.629189
AT1G58684	470	29.163143	203.600616	263.112366
AT5G66450	18	0.992000	8.450238	10.920215
AT5G18260	8	0.333078	2.729113	3.526824
AT4G29260	36	2.554464	17.833826	23.046593
AT3G18360	0	0.000000	0.000000	0.000000
AT5G49140	0	0.0	0.0	0.0
AT1G21760	14	0.712218	5.680480	7.340865
AT3G23990	147	5.148571	35.944420	46.450848
AT3G22750	33	1.082713	7.558891	9.768330
AT5G07420	0	0.0	0.0	0.0
AT1G19830	1	0.087952	0.614031	0.793510
AT2G02510	89	8.834379	61.676647	79.704521
AT3G02940	0	0.0	0.0	0.0
AT4G28010	34	0.923182	6.445136	8.329027
AT1G42960	190	17.927811	125.161858	161.746231
AT3G53490	7	0.305251	2.159756	2.791045
AT2G20815	38	1.235032	9.084607	11.740006
AT1G13610	0	0.0	0.0	0.0
AT1G10970	0	0.000000	0.000000	0.000000
AT2G33140	0	0.0	0.0	0.0
AT1G04027	0	0.000000	0.000000	0.000000
AT5G28010	0	0.0	0.0	0.0
AT3G25160	0	0.0	0.0	0.0
AT2G36390	62	1.710418	12.320594	15.921861
AT2G33705	0	0.0	0.0	0.0
AT1G22810	0	0.000000	0.000000	0.000000
AT1G05260	0	0.0	0.0	0.0
AT5G04280	53	1.260448	12.453479	16.093588
AT2G13980	0	0.0	0.0	0.0
AT3G45240	44	1.550731	10.932900	14.128550
AT3G07070	0	0.0	0.0	0.0
AT3G61460	76	4.809034	33.573959	43.387516
AT3G61510	0	0.0	0.0	0.0
AT1G62450	0	0.0	0.0	0.0
AT1G58360	51	2.113744	14.756968	19.070379
AT2G08530	1	0.163717	1.142980	1.477069
AT4G22030	0	0.0	0.0	0.0
AT3G20470	121	9.115094	63.636444	82.237160
AT3G59830	0	0.0	0.0	0.0
AT1G54500	264	22.748381	158.816360	205.237823
AT5G44290	106	2.795959	21.336168	27.572657
AT5G45340	0	0.0	0.0	0.0
AT3G04380	9	0.287098	2.101524	2.715792
AT4G34440	0	0.0	0.0	0.0
AT1G13490	0	0.0	0.0	0.0
AT1G80950	26	1.003941	8.020385	10.364717
AT5G22030	29	0.585700	4.254871	5.498555
AT5G46960	0	0.0	0.0	0.0
AT3G50970	14	1.137255	7.939672	10.260412
AT1G31420	197	5.345133	43.450367	56.150761
AT1G67800	20	0.682322	4.909317	6.344295
AT3G53610	69	3.717862	25.956015	33.542870
AT3G52990	217	7.448453	55.101547	71.207542
AT3G53750	91	3.258210	29.745024	38.439388
AT1G48800	0	0.0	0.0	0.0
AT2G36600	0	0.0	0.0	0.0
AT5G16990	22	0.763373	6.010604	7.767483
AT1G06827	0	0.0	0.0	0.0
AT4G14260	0	0.0	0.0	0.0
AT3G32160	0	0.0	0.0	0.0
AT1G31150	11	0.339007	2.381577	3.077704
AT3G22490	0	0.000000	0.000000	0.000000
AT3G28630	0	0.000000	0.000000	0.000000
AT3G44600	42	1.364098	9.523362	12.307009
AT1G73740	0	0.000000	0.000000	0.000000
AT4G16990	262	5.032085	45.338367	58.590614
AT1G30473	0	0.000000	0.000000	0.000000
AT4G32375	0	0.0	0.0	0.0
AT5G60680	29	1.760618	12.291641	15.884446
AT1G15280	80	2.071800	15.050920	19.450254
AT4G33380	102	4.784117	34.791679	44.961166
AT5G14260	155	4.989915	39.924526	51.594330
AT3G03440	5	0.214876	1.500143	1.938630
AT3G14360	0	0.000000	0.000000	0.000000
AT2G07779	3	0.152893	1.067413	1.379414
AT4G35030	0	0.000000	0.000000	0.000000
AT5G59180	51	4.033898	28.162399	36.394173
AT1G71980	105	3.771106	26.327734	34.023239
AT3G18500	48	1.950307	14.555490	18.810009
AT1G76320	23	0.560736	3.914742	5.059008
AT3G22961	0	0.0	0.0	0.0
AT4G24010	9	0.253789	1.828166	2.362532
AT5G66790	11	0.281685	2.147525	2.775239
AT3G13810	52	1.656326	12.538527	16.203495
AT1G62120	7	0.262087	1.829744	2.364571
AT2G09390	0	0.0	0.0	0.0
AT2G05720	0	0.0	0.0	0.0
AT3G43572	0	0.0	0.0	0.0
AT2G25011	0	0.0	0.0	0.0
AT3G19630	38	1.995321	13.930206	18.001957
AT1G08027	0	0.0	0.0	0.0
AT3G41761	1	0.450617	3.145954	4.065505
AT5G24010	9	0.229138	1.599712	2.067303
AT2G43070	102	2.890687	22.968142	29.681650
AT1G25054	190	2.548337	17.857180	23.076771
AT4G39070	0	0.0	0.0	0.0
AT1G43667	0	0.0	0.0	0.0
AT3G18760	30	2.786905	19.456598	25.143696
AT3G22350	0	0.0	0.0	0.0
AT1G21360	0	0.0	0.0	0.0
AT4G12405	0	0.0	0.0	0.0
AT5G01275	0	0.0	0.0	0.0
AT1G62600	27	1.313901	9.281037	11.993853
AT5G19595	2	0.744792	5.199718	6.719577
AT3G15670	0	0.0	0.0	0.0
AT1G77220	33	1.193724	8.333908	10.769880
AT5G01160	14	0.605349	4.226205	5.461511
AT1G60370	0	0.0	0.0	0.0
AT3G44120	7	0.358240	2.501029	3.232072
AT3G01375	0	0.000000	0.000000	0.000000
AT1G27610	0	0.0	0.0	0.0
AT5G22250	2	0.113379	0.791548	1.022915
AT1G49950	80	3.147873	26.123945	33.759888
AT1G33670	0	0.0	0.0	0.0
AT4G01160	0	0.0	0.0	0.0
AT2G36120	338	20.365559	142.180832	183.739807
AT2G09450	0	0.0	0.0	0.0
AT3G11830	230	8.757041	61.994877	80.115768
AT1G30910	35	1.450000	12.983509	16.778543
AT3G53065	0	0.0	0.0	0.0
AT2G08205	0	0.000000	0.000000	0.000000
AT2G05117	0	0.0	0.0	0.0
AT3G29760	63	2.237079	17.453588	22.555214
AT4G22250	4	0.265104	1.850807	2.391791
AT3G08780	22	1.168224	8.155881	10.539817
AT2G47440	88	2.985544	22.013311	28.447727
AT3G63530	18	0.494468	5.871534	7.587763
AT3G47960	127	4.495772	31.386940	40.561241
AT2G36450	0	0.0	0.0	0.0
AT2G09120	0	0.0	0.0	0.0
AT4G08870	111	4.427351	41.850594	54.083378
AT1G78480	8	0.421477	3.323987	4.295578
AT2G37290	0	0.000000	0.000000	0.000000
AT3G55870	0	0.0	0.0	0.0
AT1G27750	18	0.372986	2.603978	3.365112
AT3G44450	86	5.882403	41.067616	53.071545
AT1G54760	0	0.0	0.0	0.0
AT5G55780	0	0.0	0.0	0.0
AT5G08870	0	0.000000	0.000000	0.000000
AT1G62390	254	7.114075	49.666458	64.183792
AT4G18335	0	0.0	0.0	0.0
AT1G76190	2	0.194226	1.355976	1.752324
AT1G07940	914	7.947708	294.365387	380.407379
AT4G11180	0	0.0	0.0	0.0
AT3G48790	0	0.0	0.0	0.0
AT3G51630	44	1.360947	10.400746	13.440850
AT5G63140	16	0.801158	5.593233	7.228116
AT4G16162	0	0.0	0.0	0.0
AT5G06070	0	0.0	0.0	0.0
AT1G13350	42	1.032612	8.681974	11.219686
AT4G35250	424	7.259715	148.511719	191.921188
AT5G11180	0	0.0	0.0	0.0
AT3G18235	0	0.000000	0.000000	0.000000
AT2G01800	0	0.0	0.0	0.0
AT5G57655	109	4.070555	29.486261	38.104996
AT1G50040	5	0.208592	1.456272	1.881935
AT4G06070	0	0.0	0.0	0.0
AT4G04815	0	0.0	0.0	0.0
AT5G53520	0	0.000000	0.000000	0.000000
AT3G13062	33	1.071458	9.323889	12.049230
AT3G06635	0	0.0	0.0	0.0
AT2G32970	45	0.908008	8.074401	10.434520
AT3G10290	0	0.0	0.0	0.0
AT1G23270	0	0.000000	0.000000	0.000000
AT5G04815	0	0.0	0.0	0.0
AT1G17880	651	64.809464	452.463104	584.716553
AT3G07590	13	0.990329	11.066546	14.301260
AT1G70920	0	0.000000	0.000000	0.000000
AT3G03170	8	0.653488	4.562284	5.895824
AT4G32650	7	0.208571	1.456125	1.881745
AT5G50800	13	0.797478	5.567542	7.194915
AT4G10390	0	0.000000	0.000000	0.000000
AT3G03265	2	0.275927	1.926367	2.489437
AT4G09995	0	0.0	0.0	0.0
AT4G25710	8	0.384514	2.684460	3.469118
AT3G09850	42	1.177897	8.223412	10.627088
AT2G27300	0	0.000000	0.000000	0.000000
AT5G61620	0	0.0	0.0	0.0
AT4G34730	95	3.688051	28.627403	36.995098
AT5G10390	60	6.356952	44.380653	57.352966
AT1G78910	7	0.289402	2.160971	2.792615
AT1G64640	64	4.830231	33.721947	43.578758
AT5G09995	48	3.832665	27.055716	34.964008
AT5G15537	0	0.0	0.0	0.0
AT1G43245	8	0.240424	1.774688	2.293423
AT3G47580	0	0.000000	0.000000	0.000000
AT2G04020	0	0.0	0.0	0.0
AT4G07408	0	0.000000	0.000000	0.000000
AT5G40360	0	0.0	0.0	0.0
AT2G25970	0	0.000000	0.000000	0.000000
AT3G03730	0	0.0	0.0	0.0
AT1G07860	0	0.000000	0.000000	0.000000
AT1G57680	115	4.156363	31.744526	41.023342
AT1G73430	39	0.990000	6.940727	8.969478
AT2G44850	0	0.000000	0.000000	0.000000
AT4G34265	113	7.869832	65.189636	84.244339
AT2G17972	74	7.863438	54.898090	70.944611
AT5G12370	56	1.482529	10.451042	13.505845
AT3G56370	103	2.336558	16.312531	21.080626
AT1G30480	6	0.250142	1.746350	2.256803
AT4G25650	138	5.345781	40.249146	52.013828
AT3G47840	2	0.066606	0.465006	0.600925
AT4G20530	0	0.0	0.0	0.0
AT3G49020	0	0.0	0.0	0.0
AT5G02835	0	0.0	0.0	0.0
AT4G12370	0	0.0	0.0	0.0
AT5G61345	0	0.0	0.0	0.0
AT4G10600	2	0.095393	0.858088	1.108904
AT3G01400	14	0.717349	5.008126	6.471984
AT4G32710	19	0.518969	3.623149	4.682183
AT1G04537	1	0.042548	0.297046	0.383872
AT1G26520	16	0.676455	5.206776	6.728698
AT1G71700	1	0.064742	0.451992	0.584108
AT1G55755	0	0.000000	0.000000	0.000000
AT3G20140	0	0.0	0.0	0.0
AT1G21866	0	0.0	0.0	0.0
AT2G27690	3	0.107892	0.753241	0.973411
AT4G34170	0	0.000000	0.000000	0.000000
AT5G56270	16	0.414033	2.890545	3.735441
AT5G10600	19	0.787944	5.500980	7.108898
AT2G30990	80	2.232795	15.588114	20.144468
AT3G12270	44	1.550203	10.822642	13.986064
AT1G17540	0	0.0	0.0	0.0
AT1G65200	0	0.0	0.0	0.0
AT1G05197	0	0.0	0.0	0.0
AT1G52540	13	0.494910	4.419123	5.710818
AT2G47170	952	53.655689	500.045685	646.207336
AT2G35890	0	0.0	0.0	0.0
AT3G57270	0	0.0	0.0	0.0
AT5G10120	0	0.0	0.0	0.0
AT2G43590	37	2.642342	18.447342	23.839436
AT4G39590	0	0.0	0.0	0.0
AT1G71410	56	1.356730	9.486340	12.259165
AT1G55060	0	0.0	0.0	0.0
AT5G54080	12	0.406712	3.916223	5.060921
AT2G21550	3	0.114397	1.122357	1.450418
AT4G10120	134	2.249526	16.280876	21.039721
AT4G29110	25	1.816421	12.681227	16.387905
AT5G39590	61	2.372481	17.171778	22.191029
AT5G48040	0	0.000000	0.000000	0.000000
AT3G01710	21	0.934264	6.861802	8.867483
AT4G32400	24	1.059743	7.398528	9.561092
AT2G29930	0	0.0	0.0	0.0
AT5G63470	48	2.331875	19.963137	25.798292
AT2G03580	0	0.0	0.0	0.0
AT1G16130	0	0.0	0.0	0.0
AT5G18110	65	4.602374	32.131180	41.523010
AT2G27145	0	0.0	0.0	0.0
AT5G37850	107	5.479514	38.254875	49.436646
AT5G46840	193	8.675324	60.566223	78.269516
AT1G12680	11	0.326930	2.606400	3.368242
AT2G20870	2	0.188295	1.314569	1.698814
AT1G09310	935	75.586449	527.701904	681.947388
AT1G68725	1	0.019983	0.139510	0.180288
AT4G37850	0	0.0	0.0	0.0
AT4G18110	0	0.0	0.0	0.0
ATCG00930	0	0.000000	0.000000	0.000000
AT5G57370	32	2.216718	15.475875	19.999420
AT3G16712	0	0.000000	0.000000	0.000000
AT1G09797	0	0.0	0.0	0.0
AT5G25400	0	0.0	0.0	0.0
AT1G36310	56	2.624193	18.660311	24.114655
AT3G08900	0	0.000000	0.000000	0.000000
AT2G03840	0	0.0	0.0	0.0
AT1G05327	0	0.000000	0.000000	0.000000
AT2G22890	7	0.423633	2.957567	3.822053
AT2G17295	0	0.0	0.0	0.0
AT5G38330	0	0.0	0.0	0.0
AT5G46580	158	5.720708	39.938755	51.612717
AT1G21528	0	0.0	0.0	0.0
AT3G23680	0	0.0	0.0	0.0
AT4G25400	0	0.0	0.0	0.0
AT1G66970	898	22.436699	165.431686	213.786804
AT5G55900	3	0.135833	0.982735	1.269985
AT5G61100	0	0.0	0.0	0.0
AT3G15355	32	1.107499	7.731933	9.991951
AT3G54925	0	0.0	0.0	0.0
AT4G38330	10	0.523438	6.358391	8.216928
AT2G47730	313	9.219188	99.785004	128.951813
AT4G10450	466	24.062056	230.231430	297.527283
AT1G02660	7	0.178044	1.243003	1.606328
AT1G52880	6	0.259564	1.812129	2.341809
AT5G67040	0	0.0	0.0	0.0
AT3G01650	16	0.476448	3.367900	4.352326
AT2G26200	50	1.605875	12.240056	15.817782
AT1G53875	16	1.510689	10.546779	13.629565
AT4G07635	0	0.0	0.0	0.0
AT1G75820	76	1.712877	11.958341	15.453723
AT5G06590	5	0.257630	1.961504	2.534845
AT1G64195	0	0.0	0.0	0.0
AT5G10450	428	18.795044	147.271988	190.319092
AT2G13560	468	16.608889	115.953888	149.846817
AT1G33355	0	0.000000	0.000000	0.000000
AT5G07635	0	0.000000	0.000000	0.000000
AT1G16770	0	0.000000	0.000000	0.000000
AT3G42640	9	0.137682	1.026669	1.326761
AT1G07467	0	0.0	0.0	0.0
AT1G05593	0	0.0	0.0	0.0
AT2G22300	28	0.539118	3.930499	5.079371
AT2G06745	0	0.0	0.0	0.0
AT1G07517	0	0.000000	0.000000	0.000000
AT4G08355	0	0.0	0.0	0.0
AT1G76965	0	0.000000	0.000000	0.000000
AT4G23130	62	2.056170	14.729782	19.035248
AT5G15900	4	0.190228	1.328065	1.716253
AT2G35690	11	0.363184	2.535546	3.276677
AT1G04957	0	0.0	0.0	0.0
AT3G60286	0	0.000000	0.000000	0.000000
AT4G35785	40	2.066842	14.867959	19.213812
AT5G04060	37	1.278674	8.926981	11.536306
AT1G05080	0	0.0	0.0	0.0
AT1G04133	0	0.0	0.0	0.0
AT5G23130	7	0.286435	1.999728	2.584241
AT4G15900	75	3.068734	21.424170	27.686380
AT4G26675	0	0.0	0.0	0.0
AT1G56770	0	0.0	0.0	0.0
AT5G37650	0	0.0	0.0	0.0
AT3G09400	0	0.0	0.0	0.0
AT4G00740	96	2.573450	18.168385	23.478939
AT2G37970	12	1.090909	7.616111	9.842275
AT5G44563	0	0.0	0.0	0.0
AT5G46640	4	0.129204	0.973533	1.258094
AT5G65700	89	1.930131	13.822147	17.862312
AT1G32210	192	10.820874	111.936417	144.655045
AT5G50450	20	1.039892	7.334320	9.478116
AT1G79700	14	0.417840	3.754365	4.851753
AT3G08255	0	0.0	0.0	0.0
AT1G03330	76	7.770323	54.248009	70.104515
AT4G37650	13	0.473539	3.305982	4.272309
AT5G00740	0	0.0	0.0	0.0
AT3G07185	0	0.0	0.0	0.0
AT3G02590	0	0.0	0.0	0.0
AT2G23910	0	0.000000	0.000000	0.000000
AT3G23540	4	0.081381	0.711429	0.919378
AT1G12880	26	1.606467	11.215446	14.493683
AT5G20950	166	5.271678	36.803883	47.561531
AT2G20670	17	0.744081	5.911160	7.638973
AT2G31432	0	0.0	0.0	0.0
AT2G44400	0	0.0	0.0	0.0
AT5G23770	0	0.000000	0.000000	0.000000
AT2G28430	43	5.630542	41.633640	53.803009
AT2G22690	16	0.738744	5.605827	7.244392
AT1G63020	0	0.000000	0.000000	0.000000
AT5G22785	0	0.000000	0.000000	0.000000
AT1G04773	1	0.003803	0.026550	0.034311
AT4G37710	0	0.0	0.0	0.0
AT5G14080	10	0.326260	2.277763	2.943546
AT1G61575	0	0.000000	0.000000	0.000000
AT1G15060	26	0.660456	5.569978	7.198063
AT2G03640	84	3.229469	27.846594	35.986057
AT2G35300	0	0.0	0.0	0.0
AT4G23770	12	0.787304	5.496512	7.103124
AT5G46325	0	0.0	0.0	0.0
AT3G23880	10	0.594792	4.152502	5.366264
AT5G23903	0	0.0	0.0	0.0
AT1G12540	0	0.0	0.0	0.0
AT4G14080	0	0.0	0.0	0.0
AT5G37710	11	0.337889	2.443230	3.157378
AT1G04900	36	1.648088	11.506020	14.869191
AT5G50120	1	0.042541	0.296997	0.383809
AT3G17270	0	0.0	0.0	0.0
AT1G75620	6	0.226632	1.582217	2.044693
AT5G17370	9	0.358749	2.570634	3.322022
AT4G07835	0	0.0	0.0	0.0
AT2G40320	0	0.000000	0.000000	0.000000
AT3G05110	0	0.000000	0.000000	0.000000
AT4G01995	28	1.734059	13.138063	16.978275
AT5G43745	40	1.005744	7.742957	10.006197
AT3G01850	35	1.256422	11.875681	15.346901
AT1G52680	0	0.0	0.0	0.0
AT1G25210	61	0.806800	5.939764	7.675936
AT1G02860	13	0.590759	4.124346	5.329878
AT2G19430	21	1.050360	7.333020	9.476438
AT5G07835	0	0.000000	0.000000	0.000000
AT4G17370	33	1.426822	10.848725	14.019771
AT5G58110	47	3.786437	26.434767	34.161560
AT5G01995	0	0.0	0.0	0.0
AT1G56130	10	0.205214	1.498656	1.936708
AT4G16165	0	0.0	0.0	0.0
AT3G06835	0	0.000000	0.000000	0.000000
AT2G22145	0	0.0	0.0	0.0
AT4G04615	1	0.263366	1.838673	2.376111
AT2G15470	0	0.0	0.0	0.0
AT2G07575	0	0.0	0.0	0.0
AT1G25682	34	1.470748	13.616809	17.596954
AT1G75100	73	1.329952	9.321508	12.046153
AT4G32850	89	1.686500	14.569691	18.828363
AT3G16370	888	36.934963	302.718048	391.201477
AT5G52370	33	3.049881	21.292549	27.516287
AT1G17680	24	0.516860	3.888499	5.025094
AT5G04615	0	0.0	0.0	0.0
AT5G50717	0	0.0	0.0	0.0
AT3G09650	75	2.260839	15.783901	20.397482
AT5G37400	0	0.0	0.0	0.0
AT3G05727	239	36.967117	258.083557	333.520477
AT5G61820	51	1.714042	13.058894	16.875965
AT5G50600	0	0.0	0.0	0.0
AT3G52270	0	0.0	0.0	0.0
AT5G16270	67	1.408959	9.836556	12.711748
AT1G57540	24	1.411721	13.154128	16.999035
AT2G42170	0	0.000000	0.000000	0.000000
AT3G08035	0	0.0	0.0	0.0
AT4G37400	0	0.000000	0.000000	0.000000
AT4G16270	0	0.000000	0.000000	0.000000
AT2G44710	31	0.694867	5.281302	6.825009
ATMG00770	0	0.0	0.0	0.0
AT1G64840	19	0.821289	5.733777	7.409739
AT5G06185	0	0.0	0.0	0.0
AT4G13520	125	10.916667	106.280083	137.345398
AT2G44650	313	21.371351	149.202713	192.814163
AT5G44970	0	0.0	0.0	0.0
AT4G08495	0	0.0	0.0	0.0
AT4G31590	78	1.980405	13.826070	17.867384
AT5G60215	0	0.000000	0.000000	0.000000
AT5G25850	0	0.0	0.0	0.0
AT2G07681	0	0.0	0.0	0.0
AT1G07660	88	9.728532	67.919121	87.771645
AT5G62040	0	0.000000	0.000000	0.000000
ATCG00550	14	9.024390	63.003201	81.418816
AT3G47640	10	0.437686	4.022271	5.197966
AT1G79560	74	1.525665	11.301590	14.605006
AT1G79410	14	0.573278	4.002304	5.172163
AT4G06185	0	0.0	0.0	0.0
AT5G13520	0	0.000000	0.000000	0.000000
AT2G40190	11	0.426533	3.065297	3.961273
AT3G50290	0	0.0	0.0	0.0
AT2G29550	232	10.202245	71.226318	92.045525
AT4G21110	68	5.487830	54.121128	69.940552
AT5G08495	0	0.0	0.0	0.0
AT5G02635	1	0.237179	1.655850	2.139849
AT4G25850	0	0.000000	0.000000	0.000000
AT3G09710	0	0.000000	0.000000	0.000000
AT5G65410	46	2.321958	16.210602	20.948904
AT4G02489	0	0.0	0.0	0.0
AT5G65560	11	0.237219	1.689961	2.183931
AT1G64580	8	0.291434	2.034628	2.629343
AT2G21930	0	0.0	0.0	0.0
ATMG00130	0	0.0	0.0	0.0
AT5G04755	0	0.0	0.0	0.0
AT5G50390	8	0.231500	1.616202	2.088613
AT4G10800	14	0.535524	3.896940	5.036002
AT1G21925	0	0.0	0.0	0.0
AT2G42730	5	0.104084	1.448383	1.871740
AT1G34050	0	0.0	0.0	0.0
AT1G01310	0	0.000000	0.000000	0.000000
AT5G48485	3	0.244941	1.710040	2.209879
AT4G04755	0	0.0	0.0	0.0
AT2G18550	0	0.0	0.0	0.0
AT5G10800	0	0.000000	0.000000	0.000000
AT3G21055	1768	177.781158	1665.890259	2152.824219
AT1G22065	1	0.094805	0.661875	0.855339
AT1G05073	0	0.0	0.0	0.0
AT3G05335	1	0.720430	5.029636	6.499781
AT3G21500	0	0.0	0.0	0.0
AT2G15695	31	1.354694	9.457709	12.222165
AT4G27030	42	2.633978	18.388947	23.763975
AT5G15780	168	8.196821	57.225578	73.952423
AT1G14760	0	0.000000	0.000000	0.000000
AT1G06420	7	0.447826	3.126468	4.040325
AT1G62800	0	0.000000	0.000000	0.000000
AT2G41380	0	0.0	0.0	0.0
AT2G46920	16	0.330980	2.310716	2.986130
AT3G59923	0	0.0	0.0	0.0
AT3G15870	0	0.000000	0.000000	0.000000
AT3G03847	0	0.0	0.0	0.0
AT4G35905	19	1.354089	9.453485	12.216706
AT5G27030	34	0.692465	4.933013	6.374916
AT2G06435	0	0.0	0.0	0.0
AT4G15780	34	2.545540	17.771524	22.966080
AT5G65980	0	0.0	0.0	0.0
AT2G17975	11	0.444680	3.303280	4.268818
AT1G10040	0	0.000000	0.000000	0.000000
AT1G64960	15	0.292781	2.121596	2.741731
AT1G79980	0	0.0	0.0	0.0
AT4G05235	0	0.0	0.0	0.0
AT5G51180	49	1.279605	8.933480	11.544705
AT1G53350	19	0.338358	3.396433	4.389199
AT2G01390	0	0.000000	0.000000	0.000000
AT3G03085	0	0.0	0.0	0.0
AT3G02070	20	0.833515	7.050698	9.111593
AT1G67450	0	0.0	0.0	0.0
AT1G48120	13	0.213586	1.569978	2.028877
AT1G33870	0	0.0	0.0	0.0
AT5G05235	0	0.0	0.0	0.0
AT4G00430	372	14.886443	111.038780	143.495041
AT3G11630	1182	80.361099	561.035828	725.024658
AT1G66290	0	0.0	0.0	0.0
AT1G80530	55	1.858774	13.361078	17.266476
AT4G08670	0	0.0	0.0	0.0
AT1G67120	72	0.343971	2.417183	3.123717
AT3G55670	0	0.0	0.0	0.0
AT1G49205	0	0.000000	0.000000	0.000000
AT1G61095	0	0.0	0.0	0.0
AT3G58760	38	1.229448	10.604445	13.704088
AT1G48450	119	5.621642	40.441502	52.262417
AT4G05760	0	0.000000	0.000000	0.000000
AT2G08950	0	0.0	0.0	0.0
AT5G08670	716	27.553085	192.360092	248.586304
AT4G26350	0	0.0	0.0	0.0
AT5G05760	10	0.536842	3.747928	4.843434
AT5G66631	6	0.210878	1.472231	1.902559
AT2G28740	104	11.583217	80.867485	104.504776
AT1G04780	136	3.425815	23.917107	30.907995
AT1G69572	3	0.157579	1.100128	1.421691
AT3G13065	5	0.133651	0.965965	1.248314
AT5G64000	0	0.000000	0.000000	0.000000
AT2G39435	2	0.073529	0.559234	0.722696
AT3G57990	53	2.186178	15.262662	19.723885
AT3G51830	33	1.062804	8.070651	10.429675
AT2G19740	218	21.556242	150.493515	194.482254
AT2G01600	80	2.651085	19.000034	24.553679
AT3G26250	0	0.0	0.0	0.0
AT5G03920	0	0.0	0.0	0.0
AT1G09253	0	0.000000	0.000000	0.000000
AT1G06150	0	0.000000	0.000000	0.000000
AT3G27490	0	0.0	0.0	0.0
AT1G44790	36	3.007555	21.064068	27.221022
AT4G36160	3	0.112020	0.885826	1.144749
AT5G54260	15	0.435268	3.063873	3.959432
AT1G55280	0	0.000000	0.000000	0.000000
AT1G22610	0	0.000000	0.000000	0.000000
AT2G01120	16	0.703977	5.173447	6.685627
AT4G28180	15	1.231140	8.595124	11.107450
AT1G72220	0	0.0	0.0	0.0
AT2G07095	0	0.0	0.0	0.0
AT1G48390	4	0.183469	1.354678	1.750646
AT4G27250	0	0.000000	0.000000	0.000000
AT5G36160	76	3.269798	27.597252	35.663834
AT3G60130	51	1.925979	13.446098	17.376347
AT4G26490	4	0.282461	1.971983	2.548387
AT5G56990	0	0.000000	0.000000	0.000000
AT5G28180	0	0.0	0.0	0.0
AT2G30270	33	2.746611	19.175289	24.780159
AT3G13750	333	7.622674	53.217209	68.772415
AT3G12990	12	0.608974	5.247121	6.780837
AT5G05055	0	0.0	0.0	0.0
AT4G19180	58	1.444865	10.556169	13.641700
AT3G61723	0	0.0	0.0	0.0
AT3G59630	28	0.992280	7.075343	9.143441
AT5G05500	0	0.000000	0.000000	0.000000
AT3G04525	0	0.0	0.0	0.0
AT2G25290	9	0.220034	1.538241	1.987863
AT1G08380	4208	410.945068	2868.986572	3707.581543
AT2G24340	0	0.0	0.0	0.0
AT1G35750	0	0.0	0.0	0.0
AT3G15352	934	42.450691	520.937561	673.205811
AT3G58500	149	7.903940	55.180851	71.310020
AT5G19180	72	2.683333	21.682022	28.019602
AT4G05055	0	0.0	0.0	0.0
AT5G60540	95	6.465076	45.135513	58.328468
AT3G53810	6	0.180355	1.259137	1.627178
AT3G62790	108	13.328704	93.053490	120.252708
AT1G67600	0	0.000000	0.000000	0.000000
AT3G54360	127	4.884277	41.146240	53.173149
AT2G20495	0	0.000000	0.000000	0.000000
AT3G27350	25	0.677076	7.434099	9.607059
AT1G06627	0	0.0	0.0	0.0
AT2G22475	19	0.780186	6.788378	8.772597
AT1G35610	0	0.0	0.0	0.0
AT3G60770	704	61.484154	429.247681	554.715271
AT4G09275	0	0.0	0.0	0.0
AT4G31070	0	0.000000	0.000000	0.000000
AT1G48600	160	5.375052	45.679150	59.031010
AT2G36800	7	0.273238	1.907594	2.465177
AT1G36756	0	0.0	0.0	0.0
AT5G52655	0	0.0	0.0	0.0
AT5G60880	11	0.596738	4.640840	5.997341
AT3G44800	0	0.0	0.0	0.0
AT5G09275	0	0.000000	0.000000	0.000000
AT3G28830	0	0.000000	0.000000	0.000000
AT1G49530	6	0.359577	2.510364	3.244134
AT2G24625	0	0.0	0.0	0.0
AT1G09033	0	0.0	0.0	0.0
AT5G09160	0	0.000000	0.000000	0.000000
AT2G32290	0	0.000000	0.000000	0.000000
AT3G10970	118	4.946117	34.604122	44.718788
AT3G13610	0	0.000000	0.000000	0.000000
AT1G53490	0	0.000000	0.000000	0.000000
AT2G42440	0	0.0	0.0	0.0
AT3G26030	178	5.632475	39.322762	50.816669
AT3G42960	0	0.0	0.0	0.0
AT4G09160	25	0.800973	5.591941	7.226447
AT2G01450	125	3.959793	33.211067	42.918549
AT1G02940	0	0.000000	0.000000	0.000000
AT1G67390	0	0.0	0.0	0.0
AT1G14500	0	0.000000	0.000000	0.000000
AT3G26782	85	1.772979	12.816750	16.563042
AT3G19830	35	0.666269	5.892764	7.615200
AT2G38000	26	1.297797	9.060486	11.708836
AT1G22750	135	4.797939	54.465572	70.385674
AT3G21760	0	0.000000	0.000000	0.000000
AT1G18360	91	3.061895	21.845528	28.230900
AT2G45010	48	2.165041	15.132185	19.555271
AT1G35490	0	0.0	0.0	0.0
AT2G19340	11	0.472817	5.229843	6.758507
AT3G62450	33	3.260760	22.764788	29.418856
AT5G58260	99	6.198587	45.601658	58.930862
AT1G61460	0	0.000000	0.000000	0.000000
AT1G07070	97	11.327485	79.082108	102.197540
AT5G59010	31	1.065461	7.738384	10.000287
AT4G24180	0	0.0	0.0	0.0
AT2G07667	0	0.000000	0.000000	0.000000
AT1G45240	0	0.000000	0.000000	0.000000
AT3G05260	0	0.000000	0.000000	0.000000
AT3G22810	0	0.0	0.0	0.0
AT5G24180	0	0.0	0.0	0.0
AT1G53610	0	0.0	0.0	0.0
AT1G50970	8	0.234119	1.851184	2.392278
AT1G25275	161	15.698780	114.779083	148.328613
AT1G74045	0	0.0	0.0	0.0
AT3G08525	0	0.000000	0.000000	0.000000
AT4G26750	16	0.757631	5.289352	6.835412
AT3G05175	0	0.0	0.0	0.0
AT5G05360	44	2.155539	24.375082	31.499836
AT3G13490	93	3.395690	23.739445	30.678402
AT1G04380	0	0.000000	0.000000	0.000000
AT2G28340	0	0.0	0.0	0.0
AT3G54500	452	12.349966	102.887909	132.961700
AT1G59830	58	2.974855	22.033070	28.473259
AT1G20470	2	0.137064	0.956904	1.236603
AT5G06940	0	0.000000	0.000000	0.000000
AT4G39366	1	0.608333	4.247038	5.488432
AT3G58360	0	0.0	0.0	0.0
AT4G05360	0	0.0	0.0	0.0
AT2G35980	1	0.069656	0.486299	0.628442
AT5G39940	153	4.601282	36.643524	47.354301
AT5G26610	32	1.565682	12.093711	15.628661
AT2G01790	0	0.0	0.0	0.0
AT1G63205	0	0.0	0.0	0.0
AT1G03440	27	0.986959	6.890391	8.904428
AT3G15280	0	0.0	0.0	0.0
AT5G01685	0	0.0	0.0	0.0
AT5G25756	0	0.000000	0.000000	0.000000
AT5G13030	129	4.468593	32.452980	41.938877
AT1G22490	0	0.000000	0.000000	0.000000
AT1G28630	0	0.0	0.0	0.0
AT1G32160	93	4.638298	32.381981	41.847122
AT4G39940	160	9.130451	63.743656	82.375710
AT4G26610	0	0.000000	0.000000	0.000000
AT3G48800	34	1.847586	12.898804	16.669079
AT1G29500	42	3.404959	23.771502	30.719831
AT4G13030	4	0.146734	1.075197	1.389473
AT3G24830	866	67.985268	474.634796	613.368835
AT1G53750	258	10.364093	72.356247	93.505730
AT1G52990	0	0.000000	0.000000	0.000000
AT2G43940	24	1.391209	11.066567	14.301287
AT2G28625	0	0.0	0.0	0.0
AT2G41780	2	0.166105	1.159651	1.498613
AT1G19630	8	0.166185	1.195096	1.544419
AT1G70230	33	1.439911	10.052647	12.991000
AT1G33280	0	0.0	0.0	0.0
AT3G46000	198	9.227567	92.448875	119.471367
AT4G15380	0	0.0	0.0	0.0
AT3G62120	237	9.395719	67.021919	86.612190
AT1G13810	14	0.846687	5.911091	7.638883
AT2G22980	83	2.515673	24.096125	31.139339
AT3G05735	0	0.0	0.0	0.0
AT1G18500	123	3.929888	27.436260	35.455784
AT3G25493	0	0.000000	0.000000	0.000000
AT2G34000	0	0.0	0.0	0.0
AT5G15380	0	0.000000	0.000000	0.000000
AT2G34555	0	0.0	0.0	0.0
AT1G14360	52	2.937990	20.511387	26.506798
AT1G15670	12	0.512493	3.577937	4.623755
AT4G11010	416	26.985401	188.396835	243.464600
AT5G60270	5	0.157691	1.100910	1.422702
AT3G62600	155	7.718653	53.887283	69.638344
AT1G67790	0	0.000000	0.000000	0.000000
AT3G21360	0	0.000000	0.000000	0.000000
AT1G18760	0	0.0	0.0	0.0
AT5G09885	0	0.0	0.0	0.0
AT2G17480	21	0.647796	4.522546	5.844471
AT2G05585	0	0.0	0.0	0.0
AT1G30972	0	0.0	0.0	0.0
AT5G11010	47	1.924368	15.667248	20.246733
AT1G33612	1	0.017424	0.121645	0.157201
AT3G09775	0	0.000000	0.000000	0.000000
AT5G47000	0	0.0	0.0	0.0
AT4G09885	0	0.0	0.0	0.0
AT2G25482	0	0.0	0.0	0.0
AT4G21260	0	0.0	0.0	0.0
AT5G41140	57	1.205469	8.669044	11.202976
AT1G29760	0	0.000000	0.000000	0.000000
AT1G68960	0	0.0	0.0	0.0
AT2G30540	13	1.089457	7.605974	9.829174
AT2G28105	21	0.656471	4.831782	6.244095
AT1G17990	36	1.515818	12.571032	16.245501
AT4G02150	49	1.525757	12.819675	16.566822
AT3G49950	2	0.099387	0.693864	0.896678
AT3G27610	19	0.781400	5.944588	7.682170
AT1G44120	0	0.000000	0.000000	0.000000
AT3G60370	73	4.903280	34.493027	44.575218
AT5G02150	18	0.995201	7.921675	10.237153
AT3G07940	102	4.293588	31.044783	40.119068
AT1G35350	47	1.216481	8.729727	11.281396
AT4G04670	8	0.185594	1.317139	1.702134
AT4G13250	271	10.479439	76.030602	98.254089
AT3G62390	0	0.000000	0.000000	0.000000
AT5G02420	1	0.089024	0.621515	0.803182
AT2G30880	45	1.539696	12.125664	15.669955
AT1G61667	23	1.730369	15.364367	19.855318
AT3G54760	100	2.497336	18.508093	23.917946
AT3G09135	0	0.0	0.0	0.0
ATCG00220	1491	1135.352417	7926.390137	10243.247070
AT4G19865	6	0.283237	1.977401	2.555388
AT3G27750	59	4.384141	30.607597	39.554096
AT1G55870	21	0.609141	4.252679	5.495722
AT5G13250	2	0.077170	0.591370	0.764225
AT5G04670	41	0.621326	4.447985	5.748115
AT5G66800	8	0.494915	3.455217	4.465166
AT2G29220	0	0.0	0.0	0.0
AT1G53282	0	0.0	0.0	0.0
AT4G02420	26	0.831570	5.805553	7.502496
AT1G63530	0	0.000000	0.000000	0.000000
AT1G47960	17	0.704409	10.324546	13.342374
AT1G08780	55	3.035221	22.511673	29.091761
AT2G24740	0	0.0	0.0	0.0
AT3G50040	8	0.281595	2.140829	2.766587
AT5G53905	0	0.000000	0.000000	0.000000
AT5G09545	0	0.0	0.0	0.0
AT3G13350	62	2.595880	19.945801	25.775890
AT1G32992	0	0.0	0.0	0.0
AT1G70050	0	0.0	0.0	0.0
AT2G20060	103	5.809625	40.559525	52.414932
AT4G16215	0	0.0	0.0	0.0
AT5G23405	24	1.474051	12.628963	16.320366
AT1G70505	22	0.869318	6.827286	8.822878
AT1G51630	85	3.688731	25.752638	33.280045
AT5G62290	34	2.163446	15.103959	19.518795
AT2G18220	72	2.095764	15.069946	19.474838
AT4G09545	0	0.0	0.0	0.0
AT2G13126	0	0.0	0.0	0.0
AT1G48790	64	2.345083	16.372046	21.157539
AT1G03170	0	0.0	0.0	0.0
AT4G31660	0	0.0	0.0	0.0
AT4G17770	29	0.600424	4.648819	6.007653
AT1G07590	799	26.501356	185.271042	239.425125
AT3G25882	19	2.134700	14.903271	19.259445
AT3G17880	52	1.240668	8.844160	11.429277
AT1G66040	0	0.0	0.0	0.0
AT4G08615	0	0.000000	0.000000	0.000000
AT3G23270	0	0.0	0.0	0.0
AT1G10290	125	2.882659	20.125099	26.007595
AT5G17770	207	10.839580	75.675827	97.795616
AT2G05642	0	0.0	0.0	0.0
AT5G65690	0	0.0	0.0	0.0
AT2G40720	3	0.087753	0.612642	0.791715
AT1G79690	53	1.487018	10.381520	13.416003
AT5G08615	0	0.000000	0.000000	0.000000
AT4G23370	0	0.0	0.0	0.0
AT1G47580	24	2.139640	14.937759	19.304014
AT5G37310	90	3.067068	22.122089	28.588301
AT5G23370	1	0.067844	0.473649	0.612094
AT3G04035	0	0.000000	0.000000	0.000000
AT3G23165	0	0.0	0.0	0.0
AT1G09850	74	3.357877	23.442802	30.295053
AT1G04373	0	0.0	0.0	0.0
AT4G37310	22	0.841028	5.871583	7.587827
AT2G35700	7	0.528321	3.688439	4.766557
AT1G68840	63	2.413508	19.360283	25.019226
AT1G57906	0	0.000000	0.000000	0.000000
AT1G49020	0	0.0	0.0	0.0
AT5G48970	31	1.575080	11.620013	15.016503
AT1G47840	0	0.000000	0.000000	0.000000
AT5G17130	0	0.0	0.0	0.0
AT4G00340	40	1.042022	7.274810	9.401212
AT5G04495	0	0.0	0.0	0.0
AT5G65300	8	0.605967	4.230519	5.467086
AT3G07860	19	0.950617	6.636672	8.576548
AT3G57680	0	0.000000	0.000000	0.000000
AT1G79300	0	0.0	0.0	0.0
AT1G03730	22	1.324941	9.249990	11.953731
AT1G68580	39	0.927322	6.772216	8.751712
AT2G41900	96	2.523668	17.618826	22.768749
AT5G08755	0	0.0	0.0	0.0
AT2G05965	0	0.0	0.0	0.0
AT3G05445	0	0.0	0.0	0.0
AT3G17540	0	0.0	0.0	0.0
AT5G43620	7	0.341897	2.386932	3.084624
AT1G12270	88	3.610597	25.207150	32.575115
AT2G06345	1	0.304167	2.123523	2.744221
AT1G20140	13	0.736012	5.138420	6.640363
AT2G39620	3	0.081356	0.567982	0.734001
AT4G08755	9	6.420000	44.820820	57.921787
AT3G26520	1517	94.064339	656.704102	848.656494
AT3G02015	0	0.000000	0.000000	0.000000
AT1G09807	0	0.0	0.0	0.0
AT1G09523	0	0.000000	0.000000	0.000000
AT2G14289	0	0.0	0.0	0.0
AT1G01400	0	0.0	0.0	0.0
AT2G39100	8	0.368620	2.900668	3.748523
AT2G42330	13	0.284845	2.599635	3.359500
AT5G27520	11	0.485367	3.445639	4.452787
AT1G01710	37	1.423945	10.165641	13.137023
AT4G09210	0	0.0	0.0	0.0
AT4G04355	0	0.0	0.0	0.0
AT2G22560	9	0.177658	1.240308	1.602846
AT2G22410	0	0.0	0.0	0.0
AT3G55060	11	0.245716	1.739404	2.247826
AT1G72550	134	4.716740	33.075325	42.743130
AT4G16540	20	0.598106	4.241509	5.481287
AT4G27520	423	18.326653	127.946350	165.344620
AT5G09210	0	0.0	0.0	0.0
AT5G04355	0	0.0	0.0	0.0
AT5G08060	138	8.865805	61.896042	79.988052
AT1G57270	0	0.0	0.0	0.0
AT1G08133	0	0.0	0.0	0.0
AT5G50790	0	0.000000	0.000000	0.000000
AT5G16540	45	1.915749	13.911545	17.977840
AT3G52540	11	0.598665	4.179542	5.401207
AT5G43100	55	1.427486	11.231119	14.513937
AT3G24614	1	0.036438	0.254390	0.328747
AT3G09310	12	1.196733	8.354915	10.797028
AT3G04255	2	0.488344	3.409342	4.405881
AT5G06860	24	1.594840	11.134274	14.388783
AT5G56680	145	5.656174	39.488216	51.030487
AT1G31835	25	1.890372	13.833093	17.876459
AT2G10545	0	0.0	0.0	0.0
AT3G12680	32	0.810670	5.659641	7.313934
AT3G10915	31	1.541771	11.673491	15.085612
AT3G16130	0	0.000000	0.000000	0.000000
ATCG01280	155	1.795352	12.534134	16.197819
AT2G07245	0	0.000000	0.000000	0.000000
AT5G52130	0	0.0	0.0	0.0
AT2G31820	401	9.544507	66.634361	86.111359
AT4G06860	0	0.000000	0.000000	0.000000
AT4G18593	23	1.346323	10.617116	13.720463
AT2G24430	0	0.0	0.0	0.0
AT2G43860	0	0.0	0.0	0.0
AT5G01542	6	0.184517	1.288193	1.664728
AT2G35410	170	11.537962	80.551537	104.096481
AT1G08773	0	0.0	0.0	0.0
AT1G05663	0	0.0	0.0	0.0
AT5G18080	31	3.862620	26.966635	34.848888
AT2G44310	82	8.101863	56.562634	73.095703
AT4G39860	22	0.860418	7.666866	9.907865
AT1G23680	0	0.0	0.0	0.0
ATMG00370	4	0.507674	3.544293	4.580278
AT1G71890	0	0.000000	0.000000	0.000000
AT2G32040	58	1.994384	14.691566	18.985861
AT1G77930	257	10.250374	108.621109	140.370682
AT3G05327	0	0.000000	0.000000	0.000000
AT5G39860	12	1.108645	7.739934	10.002290
AT4G18080	0	0.0	0.0	0.0
AT4G21445	38	3.635593	25.381659	32.800632
AT1G08900	101	3.947059	30.395952	39.280582
AT5G36210	78	2.020143	14.103498	18.225903
AT5G41470	0	0.000000	0.000000	0.000000
AT3G16770	47	2.856443	19.942072	25.771072
AT5G52770	0	0.0	0.0	0.0
AT4G16880	67	4.487008	31.325760	40.482170
AT4G36210	51	1.320749	10.732254	13.869255
AT5G54110	31	1.254780	8.837814	11.421076
AT4G29080	64	3.531707	24.656387	31.863363
AT5G40153	0	0.000000	0.000000	0.000000
AT5G16880	121	4.390831	40.341354	52.132992
AT1G01650	33	0.918967	7.145932	9.234663
AT3G02660	144	5.716633	42.134544	54.450325
AT3G52880	398	16.365088	120.193398	155.325500
AT5G57200	0	0.000000	0.000000	0.000000
AT4G30030	0	0.0	0.0	0.0
AT3G61730	0	0.0	0.0	0.0
AT1G43170	1831	76.163284	588.328552	760.294983
AT2G46620	13	0.494954	3.455489	4.465518
AT2G23987	0	0.000000	0.000000	0.000000
AT5G35605	0	0.0	0.0	0.0
AT5G03345	68	3.941746	54.998089	71.073845
AT3G19550	0	0.0	0.0	0.0
AT1G07580	0	0.0	0.0	0.0
AT5G14515	0	0.000000	0.000000	0.000000
AT3G03245	0	0.000000	0.000000	0.000000
AT3G63400	30	0.986082	7.732114	9.992186
AT3G11930	202	13.048544	97.486229	125.981117
AT1G30810	23	0.411963	3.111165	4.020548
AT1G23145	0	0.0	0.0	0.0
AT3G17890	0	0.000000	0.000000	0.000000
AT1G69330	20	1.008436	7.040331	9.098195
AT1G49850	22	1.043272	8.375817	10.824039
AT4G06725	0	0.0	0.0	0.0
AT3G28550	0	0.0	0.0	0.0
AT4G14465	10	0.405510	2.831042	3.658546
AT1G36020	0	0.0	0.0	0.0
AT1G64660	11	0.511072	3.568016	4.610935
AT1G10280	11	0.438426	3.060843	3.955517
AT1G05017	0	0.000000	0.000000	0.000000
AT1G79680	0	0.0	0.0	0.0
AT2G08710	0	0.000000	0.000000	0.000000
AT3G57300	92	1.296991	9.947492	12.855109
AT1G07840	36	1.798367	14.452536	18.676962
AT3G25470	116	7.006550	48.915779	63.213692
AT2G08650	0	0.000000	0.000000	0.000000
AT1G09020	62	1.834631	12.832151	16.582945
AT5G08970	0	0.0	0.0	0.0
AT5G40340	88	1.695516	12.819954	16.567183
AT3G12145	33	1.776653	12.403589	16.029116
AT3G55970	0	0.000000	0.000000	0.000000
AT5G44495	0	0.0	0.0	0.0
AT2G09035	0	0.000000	0.000000	0.000000
AT2G31230	36	2.497373	17.435251	22.531513
AT1G43730	0	0.0	0.0	0.0
AT3G61170	0	0.000000	0.000000	0.000000
AT2G26370	0	0.0	0.0	0.0
AT3G47860	75	4.356880	31.268593	40.408298
AT1G74875	1	0.050068	0.349547	0.451718
AT4G04485	0	0.0	0.0	0.0
AT2G01900	0	0.000000	0.000000	0.000000
AT3G29637	0	0.0	0.0	0.0
AT3G20160	0	0.0	0.0	0.0
AT5G03620	0	0.000000	0.000000	0.000000
AT1G17560	16	1.111429	8.267319	10.683827
AT1G17410	0	0.000000	0.000000	0.000000
AT1G45332	44	1.136349	8.108889	10.479089
AT1G68590	700	60.009674	418.953674	541.412415
AT1G52700	14	0.559348	4.397942	5.683444
AT4G03620	0	0.000000	0.000000	0.000000
AT3G57690	0	0.0	0.0	0.0
AT1G52410	69	1.987695	13.876965	17.933155
AT3G51550	305	7.643686	53.363903	68.961990
AT1G52560	0	0.0	0.0	0.0
AT5G56690	0	0.0	0.0	0.0
AT4G03100	44	1.869914	13.054686	16.870523
AT3G12690	0	0.0	0.0	0.0
AT3G18430	30	2.203565	16.253117	21.003849
AT1G17700	8	0.664773	4.641070	5.997639
AT2G33210	77	2.659528	18.567324	23.994490
AT5G49210	37	1.808143	13.967640	18.050335
AT1G22910	87	2.847619	21.168516	27.356001
AT4G07932	0	0.0	0.0	0.0
AT2G12875	0	0.0	0.0	0.0
AT1G55040	5	0.124784	0.871171	1.125812
AT2G27270	0	0.000000	0.000000	0.000000
AT4G30250	14	0.470534	3.514238	4.541438
AT5G03100	11	0.431517	3.435990	4.440319
AT5G48060	3	0.066384	0.463456	0.598922
ATCG01290	0	0.0	0.0	0.0
AT5G57535	0	0.0	0.0	0.0
AT1G67900	98	1.409680	10.547071	13.629944
AT1G26795	0	0.0	0.0	0.0
AT3G29430	0	0.0	0.0	0.0
AT3G50870	2	0.113003	0.788923	1.019523
AT1G06433	0	0.0	0.0	0.0
AT5G46860	71	3.897436	27.209698	35.163002
AT1G23300	0	0.000000	0.000000	0.000000
AT1G80850	23	0.519499	7.983258	10.316737
AT3G49310	42	1.806575	12.738125	16.461435
AT3G59930	0	0.0	0.0	0.0
AT3G30350	0	0.0	0.0	0.0
AT2G05075	0	0.0	0.0	0.0
AT2G36255	0	0.0	0.0	0.0
AT5G50780	10	0.224196	1.674993	2.164588
AT2G47245	0	0.0	0.0	0.0
AT1G46408	0	0.0	0.0	0.0
AT2G08400	0	0.0	0.0	0.0
AT4G03157	0	0.0	0.0	0.0
AT3G12300	22	1.706790	11.915845	15.398806
AT5G56300	0	0.0	0.0	0.0
AT4G16890	237	3.702795	27.006908	34.900936
AT1G65370	84	4.232484	33.327328	43.068794
AT2G09255	0	0.0	0.0	0.0
AT2G31050	0	0.0	0.0	0.0
AT4G29090	0	0.0	0.0	0.0
AT3G07725	4	1.587097	11.080216	14.318925
AT1G06927	0	0.0	0.0	0.0
AT1G48900	89	3.670455	25.625046	33.115158
AT5G16890	12	0.399914	2.791974	3.608058
AT3G52890	44	0.824888	6.219147	8.036982
AT2G07701	1	0.093718	0.654286	0.845532
AT2G06908	0	0.0	0.0	0.0
AT1G35910	0	0.000000	0.000000	0.000000
AT2G23834	0	0.0	0.0	0.0
AT5G01470	0	0.000000	0.000000	0.000000
AT1G02640	0	0.000000	0.000000	0.000000
AT5G67060	3	0.173776	1.306052	1.687807
AT1G23690	0	0.0	0.0	0.0
AT5G18090	0	0.0	0.0	0.0
AT3G13910	13	1.503715	11.340630	14.655457
AT2G13540	67	1.783092	12.448542	16.087208
AT2G46100	62	3.957322	35.569668	45.966560
AT3G56200	46	1.776431	13.060780	16.878401
AT4G01470	0	0.0	0.0	0.0
AT1G71880	207	7.485520	52.259674	67.535004
AT5G12200	28	1.031426	8.050433	10.403547
AT3G10670	117	6.316892	44.100975	56.991539
AT3G42660	50	1.325805	9.737909	12.584267
AT1G62035	0	0.0	0.0	0.0
AT1G77138	2	0.208807	1.457773	1.883875
AT4G18090	0	0.0	0.0	0.0
AT2G08375	0	0.000000	0.000000	0.000000
AT3G25140	120	4.170527	29.116266	37.626850
AT1G04657	0	0.000000	0.000000	0.000000
AT3G13480	52	2.324111	21.297121	27.522196
AT1G04390	19	0.422677	2.950892	3.813428
AT1G05240	0	0.000000	0.000000	0.000000
AT2G18830	0	0.0	0.0	0.0
AT3G45260	61	2.310411	16.998581	21.967209
AT2G35990	0	0.0	0.0	0.0
AT5G15600	0	0.000000	0.000000	0.000000
AT3G61440	658	28.119785	222.222656	287.177582
AT3G01205	32	2.122118	14.815431	19.145929
AT1G60200	322	5.673789	46.698208	60.347935
AT5G25530	0	0.000000	0.000000	0.000000
AT5G01305	0	0.0	0.0	0.0
AT1G58340	0	0.000000	0.000000	0.000000
ATCG00830	1590	154.174088	1076.356567	1390.971680
AT2G16030	0	0.0	0.0	0.0
AT4G37950	0	0.0	0.0	0.0
AT4G00232	0	0.0	0.0	0.0
AT5G45360	43	2.335408	16.304501	21.070251
AT5G20650	112	12.054933	84.160736	108.760635
AT4G24190	564	14.854599	103.843384	134.196442
AT2G20970	0	0.0	0.0	0.0
AT1G27045	0	0.000000	0.000000	0.000000
ATMG01170	20	1.109206	7.743851	10.007351
AT2G23610	68	3.380150	23.598301	30.496002
AT5G46940	0	0.0	0.0	0.0
AT4G25530	0	0.000000	0.000000	0.000000
AT5G37950	0	0.0	0.0	0.0
AT1G16025	0	0.000000	0.000000	0.000000
AT2G37670	0	0.0	0.0	0.0
AT4G34460	55	2.090952	16.410856	21.207693
AT4G34510	0	0.0	0.0	0.0
AT1G07573	0	0.0	0.0	0.0
AT4G20650	0	0.0	0.0	0.0
AT5G24190	0	0.0	0.0	0.0
AT2G29830	0	0.0	0.0	0.0
AT1G11220	6	0.317495	2.216571	2.864467
AT5G41685	7	0.915383	6.390687	8.258664
AT4G19720	0	0.0	0.0	0.0
AT2G41790	76	1.802221	12.582089	16.259792
AT1G33290	144	7.534731	54.756176	70.761215
AT1G04600	0	0.0	0.0	0.0
AT5G55800	0	0.0	0.0	0.0
AT4G14240	72	2.765130	19.510740	25.213661
AT4G15390	0	0.0	0.0	0.0
AT5G06811	1	0.011925	0.083254	0.107588
AT1G66870	0	0.000000	0.000000	0.000000
AT5G19720	0	0.0	0.0	0.0
AT1G73760	47	1.487088	11.484803	14.841773
AT5G20710	0	0.000000	0.000000	0.000000
AT2G22990	674	25.676373	191.254425	247.157455
AT5G14240	20	1.270315	8.868623	11.460891
AT3G03460	6	0.331794	2.316398	2.993474
AT5G15390	30	1.493622	11.032742	14.257575
AT3G03510	0	0.0	0.0	0.0
AT3G08800	0	0.000000	0.000000	0.000000
AT5G01695	0	0.000000	0.000000	0.000000
AT2G01780	0	0.0	0.0	0.0
AT3G14340	0	0.000000	0.000000	0.000000
AT3G15290	26	1.602654	11.484686	14.841619
AT3G06000	0	0.0	0.0	0.0
AT1G22480	0	0.0	0.0	0.0
AT3G06555	0	0.0	0.0	0.0
AT4G28720	0	0.0	0.0	0.0
AT1G75920	0	0.0	0.0	0.0
AT2G17350	16	1.519483	10.608173	13.708905
AT1G68070	38	1.900821	13.948965	18.026199
AT5G28720	0	0.0	0.0	0.0
AT1G52980	81	3.272635	22.847691	29.525993
AT1G04717	0	0.0	0.0	0.0
AT4G32530	145	8.713640	70.014168	90.479073
AT3G01530	0	0.000000	0.000000	0.000000
AT1G70820	196	6.625903	47.925022	61.933342
AT1G04407	0	0.0	0.0	0.0
AT4G15450	29	1.102663	9.136054	11.806491
AT1G17980	23	0.652422	4.721293	6.101312
AT5G04915	0	0.0	0.0	0.0
AT5G24320	17	0.439601	3.124144	4.037320
AT4G07000	0	0.0	0.0	0.0
AT1G08317	0	0.000000	0.000000	0.000000
AT2G32870	102	4.480663	31.281462	40.424923
AT1G21340	0	0.000000	0.000000	0.000000
AT3G18740	746	90.211624	701.708862	906.815918
AT1G76010	338	14.898566	106.538834	137.679764
AT5G15450	160	3.994522	27.887499	36.038918
AT5G07555	0	0.0	0.0	0.0
AT5G07000	32	1.516677	10.588583	13.683590
AT4G24320	5	0.210556	1.469983	1.899654
AT1G67780	0	0.000000	0.000000	0.000000
AT5G01140	0	0.0	0.0	0.0
AT5G20400	0	0.000000	0.000000	0.000000
AT1G73500	33	1.654862	11.553313	14.930306
AT5G09895	0	0.0	0.0	0.0
AT1G78810	0	0.000000	0.000000	0.000000
AT3G24220	0	0.0	0.0	0.0
AT3G09950	0	0.0	0.0	0.0
AT1G06743	0	0.0	0.0	0.0
AT4G01140	0	0.0	0.0	0.0
AT4G09895	0	0.0	0.0	0.0
AT5G42150	60	2.803404	19.571785	25.292551
AT4G20400	32	0.695976	5.002269	6.464415
AT3G29740	0	0.0	0.0	0.0
AT5G50900	9	0.310996	2.171199	2.805832
AT1G04120	39	0.544092	3.832334	4.952511
AT2G16250	18	0.416640	2.923581	3.778134
AT5G02935	0	0.0	0.0	0.0
AT2G47460	0	0.000000	0.000000	0.000000
AT3G47940	16	0.719701	5.024546	6.493204
AT2G47510	139	4.524355	34.587986	44.697937
AT1G04450	0	0.0	0.0	0.0
AT5G51720	172	18.427994	128.653854	166.258942
AT5G42420	68	3.565504	24.892338	32.168282
AT3G30841	10	0.382505	2.839447	3.669409
AT4G29570	0	0.0	0.0	0.0
AT1G54740	22	1.443350	10.076655	13.022027
AT2G44950	36	0.768342	5.753799	7.435615
AT5G44670	11	0.382716	2.671907	3.452896
AT2G07981	0	0.0	0.0	0.0
AT1G07960	42	2.294118	18.039856	23.312843
AT1G48780	5	0.145570	1.980857	2.559854
AT5G62280	68	4.195003	29.287146	37.847675
AT2G07636	0	0.0	0.0	0.0
AT2G25870	111	3.981548	27.796921	35.921867
AT5G63160	17	0.598457	4.937543	6.380771
AT3G62380	0	0.000000	0.000000	0.000000
AT3G63375	1	0.358141	2.500338	3.231179
AT2G30890	24	1.746076	12.190118	15.753247
AT5G15120	0	0.0	0.0	0.0
AT5G18570	73	2.398521	16.745119	21.639662
AT2G04775	0	0.0	0.0	0.0
AT2G21630	0	0.000000	0.000000	0.000000
AT1G50060	0	0.0	0.0	0.0
AT1G08790	0	0.0	0.0	0.0
AT4G15120	0	0.0	0.0	0.0
AT4G18570	44	1.415504	10.434356	13.484282
AT1G53687	0	0.0	0.0	0.0
AT5G65990	44	2.171020	15.156837	19.587128
AT5G59845	0	0.000000	0.000000	0.000000
AT2G17750	0	0.0	0.0	0.0
ATMG01330	0	0.000000	0.000000	0.000000
AT5G08915	0	0.0	0.0	0.0
AT5G51190	1	0.013140	0.091736	0.118550
AT1G79990	70	1.741363	12.157214	15.710726
AT5G28320	0	0.000000	0.000000	0.000000
AT1G07243	0	0.000000	0.000000	0.000000
AT4G31960	0	0.0	0.0	0.0
AT3G03095	0	0.000000	0.000000	0.000000
AT3G14740	0	0.000000	0.000000	0.000000
AT4G08915	0	0.0	0.0	0.0
AT1G66280	0	0.0	0.0	0.0
AT3G20210	0	0.0	0.0	0.0
AT4G28320	20	0.823126	5.841430	7.548860
AT3G19220	32	2.532653	17.681555	22.849812
AT5G19320	7	0.237479	1.757779	2.271572
AT5G20310	0	0.0	0.0	0.0
AT1G73360	10	0.219338	1.531294	1.978886
AT5G00925	0	0.000000	0.000000	0.000000
AT2G23350	294	9.073001	63.342571	81.857391
AT5G15790	11	0.341592	3.399065	4.392601
AT5G40430	0	0.0	0.0	0.0
AT1G74810	0	0.000000	0.000000	0.000000
AT2G08135	0	0.000000	0.000000	0.000000
AT4G20310	9	0.234441	2.362783	3.053416
AT3G28220	81	4.059824	28.343399	36.628078
AT2G41390	0	0.0	0.0	0.0
AT4G00925	0	0.0	0.0	0.0
AT4G15790	60	4.484419	35.010384	45.243801
AT1G05570	88	0.994588	7.459964	9.640487
AT1G08120	0	0.000000	0.000000	0.000000
AT3G10060	169	10.167614	77.395302	100.017685
AT4G19645	0	0.000000	0.000000	0.000000
AT1G31000	0	0.0	0.0	0.0
AT1G69440	7	0.145816	1.042245	1.346889
AT1G31555	0	0.0	0.0	0.0
AT1G08450	182	8.853229	62.841568	81.209946
AT3G57980	4	0.129360	0.940490	1.215392
AT5G01705	0	0.0	0.0	0.0
AT5G48670	5	0.306020	2.136459	2.760939
AT3G27480	0	0.0	0.0	0.0
AT5G45760	24	1.256831	9.052744	11.698830
AT1G44780	24	1.024717	8.061820	10.418262
AT2G39920	93	5.947073	44.213772	57.137310
AT4G03435	0	0.0	0.0	0.0
AT1G72830	0	0.000000	0.000000	0.000000
AT5G14570	24	0.991132	6.919525	8.942078
AT5G03435	0	0.0	0.0	0.0
AT3G21825	0	0.0	0.0	0.0
AT2G08775	0	0.0	0.0	0.0
AT2G41600	50	2.447826	19.226999	24.846987
AT1G04790	142	3.499504	28.660950	37.038448
AT1G37140	0	0.0	0.0	0.0
AT4G14570	36	1.062893	7.420519	9.589512
AT2G05665	0	0.000000	0.000000	0.000000
AT5G43920	54	1.576079	11.003294	14.219520
AT2G41120	25	1.928959	13.466903	17.403233
AT2G04375	5	2.001366	13.972407	18.056494
AT4G19190	18	0.657346	4.589219	5.930632
AT3G51220	0	0.000000	0.000000	0.000000
AT1G08657	0	0.000000	0.000000	0.000000
AT1G08390	0	0.000000	0.000000	0.000000
AT5G30520	0	0.0	0.0	0.0
AT4G11845	0	0.000000	0.000000	0.000000
AT2G25280	32	1.781873	13.341217	17.240808
AT3G62780	5	0.285043	1.990009	2.571682
AT2G14830	0	0.0	0.0	0.0
AT5G19190	196	11.391558	79.529427	102.775612
AT4G30520	18	0.496083	3.672633	4.746131
AT2G07714	0	0.0	0.0	0.0
AT1G54340	32	1.389617	10.070219	13.013709
AT1G55290	0	0.0	0.0	0.0
AT5G45500	117	3.185211	23.843479	30.812849
AT5G38460	16	0.560072	4.060494	5.247362
AT5G38510	101	3.769518	33.093071	42.766068
AT5G01565	0	0.0	0.0	0.0
AT5G01415	0	0.0	0.0	0.0
ATCG01040	735	59.532417	415.621765	537.106567
AT4G28190	12	0.412043	2.996509	3.872378
AT1G48380	30	1.273622	9.355494	12.090073
AT2G07085	0	0.0	0.0	0.0
AT4G33800	0	0.0	0.0	0.0
AT4G38460	48	2.841673	19.838957	25.637817
AT4G38510	143	5.607384	40.050694	51.757378
AT5G56980	19	0.877931	6.129219	7.920769
AT3G12980	51	0.697193	4.869077	6.292291
AT5G28190	0	0.0	0.0	0.0
AT4G26480	77	2.357116	27.101027	35.022564
AT1G77630	20	0.837794	5.849005	7.558649
AT1G06343	0	0.0	0.0	0.0
AT2G32280	28	1.237908	11.856593	15.322235
AT1G08600	39	0.616561	4.346663	5.617177
AT3G29340	0	0.0	0.0	0.0
AT4G18240	145	3.406480	23.782122	30.733553
AT1G53480	0	0.000000	0.000000	0.000000
AT2G09525	0	0.0	0.0	0.0
AT5G05825	0	0.0	0.0	0.0
AT2G07654	0	0.0	0.0	0.0
AT5G18240	5	0.207156	1.458736	1.885120
AT1G23980	10	0.586923	4.097565	5.295269
AT1G05963	0	0.0	0.0	0.0
AT3G04800	0	0.0	0.0	0.0
AT1G09530	17	0.463021	3.410676	4.407605
AT1G21740	0	0.000000	0.000000	0.000000
AT4G29240	9	0.367688	2.566990	3.317312
AT3G18340	0	0.0	0.0	0.0
AT5G49160	63	0.990715	6.916613	8.938315
AT3G15518	3	0.304102	2.123069	2.743634
AT3G02960	0	0.0	0.0	0.0
AT4G31351	0	0.0	0.0	0.0
AT1G01950	21	0.513580	3.773124	4.875995
AT2G02440	0	0.0	0.0	0.0
AT2G41450	0	0.0	0.0	0.0
AT5G60890	41	1.812043	12.650661	16.348408
AT1G64070	0	0.000000	0.000000	0.000000
AT2G33160	0	0.000000	0.000000	0.000000
AT1G08717	0	0.0	0.0	0.0
AT1G69170	10	0.393297	2.802404	3.621537
AT3G20885	0	0.0	0.0	0.0
AT3G14430	1209	47.038139	340.832886	440.457153
AT1G52300	726	82.043846	591.179871	763.979675
AT3G07195	0	0.000000	0.000000	0.000000
AT3G02580	49	2.807359	19.599396	25.328234
AT2G23118	0	0.000000	0.000000	0.000000
AT3G01020	0	0.0	0.0	0.0
AT1G60025	0	0.0	0.0	0.0
AT5G44060	6	0.335061	2.339207	3.022949
AT1G12890	0	0.0	0.0	0.0
AT1G23560	0	0.000000	0.000000	0.000000
AT5G06640	0	0.0	0.0	0.0
AT1G23410	7	0.546525	3.815529	4.930795
AT3G49400	0	0.000000	0.000000	0.000000
AT1G05583	0	0.0	0.0	0.0
AT1G43330	0	0.0	0.0	0.0
AT2G35680	100	4.310002	30.090000	38.885208
AT2G26770	77	2.857077	20.886641	26.991734
AT1G50670	83	3.842966	39.894787	51.555897
AT1G53910	127	5.293393	36.955482	47.757442
AT5G40740	25	0.727641	5.079978	6.564839
AT1G63850	17	0.585444	4.087239	5.281926
AT1G05090	16	0.827939	5.780202	7.469737
AT5G56560	0	0.0	0.0	0.0
AT3G27473	0	0.0	0.0	0.0
AT5G56410	0	0.0	0.0	0.0
AT1G11550	0	0.0	0.0	0.0
AT3G12410	0	0.0	0.0	0.0
AT3G12560	30	0.804653	6.070365	7.844712
AT4G01985	1	0.034712	0.257657	0.332969
AT1G05843	0	0.000000	0.000000	0.000000
AT2G04400	125	6.979592	48.727570	62.970474
AT4G26910	90	3.515408	25.046984	32.368130
AT4G39640	46	1.450523	10.893581	14.077738
AT2G43640	66	6.768494	49.968803	64.574509
AT1G58430	0	0.0	0.0	0.0
AT1G52690	0	0.0	0.0	0.0
AT5G61230	69	4.129588	28.830454	37.257500
AT2G08310	0	0.0	0.0	0.0
AT3G57700	0	0.000000	0.000000	0.000000
AT5G01985	0	0.0	0.0	0.0
AT3G15040	0	0.000000	0.000000	0.000000
AT5G06325	0	0.0	0.0	0.0
AT5G26910	44	0.871439	6.528627	8.436922
AT5G39640	0	0.0	0.0	0.0
AT1G44900	48	1.195352	8.413978	10.873354
AT1G28930	0	0.000000	0.000000	0.000000
AT1G69730	94	2.793450	19.502293	25.202745
AT3G45110	0	0.0	0.0	0.0
AT1G10870	45	1.239873	8.677491	11.213893
AT2G22680	1	0.030595	0.213597	0.276031
AT5G14090	33	0.975818	10.440312	13.491979
AT5G03745	0	0.0	0.0	0.0
AT3G06225	0	0.0	0.0	0.0
AT2G26130	0	0.0	0.0	0.0
AT3G02840	0	0.0	0.0	0.0
AT1G19930	0	0.0	0.0	0.0
AT1G38131	25	0.426047	5.399827	6.978177
AT1G33040	94	8.308593	58.005905	74.960838
AT1G17145	37	1.313453	12.237361	15.814300
AT3G23890	39	0.614631	4.291007	5.545253
AT4G14090	28	1.312852	9.165591	11.844663
AT4G39195	0	0.0	0.0	0.0
AT1G34820	0	0.0	0.0	0.0
AT4G07225	0	0.0	0.0	0.0
AT4G31840	92	8.173184	57.060562	73.739166
AT5G10525	0	0.0	0.0	0.0
AT3G62900	50	0.668496	4.838994	6.253415
AT1G15970	39	1.563516	10.915586	14.106175
AT5G07225	0	0.0	0.0	0.0
AT2G27540	0	0.0	0.0	0.0
AT3G27910	0	0.0	0.0	0.0
AT1G71270	60	1.866016	13.027471	16.835356
AT3G49650	35	0.585630	4.307664	5.566780
AT3G07325	0	0.0	0.0	0.0
AT3G63310	85	5.737602	40.056702	51.765137
AT4G25020	2	0.085766	0.598770	0.773788
AT2G02170	25	0.935408	6.992005	9.035745
AT3G24550	640	20.129921	140.535751	181.613861
AT4G18465	23	0.741987	5.252853	6.788244
AT1G68660	115	6.980632	52.238651	67.507828
AT3G57560	91	4.673102	32.624962	42.161125
AT3G57410	101	1.591978	12.910127	16.683712
AT3G12700	38	1.584607	12.208373	15.776839
AT5G25020	0	0.000000	0.000000	0.000000
AT1G17690	41	1.181293	8.633753	11.157370
AT5G56700	0	0.000000	0.000000	0.000000
AT1G65770	0	0.0	0.0	0.0
AT2G16520	0	0.0	0.0	0.0
AT2G27880	0	0.0	0.0	0.0
AT2G04650	17	0.802544	5.713649	7.383729
AT5G04970	0	0.000000	0.000000	0.000000
AT1G47660	0	0.0	0.0	0.0
AT5G50380	40	1.141978	7.972646	10.303023
AT5G60142	0	0.000000	0.000000	0.000000
AT5G42635	0	0.0	0.0	0.0
AT4G04970	36	0.469012	3.274377	4.231466
AT5G61050	0	0.0	0.0	0.0
AT3G07640	17	1.144090	7.987391	10.322078
AT1G59550	0	0.0	0.0	0.0
AT1G23700	0	0.0	0.0	0.0
AT3G49710	18	0.662177	4.622946	5.974217
AT2G32273	0	0.0	0.0	0.0
AT1G65130	0	0.000000	0.000000	0.000000
AT4G08485	0	0.0	0.0	0.0
AT3G55485	0	0.0	0.0	0.0
AT4G32020	503	18.828102	131.447174	169.868744
AT2G07691	0	0.0	0.0	0.0
AT1G51930	0	0.0	0.0	0.0
AT4G31580	92	4.028666	28.188028	36.427292
AT3G50280	2	0.085583	0.597492	0.772137
AT5G08485	0	0.0	0.0	0.0
AT2G40180	0	0.0	0.0	0.0
AT2G02730	19	0.628205	6.466737	8.356941
AT4G06195	1	0.153266	1.070017	1.382779
AT1G74088	0	0.000000	0.000000	0.000000
AT1G21430	0	0.000000	0.000000	0.000000
AT1G17300	0	0.0	0.0	0.0
AT1G64590	0	0.0	0.0	0.0
AT2G37060	0	0.000000	0.000000	0.000000
AT3G13224	31	1.067460	7.637621	9.870071
AT5G55260	22	1.062805	7.567563	9.779534
AT1G54280	0	0.0	0.0	0.0
AT1G32630	0	0.000000	0.000000	0.000000
AT2G07777	8	0.274458	1.916111	2.476184
AT3G60590	29	1.317626	9.719087	12.559943
AT1G48240	39	1.827791	13.388698	17.302168
AT5G62740	56	2.684882	23.090435	29.839691
AT1G20823	28	2.188867	15.281435	19.748146
AT1G36180	0	0.000000	0.000000	0.000000
AT3G08260	0	0.0	0.0	0.0
AT1G28160	0	0.0	0.0	0.0
AT3G09010	11	0.400298	2.892465	3.737922
AT5G04500	0	0.0	0.0	0.0
AT5G04055	2	0.151872	1.060285	1.370202
AT5G12940	20	1.055556	7.369297	9.523316
AT3G56940	450	24.093637	168.208176	217.374863
AT5G08360	8	0.532075	4.225772	5.460951
AT2G24290	26	2.030572	14.176308	18.319994
AT2G25340	0	0.0	0.0	0.0
AT3G05525	0	0.000000	0.000000	0.000000
AT3G17420	17	0.638875	4.460265	5.763985
AT3G08175	1	0.013751	0.096002	0.124063
AT4G04500	0	0.000000	0.000000	0.000000
AT3G26440	153	2.042531	15.974503	20.643795
AT2G42030	35	1.302293	9.091875	11.749399
AT2G26960	0	0.000000	0.000000	0.000000
AT1G34750	14	0.614350	4.490404	5.802933
AT1G19160	0	0.0	0.0	0.0
AT4G04055	0	0.000000	0.000000	0.000000
AT4G12940	0	0.0	0.0	0.0
AT1G76950	17	0.322636	2.252462	2.910850
AT4G08360	0	0.0	0.0	0.0
AT1G09443	0	0.000000	0.000000	0.000000
AT5G60408	0	0.0	0.0	0.0
AT3G55360	300	16.735270	116.836212	150.987030
AT3G04943	0	0.0	0.0	0.0
AT1G20550	7	0.215453	1.559590	2.015453
AT1G49190	0	0.0	0.0	0.0
AT1G70581	0	0.0	0.0	0.0
AT4G29380	323	4.321926	33.312729	43.049927
AT3G18280	55	6.258891	50.858143	65.723801
AT1G60860	14	0.319836	2.621348	3.387558
AT3G01865	0	0.000000	0.000000	0.000000
AT3G17150	0	0.0	0.0	0.0
AT2G25625	0	0.0	0.0	0.0
AT3G45800	0	0.0	0.0	0.0
AT1G21870	0	0.0	0.0	0.0
AT1G06283	3	1.239286	8.651995	11.180944
AT1G09180	3	0.231591	1.618765	2.091924
AT2G32340	0	0.000000	0.000000	0.000000
AT1G80320	0	0.000000	0.000000	0.000000
AT3G29280	0	0.000000	0.000000	0.000000
AT4G18380	24	1.043354	7.362420	9.514430
AT3G08735	0	0.000000	0.000000	0.000000
AT1G15500	357	12.656610	90.120544	116.462463
AT3G30820	0	0.0	0.0	0.0
AT3G62570	0	0.000000	0.000000	0.000000
AT5G18380	1096	80.145927	565.635132	730.968384
AT2G44010	0	0.0	0.0	0.0
ATMG00070	1	0.032625	0.227769	0.294346
AT3G04335	0	0.0	0.0	0.0
AT5G23070	68	4.571527	31.915823	41.244709
AT1G18670	16	0.297032	2.443307	3.157477
AT1G63720	0	0.000000	0.000000	0.000000
AT1G04073	0	0.000000	0.000000	0.000000
AT4G37010	81	2.736352	20.491137	26.480623
AT5G14780	87	2.863786	20.735729	26.796713
AT1G15760	2	0.138915	0.969826	1.253303
AT2G14695	0	0.0	0.0	0.0
AT5G34905	0	0.0	0.0	0.0
AT3G14870	11	0.222068	1.883508	2.434050
AT4G23070	0	0.000000	0.000000	0.000000
AT2G08585	0	0.0	0.0	0.0
AT1G24545	0	0.000000	0.000000	0.000000
AT2G31480	0	0.0	0.0	0.0
AT4G00893	0	0.0	0.0	0.0
AT5G37010	11	0.379594	2.725525	3.522186
AT4G14780	0	0.0	0.0	0.0
AT3G09665	0	0.0	0.0	0.0
AT5G64980	2	0.090235	0.691979	0.894242
AT1G69792	0	0.0	0.0	0.0
AT1G65960	759	10.734480	171.943863	222.202469
AT1G31990	0	0.0	0.0	0.0
AT1G29670	235	12.616107	98.304893	127.039078
AT2G42250	0	0.000000	0.000000	0.000000
AT5G16150	193	6.976428	52.360771	67.665642
AT1G13920	22	0.921206	7.074848	9.142801
AT4G04235	0	0.0	0.0	0.0
AT1G07383	0	0.0	0.0	0.0
AT1G51160	65	3.748902	34.948124	45.163342
AT3G52150	582	38.831383	272.267426	351.850281
AT2G01240	0	0.000000	0.000000	0.000000
AT1G66340	30	0.502257	3.506475	4.531405
AT4G16150	19	0.471235	3.289897	4.251523
AT1G72140	10	0.384615	2.685165	3.470029
AT3G54670	60	0.812179	5.720078	7.392038
AT1G65346	0	0.000000	0.000000	0.000000
AT5G27440	2	0.091715	0.640302	0.827461
AT3G02315	0	0.0	0.0	0.0
AT1G34065	24	0.662275	4.765738	6.158746
AT4G16420	27	1.042857	7.280639	9.408746
AT4G04760	0	0.000000	0.000000	0.000000
AT1G47603	0	0.0	0.0	0.0
AT3G22920	0	0.0	0.0	0.0
AT5G57940	123	2.078505	16.892910	21.830650
AT4G27440	1915	93.333130	651.599243	842.059448
AT5G16420	5	0.166972	1.165704	1.506436
AT5G04760	59	3.056131	21.336182	27.572676
AT1G05780	0	0.000000	0.000000	0.000000
AT3G52420	20	2.679442	18.706352	24.174154
AT1G80190	13	0.392939	3.885323	5.020989
AT3G28685	0	0.0	0.0	0.0
AT1G56070	1897	40.006332	318.245117	411.267029
AT4G00040	0	0.000000	0.000000	0.000000
AT5G65000	19	1.034727	7.733609	9.994116
AT1G79000	51	0.645478	4.506363	5.823558
AT3G03905	0	0.000000	0.000000	0.000000
AT1G49320	22	1.348800	9.416560	12.168989
AT2G08845	0	0.0	0.0	0.0
AT5G02215	0	0.0	0.0	0.0
AT1G10430	31	1.754923	12.470184	16.115177
AT2G15220	5	0.325602	2.273169	2.937609
AT1G03520	11	0.360360	2.563171	3.312377
AT4G05615	0	0.0	0.0	0.0
AT4G17660	0	0.0	0.0	0.0
AT4G31770	30	1.068005	8.119564	10.492884
AT3G60070	16	0.455638	3.482256	4.500108
AT1G74100	148	8.760000	61.157379	79.033470
AT5G62430	31	1.699158	11.862562	15.329948
AT3G47200	0	0.0	0.0	0.0
AT5G17660	16	0.692009	5.552203	7.175093
AT3G11210	6	0.281805	1.967404	2.542469
AT2G40008	2	0.060685	0.423668	0.547505
AT1G09733	0	0.0	0.0	0.0
AT5G11310	12	0.443976	3.099590	4.005589
AT5G54035	0	0.0	0.0	0.0
AT5G47300	0	0.0	0.0	0.0
AT3G26730	61	1.423658	10.995063	14.208882
AT4G11310	0	0.0	0.0	0.0
AT1G14755	0	0.000000	0.000000	0.000000
AT2G38700	54	2.222337	15.515103	20.050114
AT1G65840	75	2.628685	18.351995	23.716221
AT1G22050	15	1.269220	8.860977	11.451012
AT3G21060	23	0.774519	5.407255	6.987777
AT2G45710	54	4.077735	28.468445	36.789673
AT1G70350	27	2.963534	20.689722	26.737257
AT4G14276	0	0.0	0.0	0.0
AT3G48187	1	0.009087	0.063440	0.081984
AT2G45650	0	0.0	0.0	0.0
AT2G20360	166	7.400893	51.668861	66.771492
AT5G45970	0	0.0	0.0	0.0
AT5G07680	1	0.026890	0.309389	0.399823
AT5G57860	0	0.000000	0.000000	0.000000
AT2G40530	10	0.944872	6.596563	8.524716
AT5G24850	10	0.364537	2.680403	3.463876
AT2G07795	1	0.014379	0.100386	0.129729
AT3G50340	11	0.474649	3.313732	4.282324
AT4G31130	73	5.063213	35.948162	46.455685
AT5G64410	15	0.413217	2.969547	3.837535
AT5G64560	33	1.408420	10.288430	13.295703
AT1G65580	55	1.126472	8.075266	10.435638
AT3G18815	0	0.0	0.0	0.0
AT3G13050	32	1.138342	8.719045	11.267592
AT5G05755	0	0.0	0.0	0.0
AT2G31910	0	0.000000	0.000000	0.000000
AT3G23635	4	0.370787	2.588626	3.345272
AT4G26365	1	0.974359	6.802424	8.790751
AT5G47690	160	2.258431	16.219509	20.960415
AT2G08965	1	0.280004	1.954830	2.526220
AT5G50240	0	0.000000	0.000000	0.000000
AT3G26170	28	0.920017	8.184750	10.577123
AT4G05755	0	0.000000	0.000000	0.000000
AT3G62090	0	0.000000	0.000000	0.000000
AT1G09173	0	0.000000	0.000000	0.000000
AT1G06270	0	0.000000	0.000000	0.000000
AT5G61997	0	0.0	0.0	0.0
ATMG00590	1	0.000135	0.000942	0.001218
AT1G70490	312	11.483876	191.395660	247.339951
AT5G23590	39	1.131057	7.896402	10.204493
AT2G34357	99	1.830556	12.779909	16.515432
AT1G04593	0	0.0	0.0	0.0
AT5G27170	0	0.0	0.0	0.0
AT3G59210	19	0.634516	4.429833	5.724658
AT2G03200	1	0.044605	0.311407	0.402430
AT3G58060	0	0.0	0.0	0.0
AT1G61795	31	2.539749	17.731094	22.913832
AT2G34690	89	5.211298	36.382339	47.016777
AT5G14900	0	0.000000	0.000000	0.000000
AT5G02540	28	1.528960	10.674336	13.794408
AT4G33110	262	13.242249	110.255585	142.482925
AT4G05060	43	1.058863	8.547281	11.045622
AT5G41550	0	0.0	0.0	0.0
AT4G23590	0	0.0	0.0	0.0
AT4G27170	0	0.0	0.0	0.0
AT1G05957	0	0.0	0.0	0.0
AT1G75295	9	0.242658	2.783310	3.596862
AT4G14900	245	6.146265	42.909756	55.452129
AT2G30150	26	1.159142	8.092476	10.457878
AT5G05060	10	0.451333	5.102278	6.593656
AT1G04080	92	1.955721	17.275696	22.325321
AT1G05133	0	0.0	0.0	0.0
AT2G28040	1	0.049440	0.372676	0.481608
AT3G46690	0	0.0	0.0	0.0
AT4G02540	40	1.083964	7.748953	10.013947
AT5G64700	0	0.000000	0.000000	0.000000
AT5G49930	34	0.745725	5.206231	6.727995
AT1G22230	1	0.052556	0.366916	0.474165
AT3G02130	22	0.414836	2.896151	3.742686
AT2G26840	0	0.000000	0.000000	0.000000
AT5G09425	0	0.000000	0.000000	0.000000
AT5G37247	0	0.000000	0.000000	0.000000
AT4G12860	0	0.000000	0.000000	0.000000
AT5G40870	35	1.426448	9.958655	12.869535
AT2G19040	0	0.0	0.0	0.0
AT2G17820	63	1.142825	7.978559	10.310665
AT2G48075	3	0.230097	1.606407	2.075955
AT1G07370	52	3.624779	25.306162	32.703068
AT5G59310	0	0.0	0.0	0.0
AT2G33930	0	0.000000	0.000000	0.000000
AT5G12860	805	26.901447	188.034622	242.996506
AT1G44090	0	0.0	0.0	0.0
AT3G06680	168	20.421375	178.713882	230.951355
AT3G56860	147	3.212577	24.748568	31.982491
AT3G21755	119	2.988690	20.865347	26.964216
AT2G38560	33	1.484763	10.365778	13.395658
AT1G05773	0	0.000000	0.000000	0.000000
AT2G38410	29	0.864445	6.035067	7.799097
AT3G13230	134	8.509393	68.018387	87.899933
AT2G45400	0	0.000000	0.000000	0.000000
AT2G34300	63	1.533313	10.816610	13.978269
AT2G19893	0	0.0	0.0	0.0
AT4G27730	10	0.287817	2.126671	2.748290
AT2G26580	36	2.539964	17.732595	22.915771
AT5G42890	65	5.836571	45.942104	59.370827
AT4G09155	0	0.0	0.0	0.0
AT5G15080	33	1.236261	8.630877	11.153652
AT1G60940	148	6.757732	47.178669	60.968838
AT1G08663	0	0.000000	0.000000	0.000000
AT1G14060	26	1.729958	12.077591	15.607829
AT3G01945	0	0.000000	0.000000	0.000000
AT5G03406	0	0.000000	0.000000	0.000000
AT2G40205	432	99.017189	691.282104	893.341553
AT1G05900	32	1.251636	9.694491	12.528158
AT5G27730	70	1.778917	13.219963	17.084112
AT3G46300	0	0.000000	0.000000	0.000000
AT4G15080	35	0.893521	6.381325	8.246565
AT5G09155	0	0.000000	0.000000	0.000000
AT3G04110	20	0.528704	3.826602	4.945104
AT1G56590	20	0.903452	6.307392	8.151021
AT5G46200	0	0.0	0.0	0.0
AT1G74620	0	0.0	0.0	0.0
AT1G10740	36	1.214014	8.963668	11.583717
AT4G13330	0	0.000000	0.000000	0.000000
AT1G35230	8	0.823684	5.750497	7.431347
AT5G03875	0	0.000000	0.000000	0.000000
AT5G52660	27	1.291415	9.015931	11.651257
AT5G02880	27	0.402885	2.812716	3.634863
AT2G30420	15	1.739645	12.145220	15.695226
AT1G29355	0	0.000000	0.000000	0.000000
AT3G16660	78	6.119921	43.024315	55.600170
AT1G24210	3	0.264988	1.849997	2.390744
AT3G03785	0	0.000000	0.000000	0.000000
AT3G02770	35	2.911111	20.323736	26.264292
AT4G03875	1	0.336406	2.348597	3.035084
AT5G13330	2	0.094954	0.662915	0.856683
AT4G02880	37	1.066386	7.444905	9.621026
AT1G72470	16	0.531117	3.707959	4.791783
AT1G53230	86	3.693909	25.873144	33.435776
AT4G05355	0	0.0	0.0	0.0
AT3G54060	0	0.000000	0.000000	0.000000
AT2G32430	12	0.487755	3.405230	4.400568
AT2G38690	0	0.0	0.0	0.0
AT5G18900	38	2.393169	16.707754	21.591375
AT3G27050	299	7.726336	92.457069	119.481956
AT4G18900	0	0.0	0.0	0.0
AT1G08080	0	0.0	0.0	0.0
AT2G24040	7	0.494706	7.227685	9.340313
AT3G50740	85	3.402903	23.757149	30.701283
AT1G25155	0	0.000000	0.000000	0.000000
AT3G16590	0	0.0	0.0	0.0
AT5G11650	12	0.433925	3.189860	4.122245
AT1G06880	0	0.0	0.0	0.0
AT1G56660	87	2.981943	24.229485	31.311680
AT1G70750	11	0.270009	1.885051	2.436044
AT5G59400	42	2.030359	20.626589	26.655670
AT2G20760	121	5.426471	39.891296	51.551384
AT4G29900	75	1.382645	10.704342	13.833185
AT4G11650	0	0.0	0.0	0.0
AT1G48090	53	0.317690	2.255248	2.914449
AT1G20220	78	3.571675	28.722031	37.117382
AT2G34560	48	1.991079	14.086136	18.203466
AT2G34410	256	8.078712	58.286404	75.323318
AT1G19210	0	0.000000	0.000000	0.000000
AT1G67090	23514	1483.519897	10357.099609	13384.443359
AT2G25430	118	3.644874	25.446453	32.884365
AT2G38300	21	1.013871	7.078275	9.147230
AT1G06540	0	0.000000	0.000000	0.000000
AT1G70610	90	2.684151	19.983877	25.825098
AT5G23660	72	4.243685	29.627012	38.286888
AT1G73970	22	0.539065	4.002038	5.171820
AT1G18060	145	7.591252	59.032627	76.287659
AT2G45310	0	0.000000	0.000000	0.000000
AT1G09333	1	0.299863	2.093474	2.705390
AT5G11710	74	2.336913	17.082855	22.076115
AT1G25425	23	1.255464	8.764941	11.326903
AT3G09075	0	0.0	0.0	0.0
AT3G46560	96	10.595271	73.970200	95.591438
AT3G46410	0	0.0	0.0	0.0
AT5G50570	25	0.728040	6.005501	7.760888
AT4G23660	23	0.817549	6.098368	7.880900
AT5G47700	676	59.101639	412.614288	533.220032
AT3G26330	0	0.000000	0.000000	0.000000
AT5G26230	16	0.735190	5.132681	6.632947
AT3G08110	0	0.0	0.0	0.0
AT1G29060	0	0.000000	0.000000	0.000000
AT1G78620	102	6.361785	44.659206	57.712936
AT1G28210	13	0.479504	4.272094	5.520813
AT4G26230	159	14.329347	116.807083	150.949402
AT5G55110	0	0.0	0.0	0.0
AT5G51850	9	0.270381	2.057031	2.658294
AT5G61910	54	0.684303	4.913716	6.349978
AT4G31370	0	0.0	0.0	0.0
AT1G16860	75	2.108357	15.220606	19.669537
AT2G07605	0	0.0	0.0	0.0
AT2G01090	16	1.610323	13.962872	18.044170
AT5G60150	8	0.137172	0.959005	1.239319
AT3G03385	0	0.000000	0.000000	0.000000
AT3G02370	0	0.000000	0.000000	0.000000
AT2G18470	0	0.000000	0.000000	0.000000
AT5G13730	96	3.738107	36.446922	47.100231
AT1G78100	31	1.562863	10.911027	14.100284
AT5G64690	0	0.0	0.0	0.0
AT2G02023	0	0.0	0.0	0.0
AT3G27230	85	3.852976	26.899305	34.761879
AT1G10340	10	0.329285	2.423145	3.131422
AT3G12835	0	0.0	0.0	0.0
AT3G33528	0	0.000000	0.000000	0.000000
AT4G13730	43	1.966841	13.983552	18.070896
AT3G46617	0	0.0	0.0	0.0
AT1G53050	50	1.304391	9.203753	11.893978
AT1G07130	5	0.383090	2.674518	3.456271
AT2G41080	6	0.225294	1.572876	2.032622
AT5G47560	86	1.867470	15.174270	19.609655
AT5G63930	10	0.152152	1.064425	1.375552
AT2G29470	0	0.0	0.0	0.0
AT4G02270	0	0.0	0.0	0.0
AT5G11400	0	0.000000	0.000000	0.000000
AT5G27330	68	2.196602	15.335437	19.817930
AT2G42520	0	0.000000	0.000000	0.000000
AT3G46700	0	0.0	0.0	0.0
AT4G03285	0	0.0	0.0	0.0
AT1G05373	0	0.0	0.0	0.0
AT5G59650	7	0.151767	1.083693	1.400453
AT3G05035	0	0.0	0.0	0.0
ATMG00660	27	4.704444	32.843773	42.443897
AT4G27330	0	0.0	0.0	0.0
AT2G34700	0	0.000000	0.000000	0.000000
AT5G02270	22	1.148003	8.446141	10.914919
AT4G11400	0	0.000000	0.000000	0.000000
AT5G03285	1	0.357843	2.498258	3.228490
ATCG00470	17104	3429.360352	23941.859375	30939.982422
AT4G17590	0	0.0	0.0	0.0
AT4G13170	204	7.343580	51.268730	66.254410
AT1G07770	863	41.762249	291.560455	376.782562
AT5G59710	32	0.785557	5.881329	7.600421
AT5G28850	45	1.431076	10.272520	13.275142
AT2G20500	0	0.000000	0.000000	0.000000
AT5G05495	0	0.0	0.0	0.0
AT5G17590	0	0.000000	0.000000	0.000000
AT5G64300	129	4.189101	29.245941	37.794430
AT4G00290	36	1.494997	20.581825	26.597820
AT5G13170	0	0.000000	0.000000	0.000000
AT1G66430	117	3.645098	39.400387	50.916988
AT1G51210	0	0.0	0.0	0.0
AT4G28850	0	0.0	0.0	0.0
AT1G07903	1	0.072603	0.506873	0.655030
AT4G23015	0	0.000000	0.000000	0.000000
AT3G24542	0	0.0	0.0	0.0
AT5G19850	40	2.258615	15.768375	20.377419
AT5G65225	0	0.000000	0.000000	0.000000
AT2G23820	69	4.053144	30.439842	39.337303
AT5G40280	12	0.499436	3.585938	4.634095
AT4G26050	0	0.0	0.0	0.0
AT2G04965	0	0.0	0.0	0.0
AT4G19850	0	0.000000	0.000000	0.000000
AT5G26050	0	0.0	0.0	0.0
AT1G35365	0	0.0	0.0	0.0
AT4G13265	0	0.0	0.0	0.0
AT3G08335	0	0.0	0.0	0.0
AT1G14670	256	8.999119	62.826771	81.190819
AT1G03250	37	2.003429	16.209269	20.947180
AT1G08073	0	0.000000	0.000000	0.000000
AT3G23150	0	0.000000	0.000000	0.000000
AT5G18780	0	0.000000	0.000000	0.000000
AT1G10586	0	0.0	0.0	0.0
AT5G38905	0	0.0	0.0	0.0
AT3G18870	19	1.530189	10.682917	13.805496
AT3G49845	0	0.0	0.0	0.0
AT1G30100	0	0.0	0.0	0.0
AT2G32740	0	0.0	0.0	0.0
AT1G80720	9	0.579365	4.044799	5.227080
AT4G18780	0	0.000000	0.000000	0.000000
AT4G38905	0	0.0	0.0	0.0
AT1G12420	13	0.475151	3.477125	4.493477
AT3G16070	2	0.176895	1.234981	1.595962
AT5G52070	29	0.568080	6.475449	8.368201
AT3G20930	22	0.863287	6.073633	7.848935
AT4G08235	0	0.000000	0.000000	0.000000
AT2G45135	0	0.000000	0.000000	0.000000
AT1G06873	0	0.0	0.0	0.0
AT1G21280	0	0.000000	0.000000	0.000000
AT4G29780	2	0.058116	0.405733	0.524328
AT4G06676	15	0.619651	5.279962	6.823277
AT3G01180	66	1.725438	12.046034	15.567049
AT1G48570	96	2.546330	17.777039	22.973207
AT3G50430	38	0.864983	6.413105	8.287634
AT3G26115	13	0.532778	4.163651	5.380672
AT5G08235	0	0.000000	0.000000	0.000000
AT3G58670	21	1.040077	7.584827	9.801847
AT1G63190	0	0.0	0.0	0.0
AT3G02405	0	0.0	0.0	0.0
AT3G62240	40	1.104203	7.708922	9.962214
AT1G01010	0	0.000000	0.000000	0.000000
AT1G34350	33	2.685744	20.155581	26.046986
AT4G05670	0	0.0	0.0	0.0
AT1G67570	2	0.076883	0.536754	0.693645
AT4G31715	0	0.000000	0.000000	0.000000
AT1G38065	0	0.000000	0.000000	0.000000
AT4G08760	0	0.0	0.0	0.0
AT3G55760	52	1.768466	12.985917	16.781656
AT1G54870	0	0.0	0.0	0.0
AT3G09595	0	0.0	0.0	0.0
AT5G05670	50	3.346186	23.361183	30.189577
AT5G08760	83	10.100464	91.119423	117.753319
AT2G25740	17	0.535439	3.738133	4.830776
AT5G47980	0	0.0	0.0	0.0
AT5G50090	0	0.0	0.0	0.0
AT3G07855	0	0.0	0.0	0.0
AT4G07990	63	2.439431	28.393835	36.693256
AT3G53920	56	1.898268	14.285755	18.461432
AT3G11160	0	0.0	0.0	0.0
AT1G12150	0	0.000000	0.000000	0.000000
AT4G01830	0	0.0	0.0	0.0
AT2G04845	0	0.000000	0.000000	0.000000
AT5G07990	5	0.167047	1.324630	1.711814
AT3G23420	0	0.0	0.0	0.0
AT5G62340	0	0.0	0.0	0.0
AT5G01830	8	0.204188	1.425525	1.842202
AT5G61480	19	0.390675	2.727473	3.524703
AT2G01570	88	3.031438	21.163790	27.349894
AT1G58280	30	1.559711	12.677519	16.383116
AT4G06855	0	0.0	0.0	0.0
AT1G49720	55	2.485969	18.072388	23.354887
AT1G52827	19	2.525217	17.629641	22.782724
AT4G13440	0	0.0	0.0	0.0
AT2G19290	0	0.000000	0.000000	0.000000
AT1G34490	0	0.0	0.0	0.0
AT4G25180	7	0.294467	2.070449	2.675635
AT3G06990	0	0.0	0.0	0.0
AT5G06855	0	0.0	0.0	0.0
AT5G41220	14	0.447900	3.341567	4.318295
AT3G44006	0	0.0	0.0	0.0
AT5G13440	120	4.372543	44.789558	57.881390
AT3G04260	131	3.293392	23.596888	30.494181
AT3G19613	0	0.000000	0.000000	0.000000
AT1G24160	87	2.649291	18.531370	23.948025
AT5G25180	0	0.000000	0.000000	0.000000
AT1G57150	0	0.0	0.0	0.0
AT1G03030	30	1.430684	11.118585	14.368510
AT4G33735	0	0.0	0.0	0.0
AT4G39838	51	1.935892	13.515306	17.465784
AT5G08500	36	1.200000	8.377723	10.826503
AT5G08055	0	0.0	0.0	0.0
AT5G03810	0	0.0	0.0	0.0
AT4G09630	8	0.210695	1.470954	1.900908
AT5G04360	44	0.937283	7.117218	9.197556
AT2G28290	61	0.432817	3.062812	3.958061
AT1G05380	46	0.850511	6.027331	7.789100
AT5G51174	1	0.646552	4.513861	5.833247
AT3G04175	7	3.571429	24.933702	32.221737
AT1G74458	4	0.323280	2.256958	2.916660
AT3G46980	53	1.578239	12.313312	15.912451
AT4G08500	26	0.686322	5.394381	6.971140
AT2G22000	0	0.000000	0.000000	0.000000
AT2G07748	2	1.878378	13.113775	16.946886
AT5G09630	0	0.000000	0.000000	0.000000
AT3G55500	0	0.000000	0.000000	0.000000
AT4G08055	0	0.000000	0.000000	0.000000
AT3G02715	0	0.0	0.0	0.0
AT4G04360	0	0.000000	0.000000	0.000000
AT2G34980	1	0.072854	0.508626	0.657295
AT4G31405	0	0.000000	0.000000	0.000000
AT3G08943	54	1.362085	9.509309	12.288847
AT3G60660	0	0.000000	0.000000	0.000000
AT3G02655	0	0.0	0.0	0.0
AT4G17070	0	0.000000	0.000000	0.000000
AT4G32180	81	1.808203	13.488447	17.431076
AT3G14280	0	0.000000	0.000000	0.000000
AT2G18140	0	0.000000	0.000000	0.000000
AT1G66740	19	1.259228	8.791220	11.360863
AT2G46810	47	1.162075	12.769248	16.501656
AT5G17070	22	1.261119	10.348534	13.373374
AT4G36630	60	1.348619	9.640449	12.458318
AT2G40020	17	0.704971	6.337587	8.190042
AT3G25830	0	0.000000	0.000000	0.000000
AT1G07783	0	0.0	0.0	0.0
AT1G30620	23	0.647815	6.004796	7.759977
AT1G16940	0	0.0	0.0	0.0
AT2G29140	17	0.342434	2.402550	3.104806
AT5G46025	0	0.0	0.0	0.0
AT1G57420	0	0.0	0.0	0.0
AT4G14380	2	0.121339	0.847120	1.094731
AT3G04735	0	0.0	0.0	0.0
AT3G59160	0	0.0	0.0	0.0
AT1G63320	0	0.0	0.0	0.0
AT3G21670	73	2.622454	18.308495	23.660004
AT4G33260	16	0.403027	4.359802	5.634157
AT5G14380	0	0.0	0.0	0.0
AT3G53016	0	0.0	0.0	0.0
AT2G35555	0	0.0	0.0	0.0
AT1G15360	0	0.0	0.0	0.0
AT2G48010	0	0.000000	0.000000	0.000000
AT2G35000	0	0.0	0.0	0.0
AT1G27920	0	0.000000	0.000000	0.000000
ATCG00140	248	80.390244	561.239319	725.287598
AT1G05407	0	0.0	0.0	0.0
AT5G34869	0	0.0	0.0	0.0
AT5G25320	0	0.0	0.0	0.0
AT4G14450	0	0.000000	0.000000	0.000000
AT3G28415	0	0.0	0.0	0.0
AT5G17960	0	0.0	0.0	0.0
AT2G31750	0	0.000000	0.000000	0.000000
AT5G05915	0	0.0	0.0	0.0
AT3G09845	0	0.0	0.0	0.0
AT4G29790	33	0.569093	3.973086	5.134406
AT3G07025	0	0.000000	0.000000	0.000000
AT3G63010	4	0.142717	0.996370	1.287605
AT4G25320	33	1.410256	9.845612	12.723451
AT4G17960	13	0.925090	6.458456	8.346241
AT4G05915	0	0.000000	0.000000	0.000000
AT5G14450	30	1.415175	10.573064	13.663533
AT3G01190	0	0.0	0.0	0.0
AT3G19565	0	0.0	0.0	0.0
AT1G54217	15	0.902642	6.810600	8.801315
AT2G18685	0	0.000000	0.000000	0.000000
AT1G77992	0	0.000000	0.000000	0.000000
AT5G18790	29	4.772821	33.321144	43.060799
AT2G04595	0	0.0	0.0	0.0
AT3G50925	0	0.0	0.0	0.0
AT3G25220	82	8.670650	60.533581	78.227348
AT5G24205	0	0.000000	0.000000	0.000000
AT1G08570	50	2.302800	16.076849	20.776058
AT1G05120	15	0.388760	2.746797	3.549676
AT4G18790	0	0.0	0.0	0.0
AT1G09117	0	0.0	0.0	0.0
AT1G17000	0	0.0	0.0	0.0
AT1G05450	0	0.000000	0.000000	0.000000
AT2G37360	0	0.000000	0.000000	0.000000
AT2G45950	48	1.533199	13.148432	16.991673
AT5G45670	86	3.878908	27.080347	34.995838
AT4G32320	28	1.591971	11.517784	14.884393
AT3G20155	0	0.0	0.0	0.0
AT1G55740	0	0.0	0.0	0.0
AT2G24870	0	0.000000	0.000000	0.000000
AT3G61250	0	0.0	0.0	0.0
AT1G62260	1	0.022976	0.160405	0.207291
AT5G48760	233	19.344109	147.100815	190.097870
AT5G07980	35	0.522929	3.650795	4.717910
AT3G13223	0	0.0	0.0	0.0
AT5G61350	1	0.025721	0.179570	0.232057
AT3G18217	0	0.0	0.0	0.0
AT1G63180	0	0.000000	0.000000	0.000000
AT5G14120	161	5.002732	40.617825	52.490276
AT3G09585	0	0.0	0.0	0.0
AT2G01818	5	0.235788	1.897415	2.452022
AT2G31610	547	36.186104	252.630951	326.474121
AT4G14120	0	0.000000	0.000000	0.000000
AT2G08665	5738	438.426422	3060.845947	3955.520752
AT5G41830	0	0.0	0.0	0.0
AT5G47990	0	0.0	0.0	0.0
AT5G50080	0	0.0	0.0	0.0
AT3G24140	11	0.340219	2.450638	3.166950
AT1G05657	0	0.0	0.0	0.0
AT4G01220	23	0.831665	7.660304	9.899384
AT1G09720	0	0.0	0.0	0.0
AT2G36260	0	0.0	0.0	0.0
AT3G46990	10	0.371848	2.596033	3.354844
AT5G66335	0	0.000000	0.000000	0.000000
AT4G14600	12	0.995490	6.949949	8.981396
AT1G05390	0	0.000000	0.000000	0.000000
AT1G64405	4	0.335609	2.343033	3.027893
AT1G04240	7	0.371921	2.753674	3.558563
AT2G27150	68	0.986374	8.038027	10.387515
AT3G44260	9	0.484690	3.383832	4.372915
AT2G09735	0	0.000000	0.000000	0.000000
AT1G77160	0	0.000000	0.000000	0.000000
AT5G01220	109	3.824615	27.350506	35.344967
AT1G80865	0	0.0	0.0	0.0
AT4G30170	0	0.0	0.0	0.0
AT2G34990	0	0.0	0.0	0.0
AT5G14600	22	0.973913	6.834972	8.832811
AT1G02952	0	0.000000	0.000000	0.000000
AT5G35460	97	3.319810	23.719616	30.652779
AT5G35510	3	0.450617	4.294763	5.550107
AT2G19280	11	0.216082	1.744654	2.254610
AT1G34480	0	0.0	0.0	0.0
AT5G43810	56	1.058379	8.235742	10.643021
AT5G24530	163	7.464490	61.562279	79.556725
AT2G40850	10	0.281754	1.967047	2.542009
AT4G13572	10	0.469326	3.276569	4.234299
AT5G48500	45	3.263446	22.783539	29.443089
AT5G61490	0	0.000000	0.000000	0.000000
AT1G58290	788	27.274773	190.417068	246.075317
AT3G01320	38	0.577825	4.167791	5.386023
AT3G06980	497	13.448206	93.887787	121.330864
AT2G33630	37	1.701958	11.882110	15.355210
AT4G25190	0	0.0	0.0	0.0
AT5G44360	0	0.0	0.0	0.0
AT5G49630	77	3.128469	21.841206	28.225315
AT4G35460	46	2.041876	14.255227	18.421982
AT4G35510	24	1.248357	8.715325	11.262784
AT4G24530	16	0.540470	3.912878	5.056599
AT4G09466	0	0.0	0.0	0.0
AT1G52000	39	1.051142	8.303922	10.731131
AT5G25190	0	0.000000	0.000000	0.000000
AT2G39810	49	1.186352	8.282440	10.703369
AT4G30730	0	0.000000	0.000000	0.000000
AT3G61030	0	0.0	0.0	0.0
AT4G08825	0	0.000000	0.000000	0.000000
AT2G09175	0	0.000000	0.000000	0.000000
AT1G33340	13	0.568736	3.970594	5.131185
AT1G05600	10	0.431044	3.372243	4.357938
AT5G54800	35	1.527824	10.666405	13.784159
AT4G15240	46	1.692669	11.817260	15.271404
AT4G14390	0	0.000000	0.000000	0.000000
AT5G08825	0	0.000000	0.000000	0.000000
AT1G60640	123	6.312922	57.169575	73.880043
AT1G08963	1	0.015010	0.104791	0.135421
AT3G01645	0	0.0	0.0	0.0
AT5G15240	15	0.553504	4.572156	5.908582
AT5G67500	979	44.241276	422.348328	545.799316
AT5G14390	17	0.805386	5.622750	7.266262
AT4G32190	35	0.997836	6.966328	9.002562
AT5G06025	0	0.0	0.0	0.0
AT3G15340	0	0.000000	0.000000	0.000000
AT3G18518	0	0.0	0.0	0.0
AT3G14290	73	4.906701	34.255821	44.268677
AT2G27420	0	0.000000	0.000000	0.000000
AT5G22460	13	0.646985	4.797120	6.199300
AT5G22510	68	1.777304	13.707393	17.714016
AT1G74920	86	3.531314	24.653641	31.859818
AT2G09260	0	0.0	0.0	0.0
AT3G44735	61	6.025958	46.558826	60.167809
AT1G27435	53	5.448366	38.037418	49.155624
AT5G00815	0	0.000000	0.000000	0.000000
AT5G52960	128	11.224781	78.365089	101.270935
AT3G16960	0	0.0	0.0	0.0
AT1G07793	0	0.0	0.0	0.0
AT2G16440	18	0.485515	3.389592	4.380358
AT1G05717	0	0.000000	0.000000	0.000000
AT2G03855	2	0.343100	2.395331	3.095478
AT2G08010	0	0.0	0.0	0.0
AT4G22460	0	0.0	0.0	0.0
AT4G22510	23	2.405973	21.205957	27.404387
AT5G52580	45	1.424950	10.296236	13.305790
AT3G16580	0	0.0	0.0	0.0
AT1G69520	0	0.000000	0.000000	0.000000
AT5G51020	5	0.314851	2.198112	2.840613
AT2G23230	0	0.0	0.0	0.0
AT1G06890	59	2.271303	19.227070	24.847076
AT3G03125	0	0.000000	0.000000	0.000000
AT1G32930	0	0.000000	0.000000	0.000000
AT1G54040	29	1.225094	9.744033	12.592179
AT2G07385	0	0.0	0.0	0.0
AT1G48080	0	0.0	0.0	0.0
AT1G08583	0	0.000000	0.000000	0.000000
AT1G76650	5	0.371601	2.675133	3.457065
AT4G12640	21	0.317488	2.264617	2.926557
AT2G26660	46	2.811774	19.630219	25.368065
ATMG01250	0	0.0	0.0	0.0
AT2G38680	11	0.614666	4.501602	5.817405
AT3G22100	0	0.0	0.0	0.0
AT3G56640	0	0.000000	0.000000	0.000000
AT1G11470	0	0.0	0.0	0.0
AT2G04075	0	0.0	0.0	0.0
AT1G50760	0	0.0	0.0	0.0
AT1G08090	0	0.000000	0.000000	0.000000
AT2G07713	0	0.0	0.0	0.0
AT1G08843	0	0.0	0.0	0.0
AT1G64370	260	15.981553	111.574181	144.186935
AT1G55430	0	0.0	0.0	0.0
AT2G05310	348	25.981272	208.107422	268.936523
AT1G13100	0	0.000000	0.000000	0.000000
AT3G55646	89	6.353791	44.358585	57.324444
AT3G06410	48	1.706619	11.914651	15.397263
AT3G06560	0	0.0	0.0	0.0
AT3G18040	38	0.914887	8.188240	10.581635
AT1G76710	13	0.464108	3.809407	4.922883
AT1G34910	0	0.0	0.0	0.0
AT5G07700	2	0.095765	0.690164	0.891896
AT1G67080	15970	551.811646	4440.226074	5738.088379
AT5G52840	139	12.240010	90.186424	116.547615
AT3G16840	99	2.484247	18.930067	24.463259
AT3G48110	163	3.505816	25.523132	32.983456
AT3G03455	0	0.0	0.0	0.0
AT4G00752	22	0.816831	5.807961	7.505608
AT1G06043	0	0.0	0.0	0.0
AT3G29040	0	0.0	0.0	0.0
AT3G27820	159	6.398686	44.672012	57.729492
AT4G20010	58	2.800734	20.144173	26.032244
AT4G19020	31	0.550079	4.088259	5.283243
AT2G41090	1206	62.199356	492.852539	636.911682
AT4G17840	38	1.626903	11.945383	15.436977
AT5G26820	121	4.305493	30.058523	38.844524
AT2G09445	0	0.0	0.0	0.0
AT3G09965	0	0.000000	0.000000	0.000000
AT4G03295	0	0.0	0.0	0.0
AT3G10360	0	0.000000	0.000000	0.000000
AT5G19020	7	0.220626	1.540286	1.990507
AT1G18970	0	0.0	0.0	0.0
AT1G73060	153	2.236157	16.050062	20.741440
AT5G20010	306	16.078999	112.254494	145.066101
AT2G28815	1	0.019542	0.136431	0.176310
AT5G17840	66	5.466316	44.666084	57.721825
AT2G23050	0	0.0	0.0	0.0
AT5G03295	0	0.0	0.0	0.0
AT4G26820	0	0.0	0.0	0.0
AT1G47130	0	0.0	0.0	0.0
AT4G10260	0	0.0	0.0	0.0
AT1G76400	92	3.536780	25.054558	32.377918
AT2G01080	0	0.000000	0.000000	0.000000
AT5G07410	0	0.0	0.0	0.0
AT1G34042	0	0.0	0.0	0.0
AT5G07560	0	0.0	0.0	0.0
AT3G06700	72	6.674591	86.684906	112.022614
AT1G59470	0	0.0	0.0	0.0
AT1G20830	39	2.209399	16.248825	20.998299
AT3G22345	0	0.0	0.0	0.0
AT2G02520	0	0.0	0.0	0.0
AT4G28020	0	0.000000	0.000000	0.000000
AT1G31690	77	2.618905	18.283718	23.627985
AT5G10260	0	0.000000	0.000000	0.000000
AT4G07410	122	2.427997	24.168102	31.232357
AT5G64680	31	2.155018	16.469088	21.282946
AT1G65660	30	1.192661	8.326486	10.760289
ATMG01030	0	0.0	0.0	0.0
AT1G68770	1	0.058609	0.409175	0.528775
AT5G43285	0	0.000000	0.000000	0.000000
AT1G13620	0	0.000000	0.000000	0.000000
AT2G20825	0	0.000000	0.000000	0.000000
AT1G29970	41	1.627719	21.790751	28.160112
AT5G28020	69	2.979642	24.190411	31.261183
AT5G42270	425	13.620082	95.087723	122.881546
AT1G04017	4	1.197425	8.359746	10.803270
AT1G50500	40	0.936569	6.867883	8.875341
AT5G40290	0	0.0	0.0	0.0
AT1G47770	0	0.0	0.0	0.0
AT1G50055	40	3.786651	26.436260	34.163490
AT5G57640	3	0.185497	1.295035	1.673570
AT3G13432	0	0.0	0.0	0.0
AT2G21210	79	4.444365	59.326916	76.667969
AT3G54970	0	0.000000	0.000000	0.000000
AT3G22620	0	0.000000	0.000000	0.000000
AT4G30440	89	3.746702	26.157360	33.803066
AT1G68130	42	0.876796	10.941466	14.139620
AT4G17580	0	0.0	0.0	0.0
AT4G05485	0	0.0	0.0	0.0
AT3G03605	0	0.0	0.0	0.0
AT2G16730	0	0.0	0.0	0.0
AT1G53820	0	0.0	0.0	0.0
AT5G66110	0	0.000000	0.000000	0.000000
AT4G00280	0	0.000000	0.000000	0.000000
AT1G31300	59	2.616156	20.975569	27.106657
AT5G17580	5	0.137166	0.957616	1.237523
AT5G05485	0	0.0	0.0	0.0
AT1G35820	0	0.0	0.0	0.0
AT3G10500	9	0.234179	1.816060	2.346888
AT1G06817	0	0.0	0.0	0.0
AT5G39535	0	0.000000	0.000000	0.000000
AT1G14970	11	0.243777	2.207125	2.852260
AT2G43535	129	6.604565	52.284103	67.566566
AT3G07200	22	1.397293	10.201847	13.183811
AT1G77682	0	0.0	0.0	0.0
AT1G27100	52	1.788478	12.486145	16.135801
AT1G18485	18	0.432651	3.020525	3.903414
AT1G76310	0	0.000000	0.000000	0.000000
AT3G13820	0	0.0	0.0	0.0
AT1G62110	9	0.357392	2.495109	3.224421
AT5G07300	91	3.094364	22.386929	28.930553
AT4G24020	43	0.985645	6.881217	8.892573
AT1G09267	0	0.000000	0.000000	0.000000
AT2G29995	14	1.162447	8.115549	10.487697
AT3G25550	0	0.000000	0.000000	0.000000
AT1G64770	11	0.285313	3.290148	4.251847
AT2G05710	329	7.376368	51.497639	66.550224
ATMG00840	0	0.0	0.0	0.0
AT3G20630	36	1.000350	6.983880	9.025243
AT5G24020	81	4.540408	31.698568	40.963947
AT4G07300	0	0.0	0.0	0.0
AT1G08017	0	0.0	0.0	0.0
AT3G28470	0	0.0	0.0	0.0
AT5G05970	19	0.496586	3.470444	4.484843
AT1G50360	23	0.411860	2.894224	3.740196
AT5G47680	105	6.020144	42.029251	54.314255
AT4G05970	0	0.0	0.0	0.0
AT3G62080	24	0.509676	3.888974	5.025708
AT3G58970	38	1.536648	10.728009	13.863770
AT3G61520	19	0.569802	3.978036	5.140802
ATMG00580	89	0.531824	4.893449	6.323787
AT2G17230	105	4.760387	33.234337	42.948620
AT3G06145	19	1.495902	10.443543	13.496156
AT1G64130	0	0.000000	0.000000	0.000000
AT2G07785	2	0.154094	1.075797	1.390249
AT3G19470	0	0.000000	0.000000	0.000000
AT5G07690	70	3.216638	22.456753	29.020782
AT1G08465	43	2.824980	19.722416	25.487211
AT1G31410	31	0.995066	7.054307	9.116258
AT5G06535	0	0.0	0.0	0.0
AT3G53620	45	2.613021	18.242638	23.574900
AT1G65590	63	2.196830	15.337028	19.819988
AT4G39200	932	83.435608	584.729248	755.643555
AT2G09110	0	0.0	0.0	0.0
AT4G01550	19	0.761175	5.670720	7.328252
AT5G42540	152	3.439819	24.241430	31.327116
AT3G53100	45	1.726693	13.613891	17.593184
AT3G15430	80	2.509672	18.925793	24.457737
AT5G49138	0	0.0	0.0	0.0
AT2G43200	20	0.731822	5.245383	6.778591
AT5G39200	0	0.0	0.0	0.0
AT5G01005	0	0.000000	0.000000	0.000000
AT5G15843	0	0.000000	0.000000	0.000000
AT5G01550	0	0.0	0.0	0.0
AT1G07051	0	0.0	0.0	0.0
AT5G45060	26	0.425894	3.093272	3.997424
AT3G06690	720	23.894951	880.168945	1137.439331
AT1G44080	0	0.0	0.0	0.0
AT5G09930	0	0.000000	0.000000	0.000000
AT1G04583	0	0.000000	0.000000	0.000000
AT1G33430	0	0.000000	0.000000	0.000000
AT1G56840	0	0.0	0.0	0.0
AT4G00870	0	0.0	0.0	0.0
AT5G23580	21	0.910523	6.356758	8.214816
AT1G70480	22	0.836691	6.272094	8.105406
AT5G07145	0	0.000000	0.000000	0.000000
AT3G42130	0	0.0	0.0	0.0
AT2G34680	37	0.487853	3.419479	4.418982
AT4G09930	0	0.0	0.0	0.0
AT1G47370	0	0.000000	0.000000	0.000000
AT2G08075	0	0.0	0.0	0.0
AT5G00870	1	0.003052	0.021307	0.027535
AT4G23580	0	0.000000	0.000000	0.000000
AT4G07145	0	0.0	0.0	0.0
AT3G46680	0	0.0	0.0	0.0
AT1G04090	0	0.0	0.0	0.0
AT2G05400	0	0.0	0.0	0.0
AT4G36930	0	0.000000	0.000000	0.000000
AT5G23840	0	0.0	0.0	0.0
AT2G17050	0	0.0	0.0	0.0
AT1G56580	0	0.000000	0.000000	0.000000
AT1G68370	78	3.346175	23.361105	30.189476
AT5G02890	36	1.803289	13.164069	17.011883
AT2G41515	0	0.000000	0.000000	0.000000
AT1G12294	0	0.000000	0.000000	0.000000
AT5G36930	53	0.885406	6.341957	8.195689
AT3G60960	45	2.136880	15.677533	20.260023
AT4G23840	0	0.000000	0.000000	0.000000
AT3G02955	0	0.0	0.0	0.0
AT3G14040	0	0.0	0.0	0.0
AT3G03795	0	0.000000	0.000000	0.000000
AT3G06300	40	2.160000	15.079901	19.487705
AT4G02890	229	11.065674	85.242561	110.158669
AT3G21970	0	0.0	0.0	0.0
AT1G77210	23	0.750616	6.371168	8.233438
AT3G44110	348	5.168744	106.282692	137.348770
AT5G06200	0	0.0	0.0	0.0
AT1G27620	0	0.0	0.0	0.0
AT5G15090	351	13.637075	143.809296	185.844254
AT5G42880	6	0.106221	1.295496	1.674165
AT2G26590	41	1.629974	16.300753	21.065405
AT3G42770	0	0.0	0.0	0.0
AT2G36110	0	0.0	0.0	0.0
AT1G30920	0	0.0	0.0	0.0
AT4G06200	0	0.0	0.0	0.0
AT1G16640	7	0.614098	4.287286	5.540445
AT3G51470	13	0.495868	3.461871	4.473763
AT4G15090	23	0.516841	3.615455	4.672241
AT3G10760	60	2.375929	16.587397	21.435835
AT5G53048	25	1.440140	13.632013	17.616606
AT3G28140	15	1.050353	7.332972	9.476375
AT4G39952	1	0.027672	0.193190	0.249659
AT1G15825	0	0.000000	0.000000	0.000000
AT1G69250	61	2.399205	17.708294	22.884367
AT5G19530	56	2.618739	18.929529	24.462564
AT4G18600	18	0.196920	1.403974	1.814350
AT2G24280	90	1.820467	12.709473	16.424410
AT1G08240	0	0.0	0.0	0.0
AT3G48260	0	0.0	0.0	0.0
AT5G61750	0	0.0	0.0	0.0
AT2G15830	13	1.397558	9.756962	12.608888
AT1G23000	14	0.587097	4.299901	5.556747
AT4G19530	106	2.130151	14.871512	19.218405
AT3G49010	1116	53.271641	498.761810	644.548157
AT5G18600	106	9.623138	67.183319	86.820770
AT3G06475	0	0.0	0.0	0.0
AT1G19968	0	0.000000	0.000000	0.000000
AT4G29600	0	0.0	0.0	0.0
AT5G28530	11	0.261364	1.890999	2.443731
AT1G55340	70	4.072634	30.182203	39.004360
AT5G44500	1	0.011701	0.112995	0.146022
AT4G32720	108	4.954545	34.669636	44.803452
AT1G54290	33	3.065497	21.401569	27.657177
AT3G45525	0	0.0	0.0	0.0
AT1G26510	2	0.121441	0.847833	1.095651
AT1G26460	50	1.629310	11.374923	14.699774
AT3G19140	0	0.0	0.0	0.0
AT3G60580	1	0.051336	0.358399	0.463158
AT5G48360	40	1.173606	8.193455	10.588374
AT4G11950	0	0.0	0.0	0.0
AT2G02030	0	0.0	0.0	0.0
AT4G28530	0	0.0	0.0	0.0
AT1G07123	0	0.0	0.0	0.0
AT2G37760	4	0.163687	1.231525	1.591496
AT5G11950	67	2.496961	31.413521	40.595585
AT1G56960	0	0.0	0.0	0.0
AT1G09190	3	0.133209	0.929990	1.201823
AT1G06293	0	0.0	0.0	0.0
AT4G04825	0	0.0	0.0	0.0
AT1G76135	0	0.000000	0.000000	0.000000
AT1G07453	0	0.0	0.0	0.0
AT5G53510	0	0.0	0.0	0.0
AT5G53460	311	2.619806	18.383070	23.756378
AT4G23960	0	0.0	0.0	0.0
AT3G60840	8	0.283410	1.978609	2.556949
AT5G58800	31	1.903325	16.920612	21.866449
AT4G18390	180	7.552451	52.726952	68.138855
AT3G29290	36	1.088097	7.715513	9.970731
AT1G55625	0	0.0	0.0	0.0
AT5G67360	197	5.313851	37.098309	47.942017
AT5G04825	0	0.0	0.0	0.0
AT1G04963	0	0.0	0.0	0.0
AT1G73670	38	1.278368	8.924844	11.533545
AT3G05800	22	1.392593	9.722299	12.564093
AT5G18390	11	0.492360	3.437380	4.442114
AT5G23960	0	0.0	0.0	0.0
AT1G70910	0	0.0	0.0	0.0
AT1G49180	29	0.752085	5.437512	7.026878
AT4G29390	0	0.000000	0.000000	0.000000
AT3G18290	80	1.421802	9.926219	12.827620
AT5G26742	1102	26.205832	221.368988	286.074371
AT2G07905	0	0.0	0.0	0.0
AT4G25720	26	1.435037	11.448145	14.794397
AT5G61610	0	0.000000	0.000000	0.000000
AT1G78920	95	1.903453	16.614191	21.470461
AT1G13608	89	4.125581	28.802477	37.221344
AT3G12000	0	0.0	0.0	0.0
AT5G56000	60	1.928220	13.566179	17.531527
AT1G65070	31	0.705779	5.134154	6.634851
AT5G56555	0	0.0	0.0	0.0
AT2G31350	19	0.565234	5.903362	7.628895
AT1G36320	199	9.861129	68.844841	88.967949
AT1G09645	33	2.967816	20.719618	26.775890
AT5G64990	0	0.000000	0.000000	0.000000
AT1G05317	0	0.000000	0.000000	0.000000
AT1G07393	1	0.301887	2.107605	2.723650
AT4G18450	0	0.0	0.0	0.0
AT3G57000	54	3.299378	23.034395	29.767271
AT1G75163	1	0.912500	6.370560	8.232653
AT5G51530	0	0.0	0.0	0.0
AT3G15740	0	0.0	0.0	0.0
AT5G66260	0	0.0	0.0	0.0
AT3G30230	0	0.0	0.0	0.0
AT5G18450	0	0.0	0.0	0.0
AT1G69030	66	4.286530	29.926134	38.673439
AT4G29450	0	0.0	0.0	0.0
ATMG00960	1	0.057190	0.399268	0.515973
AT2G21160	218	14.225595	100.480705	129.850876
AT5G59950	111	5.334335	42.741417	55.234589
AT1G71150	0	0.0	0.0	0.0
AT1G75810	12	0.963164	6.724267	8.689748
AT1G45221	0	0.0	0.0	0.0
AT5G03045	0	0.0	0.0	0.0
AT5G14790	43	1.285061	9.454380	12.217861
AT2G02250	0	0.0	0.0	0.0
AT2G08595	0	0.000000	0.000000	0.000000
AT4G30330	34	3.663435	25.576036	33.051823
AT2G41240	9	0.569577	3.976465	5.138772
AT3G51140	589	27.395580	202.915054	262.226440
AT5G63630	13	0.417040	2.913918	3.765647
AT1G04570	25	0.781847	6.339130	8.192036
AT1G65481	2	0.148936	1.039787	1.343713
AT2G31490	142	18.324717	127.932838	165.327148
AT4G14790	25	0.686010	5.673129	7.331365
AT4G00883	0	0.000000	0.000000	0.000000
AT2G13150	0	0.0	0.0	0.0
AT5G10110	23	1.081017	8.576658	11.083587
AT3G28695	0	0.0	0.0	0.0
AT2G37500	40	1.871437	13.065316	16.884264
AT1G07603	0	0.000000	0.000000	0.000000
AT4G17243	0	0.000000	0.000000	0.000000
AT5G36002	0	0.000000	0.000000	0.000000
AT5G18407	0	0.000000	0.000000	0.000000
AT1G71420	1	0.026793	0.187054	0.241729
AT4G29120	57	3.760430	26.253201	33.926922
AT4G10110	48	4.529009	31.618982	40.861107
AT2G28870	5	0.386961	2.701544	3.491195
AT3G01720	24	0.626442	4.373465	5.651814
AT5G44760	0	0.0	0.0	0.0
AT2G10930	0	0.000000	0.000000	0.000000
AT4G40040	1038	34.438171	322.039795	416.170898
AT5G18120	47	1.460665	10.965790	14.171053
AT5G15570	15	0.669709	4.675531	6.042172
AT5G07475	0	0.000000	0.000000	0.000000
AT4G21800	50	2.209698	15.512617	20.046902
AT2G26070	7	0.413430	2.886335	3.730001
AT1G47655	7	0.530507	3.703701	4.786280
AT2G19870	78	2.809288	19.612864	25.345636
AT5G40040	1	0.102686	0.716896	0.926442
AT1G09320	21	0.762896	5.326109	6.882913
AT1G77885	18	1.331434	9.295321	12.012311
AT4G15570	0	0.000000	0.000000	0.000000
AT2G04665	0	0.0	0.0	0.0
AT1G80180	39	2.724933	19.023943	24.584578
AT1G05790	28	0.754296	5.767504	7.453325
AT1G01190	17	0.735009	5.383525	6.957110
AT1G63010	96	2.024629	18.191235	23.508469
AT1G07025	0	0.0	0.0	0.0
AT4G37720	0	0.0	0.0	0.0
AT3G21290	23	0.431354	3.029461	3.914963
AT2G32760	9	0.251522	1.916418	2.476581
AT5G46315	2	0.093202	0.650684	0.840876
AT5G37720	29	1.035721	12.247197	15.827011
AT3G24982	0	0.000000	0.000000	0.000000
AT3G43250	0	0.0	0.0	0.0
AT5G50110	19	0.994554	8.900416	11.501977
AT3G62735	0	0.0	0.0	0.0
AT4G21390	2	0.047356	0.330613	0.427250
AT5G43350	9	0.331014	2.310953	2.986437
AT1G09087	4	3.301205	23.047150	29.783754
AT2G40310	0	0.0	0.0	0.0
AT3G05120	31	1.259143	8.790627	11.360096
AT3G08570	1	0.002834	0.019785	0.025569
AT5G04105	0	0.0	0.0	0.0
AT1G25220	84	4.167919	30.234699	39.072197
AT2G20430	0	0.0	0.0	0.0
AT5G55570	0	0.000000	0.000000	0.000000
AT5G58120	6	0.128389	0.896340	1.158337
AT3G59695	0	0.000000	0.000000	0.000000
AT5G38392	0	0.0	0.0	0.0
AT1G66500	12	0.556258	3.883480	5.018607
AT5G63830	7	0.328444	2.293011	2.963250
AT1G19565	0	0.000000	0.000000	0.000000
AT2G39350	5	0.131857	0.920551	1.189625
AT4G28950	6	0.342412	2.390527	3.089270
AT1G07803	0	0.000000	0.000000	0.000000
AT1G07527	0	0.000000	0.000000	0.000000
AT3G62260	7	0.220601	2.137262	2.761976
AT5G58450	54	1.100026	7.748961	10.013955
AT1G61250	157	8.106589	62.444786	80.697189
AT3G55740	29	0.960404	8.247499	10.658214
AT5G11530	24	0.414354	3.048095	3.939043
AT4G08740	0	0.0	0.0	0.0
AT5G28950	0	0.0	0.0	0.0
AT3G05450	0	0.0	0.0	0.0
AT2G28670	0	0.000000	0.000000	0.000000
AT3G17000	33	1.632614	11.397990	14.729583
AT1G75750	173	18.188160	126.979462	164.095139
AT4G11530	7	0.207258	1.446958	1.869899
AT2G25760	57	1.289094	10.076055	13.021252
AT5G08740	35	1.274483	8.914113	11.519678
AT4G21600	0	0.0	0.0	0.0
AT3G19895	14	0.451269	3.285031	4.245234
AT3G01513	0	0.0	0.0	0.0
AT1G32220	138	7.561295	52.788692	68.218651
AT3G53342	0	0.0	0.0	0.0
AT1G23935	10	0.169125	1.203746	1.555597
AT4G00355	68	2.516643	27.074259	34.987972
AT4G19950	5	0.266471	1.860350	2.404124
AT2G04865	39	1.038786	7.323847	9.464582
AT2G32235	0	0.000000	0.000000	0.000000
AT5G54790	0	0.0	0.0	0.0
AT3G63180	26	0.613704	4.284535	5.536890
AT5G62360	80	6.622798	46.236637	59.751450
AT5G19950	5	0.191955	1.513492	1.955880
AT2G19670	37	1.881976	13.138895	16.979349
AT4G13460	49	1.374912	9.831621	12.705370
AT4G13510	92	3.463200	24.178108	31.245287
AT5G21120	0	0.0	0.0	0.0
AT5G58390	27	1.520057	10.612180	13.714085
AT4G18800	31	2.061381	14.391399	18.597958
AT1G15625	0	0.0	0.0	0.0
AT5G45280	42	1.705181	13.010137	16.812954
AT5G13460	34	1.418507	10.309751	13.323256
AT3G04240	63	1.302904	10.173942	13.147750
AT3G05390	0	0.000000	0.000000	0.000000
AT5G13510	473	45.307522	316.311554	408.768311
AT1G79420	0	0.000000	0.000000	0.000000
AT4G21120	0	0.000000	0.000000	0.000000
AT2G10550	0	0.0	0.0	0.0
AT5G18800	115	11.788114	85.158577	110.050148
AT3G09720	58	0.814645	5.719611	7.391434
AT2G15630	1	0.034499	0.240853	0.311253
AT5G65420	7	0.255446	2.724980	3.521482
AT2G08180	0	0.000000	0.000000	0.000000
AT1G24140	0	0.0	0.0	0.0
AT5G16000	52	1.566045	11.008670	14.226466
AT2G25055	0	0.000000	0.000000	0.000000
AT3G52000	0	0.0	0.0	0.0
AT2G25500	0	0.0	0.0	0.0
AT2G46480	0	0.0	0.0	0.0
AT1G66235	0	0.0	0.0	0.0
AT4G29800	0	0.000000	0.000000	0.000000
AT5G04340	3	0.171648	1.198349	1.548623
AT5G05290	0	0.0	0.0	0.0
AT5G49152	0	0.000000	0.000000	0.000000
AT2G07768	0	0.000000	0.000000	0.000000
AT4G16000	21	1.565175	10.927169	14.121142
AT4G16555	0	0.0	0.0	0.0
AT1G06980	5	0.353224	2.466011	3.186817
AT1G72545	0	0.000000	0.000000	0.000000
AT1G01320	519	6.586574	47.883583	61.879787
AT3G58290	0	0.0	0.0	0.0
AT4G04340	274	6.563756	49.492176	63.958576
AT5G03480	0	0.000000	0.000000	0.000000
AT5G58600	34	1.396196	11.108931	14.356032
AT3G60640	0	0.000000	0.000000	0.000000
AT1G66760	18	0.515118	4.851958	6.270169
AT4G04625	0	0.000000	0.000000	0.000000
AT2G18160	177	11.448416	79.926384	103.288589
AT5G59530	0	0.000000	0.000000	0.000000
AT4G03480	0	0.0	0.0	0.0
AT3G05600	10	0.514463	3.675216	4.749469
AT1G73870	25	1.133255	7.911747	10.224323
AT5G04625	0	0.0	0.0	0.0
AT1G61030	24	0.642737	4.487227	5.798828
AT5G43490	0	0.000000	0.000000	0.000000
AT4G21450	105	4.885980	41.853737	54.087440
AT5G61810	176	7.101010	50.209198	64.885178
AT1G16960	17	1.344699	10.197588	13.178308
AT5G51950	0	0.000000	0.000000	0.000000
AT1G79150	122	3.407955	23.792418	30.746861
AT2G32500	124	8.441302	59.647980	77.082878
AT3G59140	32	0.511504	3.571032	4.614833
ATCG00160	225	25.310127	176.701035	228.350143
AT3G51895	20	0.455760	3.357303	4.338631
AT2G39490	0	0.0	0.0	0.0
AT1G14290	79	2.962893	23.702309	30.630413
AT1G15340	83	3.604702	25.165995	32.521931
AT4G33240	40	0.482420	3.692551	4.771871
AT1G67110	0	0.000000	0.000000	0.000000
AT3G48080	26	0.760850	5.476790	7.077637
AT2G04034	0	0.0	0.0	0.0
AT1G05203	0	0.000000	0.000000	0.000000
AT3G54040	6	0.362211	2.597332	3.356523
AT3G32930	103	5.863070	50.893173	65.769073
AT2G06675	0	0.0	0.0	0.0
AT5G06955	0	0.000000	0.000000	0.000000
AT3G06890	3	0.266586	1.861153	2.405162
AT4G02300	0	0.0	0.0	0.0
AT2G28355	0	0.0	0.0	0.0
AT5G42504	0	0.0	0.0	0.0
AT2G24060	149	7.763589	54.883900	70.926277
AT1G74050	343	10.215097	170.822357	220.753143
AT4G06955	1	0.146881	1.025440	1.325173
AT2G03130	0	0.0	0.0	0.0
AT3G08090	0	0.0	0.0	0.0
AT2G34880	0	0.0	0.0	0.0
AT3G50760	7	0.327586	2.287020	2.955509
AT5G46770	0	0.0	0.0	0.0
AT3G11470	14	0.520548	4.504750	5.821474
AT4G00670	0	0.000000	0.000000	0.000000
AT1G22100	0	0.0	0.0	0.0
AT3G46880	0	0.000000	0.000000	0.000000
AT2G20740	55	3.252033	25.324253	32.726440
AT5G55090	1	0.046735	0.326277	0.421647
AT5G03910	112	4.057428	28.326674	36.606461
AT2G14210	0	0.0	0.0	0.0
AT1G31817	54	3.347244	23.368568	30.199121
AT3G02200	208	9.171041	68.329178	88.301559
AT2G03770	0	0.000000	0.000000	0.000000
AT3G25930	0	0.0	0.0	0.0
AT5G02690	0	0.000000	0.000000	0.000000
AT5G08430	0	0.000000	0.000000	0.000000
AT2G34540	0	0.000000	0.000000	0.000000
AT1G18040	22	0.952059	7.226631	9.338949
AT1G04643	0	0.000000	0.000000	0.000000
AT1G06560	0	0.000000	0.000000	0.000000
AT1G06410	132	2.856135	20.863016	26.961203
AT4G02690	0	0.0	0.0	0.0
AT4G08430	0	0.0	0.0	0.0
AT3G46540	75	2.849406	28.428141	36.737591
AT2G46910	79	5.414954	37.804153	48.854179
AT3G13100	5	0.074260	0.518441	0.669980
AT3G55430	24	0.961934	6.715680	8.678651
AT4G23640	72	1.931535	13.484887	17.426474
AT1G45238	0	0.000000	0.000000	0.000000
AT5G42680	15	0.853198	6.593889	8.521260
AT1G27820	0	0.0	0.0	0.0
AT1G29040	33	1.439394	12.011798	15.522805
AT5G64270	93	1.600173	11.171505	14.436897
AT2G33233	0	0.0	0.0	0.0
AT4G39955	0	0.000000	0.000000	0.000000
AT5G46130	0	0.0	0.0	0.0
AT2G39675	73	5.841958	40.785255	52.706646
AT1G48110	64	1.620963	11.815702	15.269393
AT1G16840	60	2.318493	25.105997	32.444393
AT5G50335	18	2.012950	14.053280	18.161007
AT3G47130	0	0.0	0.0	0.0
AT1G06617	0	0.0	0.0	0.0
AT4G33465	0	0.000000	0.000000	0.000000
AT1G74230	74	3.168824	23.278055	30.082150
AT5G02145	0	0.0	0.0	0.0
AT1G35620	111	5.079565	35.956623	46.466618
AT5G66080	7	0.247818	1.869768	2.416295
AT3G18970	0	0.000000	0.000000	0.000000
AT1G10360	0	0.000000	0.000000	0.000000
AT2G30000	13	1.420028	9.913835	12.811614
AT2G35635	123	6.861538	57.180305	73.893913
AT2G24615	0	0.0	0.0	0.0
AT5G36550	0	0.0	0.0	0.0
AT3G29970	0	0.0	0.0	0.0
AT3G02535	3	0.304288	2.124367	2.745312
AT5G47540	30	1.298002	9.616948	12.427950
AT3G13620	0	0.000000	0.000000	0.000000
AT1G06973	0	0.0	0.0	0.0
ATMG00640	7	0.887737	6.197679	8.009239
AT4G36550	26	0.651050	4.833751	6.246639
AT3G20830	10	0.416572	2.908271	3.758348
AT1G06700	64	2.069862	16.440569	21.246092
AT3G59470	21	0.903749	6.309465	8.153701
AT1G03395	0	0.000000	0.000000	0.000000
AT2G45020	0	0.0	0.0	0.0
AT4G31200	23	0.600197	4.335514	5.602769
AT4G09005	0	0.0	0.0	0.0
AT1G22620	161	1.922119	13.419150	17.341522
AT5G47880	41	1.240292	9.649580	12.470119
AT2G01110	163	7.539978	52.639874	68.026329
AT4G09550	51	3.725047	40.717278	52.618797
AT1G54970	0	0.0	0.0	0.0
AT2G05850	0	0.0	0.0	0.0
AT2G35658	1	0.088744	0.624671	0.807260
AT1G72210	0	0.000000	0.000000	0.000000
AT5G09005	0	0.000000	0.000000	0.000000
AT5G09550	0	0.0	0.0	0.0
AT3G47770	0	0.0	0.0	0.0
AT3G50500	163	7.462952	52.738247	68.153458
AT1G04187	3	1.589552	11.097355	14.341074
AT1G24470	3	0.120288	0.854465	1.104222
AT5G01930	38	1.797989	12.552545	16.221611
AT1G40390	0	0.0	0.0	0.0
AT2G24755	35	0.351765	6.677932	8.629869
AT5G07890	16	0.580206	4.245837	5.486880
AT3G04515	0	0.0	0.0	0.0
AT2G04945	0	0.0	0.0	0.0
AT5G20180	54	4.283266	35.230545	45.528313
AT4G01930	0	0.0	0.0	0.0
AT2G38270	118	8.117343	56.670708	73.235359
AT3G53820	0	0.0	0.0	0.0
AT4G13245	0	0.0	0.0	0.0
AT1G06757	5	1.136764	7.936245	10.255982
AT3G07955	0	0.0	0.0	0.0
AT4G40011	0	0.0	0.0	0.0
AT5G26620	0	0.0	0.0	0.0
AT3G27100	26	1.250764	10.315777	13.331042
AT1G65113	0	0.0	0.0	0.0
AT1G78230	40	1.229175	8.890865	11.489635
AT1G51913	0	0.0	0.0	0.0
AT1G07200	19	0.359902	2.620279	3.386178
AT3G29639	0	0.000000	0.000000	0.000000
AT3G14970	0	0.0	0.0	0.0
AT4G17640	82	4.293845	30.277775	39.127865
AT4G26620	54	2.052556	14.329788	18.518335
AT1G53345	5	0.271910	1.898322	2.453195
AT2G42395	9	0.738202	5.153710	6.660121
AT1G10500	10	0.852513	5.951765	7.691445
AT5G17640	17	0.591714	4.131013	5.338494
AT3G43520	67	4.953575	34.583065	44.691578
AT1G20630	0	0.000000	0.000000	0.000000
AT1G33102	0	0.0	0.0	0.0
AT1G25550	125	5.262018	38.613037	49.899494
AT2G37925	1	0.109145	0.761989	0.984716
AT5G57580	74	2.337945	16.322214	21.093140
AT2G03370	0	0.0	0.0	0.0
AT2G20625	0	0.000000	0.000000	0.000000
AT3G62110	81	2.771870	19.351631	25.008049
AT1G13820	71	3.871321	27.027380	34.927387
AT3G18485	0	0.0	0.0	0.0
AT1G65860	45	2.073818	14.478227	18.710163
AT5G64880	31	2.358437	16.465277	21.278021
AT1G07257	0	0.0	0.0	0.0
AT2G20340	21	0.845610	6.129330	7.920913
AT1G61520	5268	259.280609	2243.353760	2899.078369
AT1G06497	0	0.0	0.0	0.0
AT5G59020	0	0.000000	0.000000	0.000000
AT1G62080	0	0.0	0.0	0.0
AT5G57840	4	0.163062	1.289283	1.666136
AT3G22820	0	0.000000	0.000000	0.000000
AT3G17225	1	0.086085	0.600997	0.776666
AT5G50175	0	0.0	0.0	0.0
AT3G50360	51	3.822412	26.685925	34.486130
AT5G46370	0	0.0	0.0	0.0
AT1G28470	0	0.0	0.0	0.0
AT5G64540	0	0.0	0.0	0.0
AT4G02700	11	0.364988	2.627701	3.395769
AT2G03821	0	0.0	0.0	0.0
AT1G53620	0	0.0	0.0	0.0
AT2G28755	0	0.0	0.0	0.0
AT1G32550	89	6.347631	46.301716	59.835545
AT3G46270	0	0.0	0.0	0.0
AT3G31560	0	0.0	0.0	0.0
AT5G50260	0	0.0	0.0	0.0
AT3G08515	0	0.000000	0.000000	0.000000
AT2G08945	0	0.0	0.0	0.0
AT3G08465	0	0.0	0.0	0.0
AT3G03805	0	0.0	0.0	0.0
AT5G02700	0	0.0	0.0	0.0
AT1G19470	0	0.0	0.0	0.0
AT2G34270	0	0.000000	0.000000	0.000000
AT3G44080	0	0.0	0.0	0.0
AT1G06690	96	4.360301	33.131046	42.815136
AT4G05040	29	0.763336	5.505763	7.115078
AT1G06357	0	0.0	0.0	0.0
AT5G02410	52	1.997115	13.942730	18.018143
AT5G02560	18	0.932908	6.840048	8.839370
AT3G58040	32	0.965049	8.065493	10.423008
AT5G60000	0	0.0	0.0	0.0
ATCG00210	3	2.377778	16.600306	21.452517
AT2G36080	16	0.372630	6.596284	8.524355
AT1G20923	0	0.000000	0.000000	0.000000
AT1G15430	13	0.458066	4.281519	5.532992
AT2G29210	101	2.592426	18.956650	24.497614
AT1G53100	0	0.000000	0.000000	0.000000
AT2G04041	0	0.0	0.0	0.0
AT4G02410	12	0.373571	2.608062	3.370389
AT2G28060	35	2.242892	15.658607	20.235563
AT4G02560	35	0.846388	5.909003	7.636185
AT5G05040	0	0.000000	0.000000	0.000000
AT1G78050	0	0.000000	0.000000	0.000000
AT3G04090	109	6.692724	46.724823	60.382328
AT2G38880	31	1.498444	17.313389	22.374033
AT4G12840	0	0.000000	0.000000	0.000000
AT1G76850	165	3.489041	24.371439	31.495127
AT2G26860	19	0.801861	6.016357	7.774918
AT3G47370	255	22.263737	185.997559	240.364014
AT2G19060	0	0.0	0.0	0.0
AT2G18210	7	0.534860	3.734091	4.825552
AT3G56840	20	0.923119	6.784524	8.767617
AT5G12840	30	1.474246	10.370524	13.401793
AT3G27999	0	0.0	0.0	0.0
AT3G45900	45	1.826043	12.748402	16.474716
AT5G04430	279	8.760630	76.489861	98.847595
AT4G11020	0	0.0	0.0	0.0
AT2G38540	1287	123.694710	863.566650	1115.984253
AT1G14040	0	0.000000	0.000000	0.000000
AT4G18203	0	0.000000	0.000000	0.000000
AT4G12580	7	0.735736	6.760676	8.736798
AT3G01965	0	0.0	0.0	0.0
AT4G33090	149	3.828765	26.730276	34.543446
AT2G24683	0	0.000000	0.000000	0.000000
AT1G60960	9	0.328836	2.659983	3.437487
AT1G08643	7	3.779528	26.386532	34.099224
AT4G13575	216	3.238621	43.126846	55.732677
AT5G11020	12	0.391922	3.364961	4.348528
AT2G42455	0	0.0	0.0	0.0
AT3G56580	38	1.877805	13.109776	16.941717
AT1G10760	324	5.098975	35.824184	46.295471
AT2G09080	0	0.0	0.0	0.0
AT4G26100	46	0.736339	5.199815	6.719703
AT1G51470	0	0.0	0.0	0.0
AT3G16640	1343	106.155128	741.115234	957.740662
AT5G52640	12	0.209541	1.572980	2.032757
AT5G26100	0	0.0	0.0	0.0
AT3G27620	0	0.000000	0.000000	0.000000
AT2G11815	0	0.0	0.0	0.0
AT1G44110	32	1.368623	9.554954	12.347834
AT1G21970	0	0.0	0.0	0.0
AT1G06475	1	0.019479	0.135991	0.175741
AT1G49010	50	2.915743	20.356073	26.306082
AT3G23000	89	4.269231	29.805361	38.517368
AT5G54390	51	2.413814	16.851887	21.777636
AT5G55240	0	0.0	0.0	0.0
AT4G14800	0	0.000000	0.000000	0.000000
AT5G00755	3	2.518072	17.579756	22.718262
AT1G05857	0	0.0	0.0	0.0
AT5G62760	7	0.123059	1.508786	1.949799
AT1G48260	6	0.155374	1.130448	1.460874
AT1G52343	0	0.0	0.0	0.0
AT3G08240	0	0.000000	0.000000	0.000000
AT5G14800	72	3.700324	27.736532	35.843826
AT1G30050	0	0.0	0.0	0.0
AT4G00755	32	1.374449	10.736702	13.875002
AT1G28140	219	7.553053	57.540756	74.359718
AT3G56960	0	0.000000	0.000000	0.000000
AT5G12960	0	0.000000	0.000000	0.000000
AT2G45530	27	2.044240	14.271730	18.443308
AT2G33830	108	7.651474	64.067574	82.794304
AT5G43610	0	0.0	0.0	0.0
AT1G75350	481	45.241459	315.850342	408.172333
AT2G17920	0	0.0	0.0	0.0
AT2G25360	0	0.0	0.0	0.0
AT2G40650	50	2.517812	17.577942	22.715916
AT5G08340	0	0.000000	0.000000	0.000000
AT5G40970	38	1.845490	12.884170	16.650169
AT3G01585	0	0.0	0.0	0.0
AT4G12960	0	0.0	0.0	0.0
AT1G60580	0	0.0	0.0	0.0
AT1G19140	12	0.554855	4.082171	5.275376
AT2G39610	0	0.0	0.0	0.0
AT3G26460	3	0.249402	1.741184	2.250126
AT2G26940	0	0.0	0.0	0.0
AT3G26510	50	1.548899	11.355983	14.675297
AT1G48175	9	0.315990	2.947520	3.809070
AT3G54290	14	0.648170	4.525157	5.847845
AT3G55340	38	1.455162	10.159121	13.128596
AT3G02025	0	0.000000	0.000000	0.000000
AT1G09463	0	0.000000	0.000000	0.000000
AT1G09513	0	0.000000	0.000000	0.000000
AT5G49830	73	1.835025	13.614505	17.593979
AT2G44190	22	0.871936	6.087365	7.866681
AT3G45252	0	0.0	0.0	0.0
AT5G54600	900	71.427803	498.668610	644.427734
AT1G05800	0	0.0	0.0	0.0
AT2G39750	12	0.382320	2.669142	3.449324
AT4G08625	0	0.000000	0.000000	0.000000
AT2G14160	0	0.0	0.0	0.0
AT1G29290	1	0.051336	0.358399	0.463158
AT3G01845	0	0.0	0.0	0.0
AT5G42990	9	0.905906	6.324525	8.173162
AT5G43750	154	12.277445	85.714188	110.768158
AT4G21790	109	2.854426	35.585705	45.987286
AT1G58983	472	30.832485	215.255005	278.173340
AT1G60840	1	0.366197	2.556581	3.303861
AT2G40710	7	0.765962	5.347514	6.910574
AT3G09190	14	0.729349	5.091903	6.580249
AT4G02980	43	2.340292	18.980247	24.528109
AT3G11415	0	0.0	0.0	0.0
AT2G32360	0	0.0	0.0	0.0
AT1G12000	107	4.032732	28.154259	36.383652
AT5G37320	0	0.0	0.0	0.0
AT5G02980	0	0.0	0.0	0.0
AT5G03975	0	0.000000	0.000000	0.000000
AT1G67260	3	0.074581	0.610757	0.789279
AT4G37320	10	0.342536	2.391393	3.090389
AT1G14518	0	0.000000	0.000000	0.000000
AT1G18290	0	0.0	0.0	0.0
AT3G49180	29	1.533956	10.709216	13.839482
AT4G25585	0	0.0	0.0	0.0
AT1G72275	3	0.117524	0.879549	1.136638
AT1G30230	620	32.268581	275.153625	355.580048
AT2G35420	8	0.612994	4.279578	5.530484
AT1G73280	0	0.0	0.0	0.0
AT2G01175	0	0.000000	0.000000	0.000000
AT2G44320	0	0.0	0.0	0.0
AT1G15740	59	2.031407	14.182138	18.327528
AT1G57000	0	0.0	0.0	0.0
AT5G25585	0	0.0	0.0	0.0
AT1G35435	0	0.0	0.0	0.0
AT1G28305	0	0.0	0.0	0.0
AT1G80010	23	0.690138	4.818154	6.226484
AT3G09645	0	0.000000	0.000000	0.000000
AT5G36220	0	0.000000	0.000000	0.000000
AT5G10080	0	0.000000	0.000000	0.000000
AT3G04570	0	0.0	0.0	0.0
AT1G51140	2	0.086187	0.601709	0.777586
AT5G08105	0	0.0	0.0	0.0
AT2G40400	166	4.281836	34.016209	43.959030
AT4G36220	131	5.226908	36.491322	47.157612
AT2G01260	41	1.315833	10.368724	13.399467
AT4G10080	104	5.199123	36.297344	46.906933
AT3G13435	0	0.0	0.0	0.0
AT1G72160	97	3.834579	27.911236	36.069595
AT1G66360	0	0.0	0.0	0.0
AT5G27460	24	1.154768	8.061938	10.418416
AT3G45780	1082	23.736149	175.076035	226.250183
AT5G27510	0	0.0	0.0	0.0
AT4G24950	0	0.0	0.0	0.0
AT3G18915	0	0.000000	0.000000	0.000000
AT5G54450	0	0.0	0.0	0.0
AT1G01720	15	0.620039	4.784427	6.182899
AT2G06065	0	0.0	0.0	0.0
AT2G22420	0	0.000000	0.000000	0.000000
AT4G04740	41	0.747915	7.381186	9.538681
AT4G13095	0	0.0	0.0	0.0
AT4G37190	12	0.434597	3.221270	4.162835
AT5G24950	0	0.0	0.0	0.0
AT2G24670	0	0.000000	0.000000	0.000000
AT4G27460	0	0.000000	0.000000	0.000000
AT4G27510	0	0.000000	0.000000	0.000000
AT5G57960	46	1.216795	11.290119	14.590183
AT2G01735	7	0.299517	2.319352	2.997290
AT5G09220	71	2.786909	20.527451	26.527557
AT5G45870	0	0.0	0.0	0.0
AT1G28695	0	0.0	0.0	0.0
AT5G37190	46	0.806961	8.228690	10.633908
AT5G04740	85	2.835582	25.151117	32.502705
AT3G05790	0	0.000000	0.000000	0.000000
AT4G03292	0	0.0	0.0	0.0
AT4G25845	0	0.000000	0.000000	0.000000
AT4G00060	19	0.269955	1.954439	2.525715
AT3G09320	18	0.783418	5.469382	7.068064
AT1G75490	0	0.0	0.0	0.0
AT5G41630	0	0.0	0.0	0.0
AT5G62500	20	1.031208	7.199313	9.303647
AT2G35150	0	0.0	0.0	0.0
AT2G08865	0	0.000000	0.000000	0.000000
AT5G58790	7	0.438998	3.642271	4.706894
AT4G01516	0	0.0	0.0	0.0
AT3G59415	0	0.0	0.0	0.0
AT2G31810	80	2.938710	20.563799	26.574526
AT1G09010	60	1.453545	10.382652	13.417465
AT4G06655	0	0.0	0.0	0.0
AT1G08260	0	0.000000	0.000000	0.000000
AT5G57070	9	0.255913	1.786640	2.308869
AT5G39715	0	0.0	0.0	0.0
AT3G48240	0	0.000000	0.000000	0.000000
AT3G01595	0	0.000000	0.000000	0.000000
AT1G60590	13	0.469238	3.298672	4.262863
AT2G06975	0	0.0	0.0	0.0
AT2G44180	55	1.786179	15.322890	19.801718
AT5G06655	0	0.0	0.0	0.0
AT3G54280	67	0.759614	5.404566	6.984303
AT2G05530	0	0.0	0.0	0.0
AT1G55360	108	4.456477	31.112610	40.206715
AT5G54380	49	1.176257	8.211963	10.612291
AT5G00970	0	0.0	0.0	0.0
AT3G19160	0	0.0	0.0	0.0
AT5G48340	17	0.531432	3.994826	5.162500
AT4G09830	75	6.287671	43.896973	56.727905
AT1G26440	15	0.608199	4.306443	5.565201
AT5G03610	34	1.787234	12.477459	16.124578
AT1G17420	14	0.316076	2.499836	3.230529
AT4G00970	28	0.902399	6.626137	8.562934
AT1G56940	0	0.0	0.0	0.0
AT2G37740	0	0.0	0.0	0.0
AT2G04190	0	0.0	0.0	0.0
AT1G25422	2	0.134058	0.935917	1.209483
AT5G09830	38	5.448276	38.036789	49.154812
AT2G46750	0	0.0	0.0	0.0
AT4G03610	0	0.000000	0.000000	0.000000
AT1G33500	0	0.0	0.0	0.0
AT4G02990	80	3.043458	21.462944	27.736488
AT2G46610	0	0.000000	0.000000	0.000000
AT1G33055	0	0.000000	0.000000	0.000000
AT1G17150	0	0.0	0.0	0.0
AT3G02855	0	0.000000	0.000000	0.000000
AT4G23940	41	0.965228	6.866284	8.873275
AT3G60860	61	0.777760	5.429882	7.017017
AT5G53440	53	0.951414	6.642236	8.583738
AT2G35343	0	0.000000	0.000000	0.000000
AT5G67340	0	0.000000	0.000000	0.000000
AT5G03750	0	0.0	0.0	0.0
AT5G02990	0	0.0	0.0	0.0
AT4G36830	7	0.287388	2.839999	3.670121
AT5G23940	75	3.075462	21.471142	27.747082
AT1G18280	0	0.0	0.0	0.0
AT3G49190	6	0.245151	1.711506	2.211773
AT3G20550	32	1.711096	12.557648	16.228205
AT1G04943	0	0.0	0.0	0.0
AT5G06715	0	0.0	0.0	0.0
AT3G15055	0	0.0	0.0	0.0
AT2G07669	1	0.020990	0.146540	0.189374
AT1G62570	21	0.699050	5.096008	6.585554
AT1G30820	67	2.121164	14.808770	19.137323
AT2G39975	0	0.000000	0.000000	0.000000
AT4G38030	0	0.000000	0.000000	0.000000
AT3G15500	0	0.0	0.0	0.0
AT3G07405	0	0.0	0.0	0.0
AT4G06715	0	0.0	0.0	0.0
AT1G29280	0	0.0	0.0	0.0
AT4G21780	0	0.0	0.0	0.0
AT5G42980	991	76.540321	534.361328	690.553284
AT1G11545	36	1.709281	15.448814	19.964449
AT1G05027	0	0.0	0.0	0.0
AT3G09180	37	1.578075	11.017229	14.237528
AT3G21870	11	0.889625	6.210860	8.026273
AT2G08720	0	0.0	0.0	0.0
AT5G38030	0	0.0	0.0	0.0
AT5G10090	0	0.000000	0.000000	0.000000
AT1G59885	0	0.0	0.0	0.0
AT1G09665	0	0.0	0.0	0.0
AT4G06405	0	0.0	0.0	0.0
AT2G46567	0	0.000000	0.000000	0.000000
AT1G36942	0	0.0	0.0	0.0
AT2G35935	0	0.000000	0.000000	0.000000
AT1G14870	7	0.469780	3.658300	4.727609
AT4G10090	21	0.744341	6.250864	8.077970
AT1G24256	0	0.0	0.0	0.0
AT3G07715	0	0.0	0.0	0.0
AT1G06917	0	0.0	0.0	0.0
AT3G15760	25	1.956436	13.658732	17.651133
AT5G06405	0	0.0	0.0	0.0
AT5G66240	76	1.992369	14.342633	18.534935
AT3G18670	0	0.000000	0.000000	0.000000
AT2G27000	0	0.0	0.0	0.0
AT3G49645	0	0.000000	0.000000	0.000000
AT1G73290	0	0.0	0.0	0.0
AT3G44570	0	0.0	0.0	0.0
AT2G21140	147	8.800150	61.437679	79.395706
ATMG00940	0	0.0	0.0	0.0
AT5G03065	0	0.0	0.0	0.0
AT1G52150	59	1.298536	9.275703	11.986959
AT3G51160	82	3.744804	26.144108	33.785942
AT3G13920	896	27.912077	258.956604	334.648743
AT2G41260	0	0.0	0.0	0.0
AT2G36570	24	0.736476	5.141660	6.644549
AT3G29670	7	0.311712	2.176197	2.812292
AT1G06673	0	0.0	0.0	0.0
AT1G33760	0	0.0	0.0	0.0
AT2G05205	0	0.000000	0.000000	0.000000
AT2G09570	0	0.000000	0.000000	0.000000
AT1G52420	69	1.971295	13.762469	17.785192
AT3G05780	0	0.0	0.0	0.0
AT4G05870	0	0.0	0.0	0.0
AT2G33220	132	8.446054	86.874573	112.267708
AT1G22920	55	2.630620	19.528177	25.236198
AT5G58780	0	0.000000	0.000000	0.000000
AT5G49220	30	1.142648	7.977323	10.309068
AT3G21352	0	0.0	0.0	0.0
AT5G44740	0	0.000000	0.000000	0.000000
AT5G05870	10	0.424485	2.963515	3.829740
AT1G54670	0	0.0	0.0	0.0
AT4G36791	0	0.0	0.0	0.0
AT4G40060	36	1.749084	12.211118	15.780385
AT5G38250	0	0.0	0.0	0.0
AT3G45790	0	0.0	0.0	0.0
AT3G10430	0	0.0	0.0	0.0
AT4G01630	0	0.0	0.0	0.0
AT4G37180	35	1.457364	11.490110	14.848630
AT4G10843	0	0.0	0.0	0.0
AT3G49320	0	0.000000	0.000000	0.000000
AT3G07655	0	0.0	0.0	0.0
AT4G12070	4	0.150769	1.053666	1.361649
AT1G03905	7	0.290909	2.145556	2.772694
AT5G40060	18	0.346413	2.418460	3.125368
AT4G22115	0	0.0	0.0	0.0
AT5G01630	16	0.310956	2.259325	2.919718
AT4G38250	0	0.000000	0.000000	0.000000
AT5G37180	0	0.000000	0.000000	0.000000
AT5G12070	0	0.0	0.0	0.0
AT3G56070	107	6.709804	54.197990	70.039879
AT2G04645	0	0.0	0.0	0.0
AT1G28685	0	0.000000	0.000000	0.000000
AT4G19710	140	3.393801	24.359779	31.480059
AT4G20720	17	0.462389	3.228139	4.171713
AT1G11210	15	0.955810	6.672926	8.623400
AT3G53365	0	0.000000	0.000000	0.000000
AT5G57590	0	0.000000	0.000000	0.000000
AT1G47200	89	7.102102	49.582870	64.075775
AT5G53170	168	4.565395	33.101933	42.777515
AT5G20720	789	53.334492	392.982849	507.850372
AT5G19710	0	0.0	0.0	0.0
AT1G60070	93	2.266830	15.825728	20.451534
AT3G01075	0	0.0	0.0	0.0
AT5G64890	0	0.0	0.0	0.0
AT3G03520	11	0.384433	3.041937	3.931085
AT2G04842	133	3.957367	31.304995	40.455338
AT1G31880	0	0.000000	0.000000	0.000000
AT1G21060	0	0.000000	0.000000	0.000000
AT3G22050	0	0.0	0.0	0.0
AT5G01747	0	0.0	0.0	0.0
AT2G37430	0	0.0	0.0	0.0
AT5G39370	0	0.0	0.0	0.0
AT4G28710	68	1.021253	7.129812	9.213832
AT1G26730	0	0.000000	0.000000	0.000000
AT1G09247	0	0.000000	0.000000	0.000000
AT2G43370	4	0.179692	1.421602	1.837131
AT1G75910	0	0.0	0.0	0.0
AT5G59850	531	50.073200	349.582825	451.764679
AT4G39370	6	0.198836	1.536816	1.986023
ATMG00860	0	0.0	0.0	0.0
AT1G13050	7	0.145491	2.426475	3.135725
AT5G28650	0	0.0	0.0	0.0
AT4G29035	0	0.0	0.0	0.0
AT2G28970	0	0.0	0.0	0.0
AT1G50340	0	0.0	0.0	0.0
AT4G06370	0	0.0	0.0	0.0
AT5G53730	3	0.159913	1.116422	1.442749
AT4G28650	15	0.337205	2.354175	3.042292
AT4G28397	0	0.0	0.0	0.0
AT3G06165	0	0.0	0.0	0.0
AT5G06370	22	1.157444	9.188302	11.874012
AT4G16835	0	0.0	0.0	0.0
AT3G06270	14	0.514111	3.589233	4.638353
AT5G21900	0	0.000000	0.000000	0.000000
AT5G19650	2	0.153040	1.068439	1.380740
AT2G19970	5	0.397408	2.774478	3.585449
AT1G06487	0	0.000000	0.000000	0.000000
AT1G26170	31	0.654190	4.702381	6.076871
AT2G23620	0	0.000000	0.000000	0.000000
AT3G48515	0	0.0	0.0	0.0
AT1G68200	4	0.165252	1.335898	1.726376
AT5G51400	86	3.965638	40.734016	52.640430
AT4G34520	0	0.0	0.0	0.0
AT4G21900	17	0.562314	4.216291	5.448699
AT5G42700	9	0.511319	4.245907	5.486971
AT4G19650	17	0.455582	3.387895	4.378165
AT1G31540	58	0.921972	6.601360	8.530914
AT2G38890	0	0.0	0.0	0.0
AT3G04080	22	0.688190	4.804554	6.208909
AT5G10570	0	0.000000	0.000000	0.000000
AT4G07270	0	0.0	0.0	0.0
AT5G22330	50	1.661783	15.262278	19.723389
AT2G47520	0	0.0	0.0	0.0
AT5G51710	35	1.215190	8.483771	10.963548
AT1G21738	0	0.000000	0.000000	0.000000
AT5G42560	25	1.294730	9.509281	12.288812
AT5G42410	0	0.0	0.0	0.0
AT4G10570	39	0.866478	6.151937	7.950126
AT4G22330	60	3.258242	22.747206	29.396137
AT1G58060	32	0.529951	3.699819	4.781263
AT5G07270	41	1.393585	10.454267	13.510014
AT2G23100	3	0.080591	0.562641	0.727099
AT5G45040	37	3.144755	27.154747	35.091988
AT1G56860	0	0.0	0.0	0.0
AT1G06680	5177	305.639771	2140.121826	2765.672119
AT3G44090	0	0.0	0.0	0.0
AT5G11850	24	0.543709	3.964018	5.122686
AT3G07370	23	1.220520	8.520983	11.011636
AT5G15110	0	0.0	0.0	0.0
AT5G07165	0	0.0	0.0	0.0
AT4G11850	60	1.462200	10.208256	13.192094
AT2G16575	0	0.0	0.0	0.0
AT2G36090	2	0.130677	0.912313	1.178979
AT1G02130	66	4.694594	32.775005	42.355030
AT3G22230	590	44.428432	310.174225	400.837097
AT4G15110	118	4.397107	30.698122	39.671074
AT4G07165	0	0.000000	0.000000	0.000000
AT5G23860	111	4.754424	33.192707	42.894821
AT2G09090	0	0.000000	0.000000	0.000000
AT1G70810	34	2.387954	18.672569	24.130497
AT5G28400	22	0.256339	1.789614	2.312712
AT1G04863	0	0.0	0.0	0.0
AT3G05900	127	4.295966	29.992012	38.758572
AT5G44430	55	8.020073	55.991623	72.357788
AT5G04925	0	0.0	0.0	0.0
AT5G35330	29	1.317889	9.612307	12.421950
AT1G08327	0	0.0	0.0	0.0
AT2G41445	0	0.0	0.0	0.0
AT5G24310	6	0.165969	1.926520	2.489635
AT5G58900	67	2.840849	19.833204	25.630383
AT2G02455	0	0.000000	0.000000	0.000000
AT3G14060	0	0.0	0.0	0.0
AT4G23860	87	2.976465	25.586334	33.065132
AT3G60940	0	0.000000	0.000000	0.000000
AT5G63550	78	2.889148	20.198620	26.102608
AT4G28400	37	1.676589	15.729712	20.327454
AT1G76020	28	1.441967	13.076809	16.899115
AT1G13230	0	0.0	0.0	0.0
AT4G04925	8	0.721535	5.037351	6.509750
AT4G24310	0	0.0	0.0	0.0
AT5G18255	19	0.790363	5.517869	7.130723
AT2G21470	90	2.702192	20.618448	26.645151
AT5G19400	143	2.802560	20.279835	26.207561
AT1G02770	0	0.0	0.0	0.0
AT4G12590	91	5.772111	40.297623	52.076477
AT2G24693	0	0.0	0.0	0.0
AT1G78820	91	3.930556	27.440926	35.461811
AT4G33080	54	1.799397	12.922072	16.699150
AT3G24210	0	0.0	0.0	0.0
AT4G18255	0	0.0	0.0	0.0
AT5G51650	0	0.0	0.0	0.0
AT2G07805	0	0.000000	0.000000	0.000000
AT4G19400	10	1.026327	7.165236	9.259610
AT3G10740	56	1.258303	9.707874	12.545453
AT3G56590	113	2.568182	27.022896	34.921597
AT1G04110	13	0.405889	2.833688	3.661965
AT2G34890	0	0.0	0.0	0.0
AT4G20645	0	0.0	0.0	0.0
AT3G08080	0	0.0	0.0	0.0
AT1G09577	0	0.0	0.0	0.0
AT5G42300	275	15.384386	107.405106	138.799240
AT5G39130	0	0.0	0.0	0.0
AT1G27050	28	2.250255	15.710011	20.301992
AT3G46890	2	0.116751	0.815090	1.053337
AT1G54060	46	2.075921	14.492909	18.729137
AT4G39130	0	0.0	0.0	0.0
AT5G55080	0	0.0	0.0	0.0
AT2G43130	168	12.666982	88.433716	114.282593
AT3G53230	0	0.000000	0.000000	0.000000
AT2G26640	36	1.419728	9.911739	12.808908
AT5G53330	75	6.003932	44.656555	57.709518
AT2G39910	0	0.000000	0.000000	0.000000
AT3G48090	119	3.702862	25.851294	33.407539
AT1G62515	0	0.000000	0.000000	0.000000
AT5G06770	29	0.983983	7.316182	9.454677
AT3G56660	0	0.000000	0.000000	0.000000
AT3G06880	61	0.991545	7.479938	9.666299
AT2G40950	22	0.662773	4.627107	5.979595
AT1G16590	0	0.000000	0.000000	0.000000
AT5G40670	105	5.859046	40.904552	52.860813
AT5G67430	0	0.0	0.0	0.0
AT5G43910	8	0.308593	2.632560	3.402048
AT2G17620	0	0.000000	0.000000	0.000000
AT4G06770	5	0.968674	6.762735	8.739460
AT1G50740	27	0.435461	11.870675	15.340432
AT1G26330	8	0.147998	1.044618	1.349957
AT2G43770	45	2.520362	17.595745	22.738922
AT5G24400	47	2.566390	17.917088	23.154190
AT1G08863	0	0.000000	0.000000	0.000000
AT5G57015	30	1.157741	8.082694	10.445238
AT5G48430	4	0.191004	1.333482	1.723254
AT5G42690	0	0.000000	0.000000	0.000000
AT5G08925	0	0.0	0.0	0.0
AT1G31270	3	0.267726	1.869112	2.415447
AT4G39770	39	2.006515	15.258655	19.718706
AT1G04327	0	0.0	0.0	0.0
AT5G28310	0	0.000000	0.000000	0.000000
AT5G54900	90	4.590501	33.555935	43.364220
AT3G18060	113	3.666396	25.596708	33.078537
AT3G06540	28	0.974428	7.189985	9.291593
AT4G24400	34	1.371385	9.574236	12.372753
AT5G39770	0	0.0	0.0	0.0
AT4G08925	0	0.000000	0.000000	0.000000
AT4G28310	38	3.478004	24.281462	31.378849
AT3G19210	0	0.000000	0.000000	0.000000
AT3G20220	0	0.000000	0.000000	0.000000
AT5G20320	23	0.312082	2.243770	2.899617
AT2G03955	0	0.0	0.0	0.0
AT5G19310	27	0.536967	3.881008	5.015413
AT2G02795	0	0.000000	0.000000	0.000000
AT4G06130	1	0.024519	0.171178	0.221213
AT3G16860	2	0.053995	0.376963	0.487148
AT5G02680	11	0.417259	3.087268	3.989666
AT5G52860	18	0.649577	4.534980	5.860539
AT1G74820	0	0.000000	0.000000	0.000000
AT3G28210	0	0.000000	0.000000	0.000000
AT5G06130	71	3.298411	24.559929	31.738714
AT4G20320	10	0.214835	1.810740	2.340013
AT4G03675	0	0.000000	0.000000	0.000000
AT1G06063	0	0.0	0.0	0.0
AT4G02680	45	0.987879	6.896813	8.912729
AT1G57835	0	0.000000	0.000000	0.000000
AT3G29060	0	0.000000	0.000000	0.000000
AT1G08110	91	5.517926	45.498840	58.797997
AT4G17860	0	0.000000	0.000000	0.000000
AT4G05815	5	0.982431	6.858779	8.863577
AT4G22265	0	0.000000	0.000000	0.000000
AT3G53050	0	0.0	0.0	0.0
AT3G07130	0	0.000000	0.000000	0.000000
AT2G16245	0	0.000000	0.000000	0.000000
AT3G10340	22	0.620500	4.331981	5.598204
AT2G09465	1	0.000006	0.000042	0.000054
AT3G09945	0	0.0	0.0	0.0
AT2G09515	0	0.0	0.0	0.0
AT5G17860	1	0.034128	0.238262	0.307906
AT5G05815	0	0.0	0.0	0.0
AT1G73040	0	0.000000	0.000000	0.000000
AT1G02370	19	0.735650	5.135893	6.637097
AT5G01155	9	1.456411	10.167840	13.139865
AT5G07540	0	0.0	0.0	0.0
AT4G10240	0	0.0	0.0	0.0
AT3G50825	2	1.061728	7.412386	9.579000
AT4G35730	15	0.660441	4.610826	5.958555
AT5G22170	0	0.0	0.0	0.0
AT1G05035	4	0.710744	4.962014	6.412393
AT4G24710	5	0.176158	1.347557	1.741443
AT5G66090	49	3.848152	26.865625	34.718357
AT1G65640	0	0.000000	0.000000	0.000000
AT5G10240	32	1.152527	8.061240	10.417514
AT2G25169	0	0.000000	0.000000	0.000000
AT4G22170	0	0.0	0.0	0.0
AT5G35730	44	1.875268	13.092063	16.918829
AT1G08727	25	4.129609	28.830601	37.257687
AT5G24710	69	1.172782	8.187702	10.580939
AT5G57660	145	7.400895	51.668873	66.771507
AT5G07880	0	0.000000	0.000000	0.000000
AT2G41110	136	11.759223	85.435768	110.408348
AT4G20190	0	0.0	0.0	0.0
AT5G24650	99	7.041815	49.161980	63.531857
AT3G51210	0	0.0	0.0	0.0
AT2G24970	30	1.940000	13.543985	17.502846
AT5G30510	909	45.748741	319.391876	412.749054
AT1G69795	0	0.0	0.0	0.0
AT2G33550	9	0.488510	3.410501	4.407379
AT2G45850	64	2.387669	17.375412	22.454184
AT5G49550	20	2.524752	17.626392	22.778528
AT1G77470	0	0.000000	0.000000	0.000000
AT5G20190	314	13.157397	91.857529	118.707161
AT4G24650	0	0.0	0.0	0.0
AT3G07770	120	2.969359	21.939043	28.351749
AT4G30460	6	0.482162	3.366183	4.350107
AT4G30510	12	0.514954	4.304307	5.562440
AT2G07724	0	0.0	0.0	0.0
AT5G47890	87	7.527056	52.549660	67.909744
AT1G05537	0	0.0	0.0	0.0
AT2G14692	0	0.0	0.0	0.0
AT4G22730	6	0.168916	1.181510	1.526862
AT5G35170	198	5.351251	42.684109	55.160526
AT5G38520	156	7.597070	54.230328	70.081665
AT5G01425	0	0.0	0.0	0.0
AT2G01918	46	2.155410	16.004488	20.682545
AT1G04445	0	0.000000	0.000000	0.000000
AT1G64200	30	1.544137	13.369679	17.277592
AT4G35170	0	0.000000	0.000000	0.000000
AT4G38520	80	2.477025	19.283068	24.919443
AT5G22730	16	0.593795	4.350971	5.622744
AT5G14035	0	0.0	0.0	0.0
AT5G51310	0	0.0	0.0	0.0
AT1G04197	0	0.0	0.0	0.0
AT1G43605	0	0.000000	0.000000	0.000000
AT3G12420	0	0.0	0.0	0.0
AT1G09097	0	0.0	0.0	0.0
AT5G56420	15	0.603297	4.445492	5.744894
AT4G06315	1	0.168539	1.176644	1.520573
AT4G26920	0	0.0	0.0	0.0
AT4G21380	234	5.893443	41.144695	53.171146
AT2G08320	0	0.0	0.0	0.0
AT1G18870	12	0.422582	3.064096	3.959721
AT5G26920	12	0.382480	2.685402	3.470336
AT1G23150	10	0.748473	5.225416	6.752788
AT3G09865	1	0.183722	1.282643	1.657556
AT3G03250	286	9.774137	83.692482	108.155518
AT4G17940	26	1.849477	12.912004	16.686140
AT3G14670	0	0.0	0.0	0.0
AT5G04937	0	0.0	0.0	0.0
AT2G47030	0	0.0	0.0	0.0
AT3G48570	40	2.325959	24.937088	32.226112
AT1G50430	134	6.527761	45.573143	58.894016
AT1G29870	0	0.0	0.0	0.0
AT1G01180	6	0.301511	2.104980	2.720258
AT2G07792	0	0.0	0.0	0.0
AT5G03350	920	69.362015	484.246460	625.790039
AT3G21280	31	1.140213	8.945530	11.560278
AT3G06215	0	0.0	0.0	0.0
AT4G03350	0	0.0	0.0	0.0
AT1G20930	18	1.000718	6.986448	9.028563
AT1G16070	0	0.000000	0.000000	0.000000
AT1G76530	0	0.000000	0.000000	0.000000
AT2G37340	79	3.650609	31.411469	40.592934
AT3G54870	0	0.000000	0.000000	0.000000
AT1G55760	12	0.460540	3.475044	4.490788
AT5G54780	7	0.240471	1.678833	2.169550
AT3G45450	0	0.0	0.0	0.0
AT5G48740	14	0.372433	2.600117	3.360122
AT3G01010	0	0.0	0.0	0.0
AT1G02405	0	0.0	0.0	0.0
AT3G63190	312	18.124546	134.030136	173.206680
AT1G62240	0	0.000000	0.000000	0.000000
AT3G26085	0	0.000000	0.000000	0.000000
AT4G28775	0	0.0	0.0	0.0
AT4G05612	0	0.0	0.0	0.0
AT1G23420	0	0.0	0.0	0.0
AT3G12150	19	0.772465	5.435760	7.024614
AT1G11160	0	0.000000	0.000000	0.000000
AT4G34250	32	1.185361	8.275522	10.694428
AT1G53920	33	1.360441	10.164440	13.135470
AT5G56150	38	2.270929	19.840578	25.639910
AT4G04423	0	0.000000	0.000000	0.000000
AT2G08645	0	0.0	0.0	0.0
AT2G36240	28	1.273044	8.887674	11.485512
AT3G03030	10	0.376416	2.627924	3.396057
AT3G57150	466	16.463070	114.935867	148.531219
AT2G47250	125	3.376144	27.514257	35.556580
AT3G24160	211	8.866064	69.910767	90.345444
AT1G04260	19	1.178710	8.229088	10.634422
AT5G05280	0	0.0	0.0	0.0
AT2G46490	30	2.799762	19.546358	25.259691
AT3G30345	0	0.0	0.0	0.0
AT1G06990	0	0.0	0.0	0.0
AT1G77140	19	0.608260	4.439132	5.736675
AT3G45390	0	0.0	0.0	0.0
AT3G44240	0	0.0	0.0	0.0
AT3G49720	113	7.147751	54.402664	70.304375
AT3G58280	0	0.0	0.0	0.0
AT2G07599	0	0.000000	0.000000	0.000000
AT5G58380	27	1.035856	7.231762	9.345581
AT4G32010	25	0.501043	3.710941	4.795635
AT1G55500	69	1.894349	15.042614	19.439518
AT5G45290	31	0.904940	6.760557	8.736645
AT5G44340	777	34.587925	241.473389	312.055206
AT1G71000	0	0.0	0.0	0.0
AT5G66570	4490	238.175735	1662.808594	2148.841797
AT4G15735	0	0.0	0.0	0.0
AT3G05380	22	0.402927	3.182543	4.112790
AT4G35440	26	0.490342	3.512214	4.538822
AT2G08190	0	0.000000	0.000000	0.000000
AT1G53633	0	0.000000	0.000000	0.000000
AT1G34810	0	0.0	0.0	0.0
AT5G43480	0	0.000000	0.000000	0.000000
AT4G15260	10	0.435579	3.040967	3.929831
AT4G07215	0	0.0	0.0	0.0
AT2G13555	0	0.000000	0.000000	0.000000
AT4G27654	0	0.0	0.0	0.0
AT1G33360	26	0.635856	4.534833	5.860350
AT5G59616	0	0.0	0.0	0.0
AT5G63220	49	2.611781	20.158365	26.050587
AT3G45600	94	5.814376	43.811394	56.617313
AT1G14280	55	2.436737	17.011923	21.984449
AT2G39480	38	0.581656	4.263290	5.509436
AT5G15260	21	0.864343	7.366804	9.520096
AT3G01665	0	0.0	0.0	0.0
AT4G10465	0	0.0	0.0	0.0
AT1G60660	47	3.824490	26.700432	34.504875
AT5G18525	27	0.385102	2.756850	3.562668
AT5G15175	0	0.0	0.0	0.0
AT3G27920	0	0.000000	0.000000	0.000000
AT3G15360	552	37.778252	263.746429	340.838623
AT3G07315	0	0.000000	0.000000	0.000000
AT5G03490	9	0.357945	2.498970	3.229410
AT1G21670	39	1.234180	8.616348	11.134877
AT4G25010	0	0.0	0.0	0.0
AT3G63320	0	0.0	0.0	0.0
AT5G22440	336	22.396667	172.140442	222.456497
AT4G34030	24	0.865904	6.045253	7.812260
AT2G09240	0	0.0	0.0	0.0
AT4G03490	0	0.000000	0.000000	0.000000
AT3G57420	26	0.701646	4.898496	6.330310
AT4G22440	0	0.0	0.0	0.0
AT5G25010	7	0.357542	2.496157	3.225775
AT2G16510	157	7.666463	53.522915	69.167488
AT3G16940	33	0.589577	5.259123	6.796346
AT2G16460	20	1.148618	8.019003	10.362929
AT1G12064	0	0.0	0.0	0.0
AT5G52940	2	0.096000	0.670218	0.866120
